_id,permit_number,permit_type,permit_type_definition,permit_creation_date,block,lot,street_number,street_name,street_suffix,description,status,status_date,filed_date,issued_date,permit_expiration_date,estimated_cost,revised_cost,existing_use,proposed_use,plansets,supervisor_district,neighborhoods_analysis_boundaries,zipcode,location,record_id,unit,number_of_existing_stories,number_of_proposed_stories,existing_units,proposed_units,existing_construction_type,existing_construction_type_description,proposed_construction_type,proposed_construction_type_description,completed_date,structural_notification,site_permit,street_number_suffix,first_construction_document_date,unit_suffix
5ea1d72ceabbc96ff8ab01f1,2.01E+11,8,otc alterations permit,2007-01-02T00:00:00.000,7062,39,151,Caine,Av,reroofing.,issued,2007-01-02T00:00:00.000,2007-01-02T00:00:00.000,2007-01-02T00:00:00.000,2007-05-02T00:00:00.000Z,1800,1800,1 family dwelling,1 family dwelling,0,11,Oceanview/Merced/Ingleside,94112,"{'latitude': '37.71561123366462', 'longitude': '-122.45164319371077', 'human_address': '{""address"": """", ""city"": """", ""state"": """", ""zip"": """"}'}",1.08E+12,,,,,,,,,,,,,,,
5ea1d72ceabbc96ff8ab01f2,M52523,8,otc alterations permit,2007-01-02T00:00:00.000,1261,15,862,Shrader,St,street space permit only.,issued,2007-01-02T00:00:00.000,2007-01-02T00:00:00.000,2007-01-02T00:00:00.000,,,0,,,,5,Haight Ashbury,94117,"{'latitude': '37.76675934137657', 'longitude': '-122.45104895161684', 'human_address': '{""address"": """", ""city"": """", ""state"": """", ""zip"": """"}'}",1.08E+11,,,,,,,,,,,,,,,
5ea1d72ceabbc96ff8ab01f3,M52363,8,otc alterations permit,2007-01-02T00:00:00.000,5615,101,190,Coleridge,St,streetspace,issued,2007-01-02T00:00:00.000,2007-01-02T00:00:00.000,2007-01-02T00:00:00.000,,,0,,,,9,Bernal Heights,94110,"{'latitude': '37.74334516006968', 'longitude': '-122.42062266393302', 'human_address': '{""address"": """", ""city"": """", ""state"": """", ""zip"": """"}'}",1.08E+12,,,,,,,,,,,,,,,
5ea1d72ceabbc96ff8ab01f4,M52302,8,otc alterations permit,2007-01-02T00:00:00.000,305,36,620,Jones,St,street space,issued,2007-01-02T00:00:00.000,2007-01-02T00:00:00.000,2007-01-02T00:00:00.000,,,0,,,,3,Tenderloin,94102,"{'latitude': '37.78716029095172', 'longitude': '-122.41288961192863', 'human_address': '{""address"": """", ""city"": """", ""state"": """", ""zip"": """"}'}",1.08E+12,,,,,,,,,,,,,,,
5ea1d72ceabbc96ff8ab01f5,M52303,8,otc alterations permit,2007-01-02T00:00:00.000,579,5,2140,Pacific,Av,street space,issued,2007-01-02T00:00:00.000,2007-01-02T00:00:00.000,2007-01-02T00:00:00.000,,,0,,,,2,Pacific Heights,94115,"{'latitude': '37.79415354566644', 'longitude': '-122.43056248329931', 'human_address': '{""address"": """", ""city"": """", ""state"": """", ""zip"": """"}'}",1.08E+12,0,,,,,,,,,,,,,,
5ea1d72ceabbc96ff8ab01f6,2.01E+11,8,otc alterations permit,2007-01-02T00:00:00.000,3722,82,125,03rd,St,"renew 200503167704, 200504190318, 200505132374 for final inspection",expired,2009-01-06T00:00:00.000,2007-01-02T00:00:00.000,2007-01-02T00:00:00.000,2007-05-02T00:00:00.000Z,1,1,apartments,apartments,0,6,Financial District/South Beach,94105,"{'latitude': '37.78629133947409', 'longitude': '-122.40137524914559', 'human_address': '{""address"": """", ""city"": """", ""state"": """", ""zip"": """"}'}",1.08E+12,,40,40,361,361,1,constr type 1,1,constr type 1,,,,,,
5ea1d72ceabbc96ff8ab01f7,2.01E+11,8,otc alterations permit,2007-01-02T00:00:00.000,261,18,345,California,St,add 2 smoke detectors - one inside elevator lobby one outside of elevator lobby (north) due to addition of won door (33rd floor),expired,2011-07-28T00:00:00.000,2007-01-02T00:00:00.000,2007-01-02T00:00:00.000,2007-07-02T00:00:00.000Z,6000,6000,office,office,2,3,Financial District/South Beach,94104,"{'latitude': '37.79264572504777', 'longitude': '-122.40043673900044', 'human_address': '{""address"": """", ""city"": """", ""state"": """", ""zip"": """"}'}",1.08E+11,,36,36,0,0,1,constr type 1,1,constr type 1,,,,,,
5ea1d72ceabbc96ff8ab01f8,2.01E+11,8,otc alterations permit,2007-01-02T00:00:00.000,261,19,345,California,St,add 2 smoke detectors - one inside elevator lobby one outside of elevator lobby (north) due to addition of won door (33rd floor),expired,2011-07-28T00:00:00.000,2007-01-02T00:00:00.000,2007-01-02T00:00:00.000,2007-07-02T00:00:00.000Z,6000,6000,office,office,2,3,Financial District/South Beach,94104,"{'latitude': '37.79264572504777', 'longitude': '-122.40043673900044', 'human_address': '{""address"": """", ""city"": """", ""state"": """", ""zip"": """"}'}",1.08E+11,,36,36,0,0,1,constr type 1,1,constr type 1,,,,,,
5ea1d72ceabbc96ff8ab01f9,2.01E+11,8,otc alterations permit,2007-01-02T00:00:00.000,261,20,345,California,St,add 2 smoke detectors - one inside elevator lobby one outside of elevator lobby (north) due to addition of won door (33rd floor),expired,2011-07-28T00:00:00.000,2007-01-02T00:00:00.000,2007-01-02T00:00:00.000,2007-07-02T00:00:00.000Z,6000,6000,office,office,2,3,Financial District/South Beach,94104,"{'latitude': '37.79264572504777', 'longitude': '-122.40043673900044', 'human_address': '{""address"": """", ""city"": """", ""state"": """", ""zip"": """"}'}",1.08E+11,,36,36,0,0,1,constr type 1,1,constr type 1,,,,,,
5ea1d72ceabbc96ff8ab01fa,2.01E+11,8,otc alterations permit,2007-01-02T00:00:00.000,7001,35,154,Beverly,St,retro fit 8 windows in kind. white vinyl. no structural changes. 4 visable from the street. window trim detail to remain as is.,complete,2007-04-16T00:00:00.000,2007-01-02T00:00:00.000,2007-01-02T00:00:00.000,2007-05-02T00:00:00.000Z,4000,4000,1 family dwelling,1 family dwelling,0,11,Oceanview/Merced/Ingleside,94132,"{'latitude': '37.7188721275952', 'longitude': '-122.47136997293713', 'human_address': '{""address"": """", ""city"": """", ""state"": """", ""zip"": """"}'}",1.08E+12,,2,2,1,1,5,wood frame (5),5,wood frame (5),2007-04-16T00:00:00.000,,,,,
5ea1d72ceabbc96ff8ab01fb,2.01E+11,8,otc alterations permit,2007-01-02T00:00:00.000,3722,82,125,03rd,St,"renew 2000/09/18/0806, 2001/10/17/1094, 2002/01/17/7180",complete,2007-08-01T00:00:00.000,2007-01-02T00:00:00.000,2007-01-02T00:00:00.000,2007-05-02T00:00:00.000Z,1,1,apartments,apartments,0,6,Financial District/South Beach,94105,"{'latitude': '37.78629133947409', 'longitude': '-122.40137524914559', 'human_address': '{""address"": """", ""city"": """", ""state"": """", ""zip"": """"}'}",1.08E+12,,40,40,361,361,1,constr type 1,1,constr type 1,2007-08-01T00:00:00.000,,,,,
5ea1d72ceabbc96ff8ab01fc,2.01E+11,8,otc alterations permit,2007-01-02T00:00:00.000,3713,6,1,Market,St,"install pre-action detection on 39th floor mdf room, no increase in office space",complete,2007-05-15T00:00:00.000,2007-01-02T00:00:00.000,2007-01-02T00:00:00.000,2007-05-02T00:00:00.000Z,3000,3000,office,office,2,6,Financial District/South Beach,94105,"{'latitude': '37.79381892740162', 'longitude': '-122.39479728741493', 'human_address': '{""address"": """", ""city"": """", ""state"": """", ""zip"": """"}'}",1.08E+12,,43,43,0,0,1,constr type 1,1,constr type 1,2007-05-15T00:00:00.000,,,,,
5ea1d72ceabbc96ff8ab01fd,2.01E+11,8,otc alterations permit,2007-01-02T00:00:00.000,290,11,1,Bush,St,"6th floor-fire alarm t.i. adding the following: 5 smoke detectors, 4 door holders & 13 speaker strobe.",complete,2007-02-23T00:00:00.000,2007-01-02T00:00:00.000,2007-01-02T00:00:00.000,2007-07-02T00:00:00.000Z,7000,7000,office,office,2,3,Financial District/South Beach,94104,"{'latitude': '37.79085084403596', 'longitude': '-122.40010383030618', 'human_address': '{""address"": """", ""city"": """", ""state"": """", ""zip"": """"}'}",1.08E+12,0,19,19,0,0,1,constr type 1,1,constr type 1,2007-02-23T00:00:00.000,,,,,
5ea1d72ceabbc96ff8ab01fe,2.01E+11,8,otc alterations permit,2007-01-02T00:00:00.000,3722,82,125,03rd,St,"renew 2002/09/19/6884, 2004/0226/7207, 2004/03/31/0069 for final inspection",complete,2007-08-01T00:00:00.000,2007-01-02T00:00:00.000,2007-01-02T00:00:00.000,2007-05-02T00:00:00.000Z,1,1,apartments,apartments,0,6,Financial District/South Beach,94105,"{'latitude': '37.78629133947409', 'longitude': '-122.40137524914559', 'human_address': '{""address"": """", ""city"": """", ""state"": """", ""zip"": """"}'}",1.08E+12,,40,40,361,361,1,constr type 1,1,constr type 1,2007-08-01T00:00:00.000,,,,,
5ea1d72ceabbc96ff8ab01ff,2.01E+11,8,otc alterations permit,2007-01-02T00:00:00.000,1439,4,321,07th,Av,"installation of new fire alarm system (1) facp (2) smokes, (1) heat (1) pull (13) mini horns (4) horn/strobes cost per contract supplied.",complete,2007-08-31T00:00:00.000,2007-01-02T00:00:00.000,2007-01-02T00:00:00.000,2007-07-02T00:00:00.000Z,7500,7500,apartments,apartments,2,1,Inner Richmond,94118,"{'latitude': '37.78239595227128', 'longitude': '-122.46578583891869', 'human_address': '{""address"": """", ""city"": """", ""state"": """", ""zip"": """"}'}",1.08E+11,,3,3,3,3,5,wood frame (5),5,wood frame (5),2007-08-31T00:00:00.000,,,,,
5ea1d72ceabbc96ff8ab0200,2.01E+11,8,otc alterations permit,2007-01-02T00:00:00.000,1439,4,323,07th,Av,"installation of new fire alarm system (1) facp (2) smokes, (1) heat (1) pull (13) mini horns (4) horn/strobes cost per contract supplied.",complete,2007-08-31T00:00:00.000,2007-01-02T00:00:00.000,2007-01-02T00:00:00.000,2007-07-02T00:00:00.000Z,7500,7500,apartments,apartments,2,1,Inner Richmond,94118,"{'latitude': '37.78239595227128', 'longitude': '-122.46578583891869', 'human_address': '{""address"": """", ""city"": """", ""state"": """", ""zip"": """"}'}",1.08E+12,,3,3,3,3,5,wood frame (5),5,wood frame (5),2007-08-31T00:00:00.000,,,,,
5ea1d72ceabbc96ff8ab0201,2.01E+11,8,otc alterations permit,2007-01-02T00:00:00.000,341,7,34,Mason,St,monitor water flow & tamper by adding communicator to (e) local control panel.,expired,2008-02-08T00:00:00.000,2007-01-02T00:00:00.000,2007-01-02T00:00:00.000,2007-05-02T00:00:00.000Z,3000,3000,food/beverage hndlng,food/beverage hndlng,2,6,Tenderloin,94102,"{'latitude': '37.78397622014096', 'longitude': '-122.4089810343802', 'human_address': '{""address"": """", ""city"": """", ""state"": """", ""zip"": """"}'}",1.08E+11,,3,3,0,0,3,constr type 3,3,constr type 3,,,,,,
5ea1d72ceabbc96ff8ab0202,2.01E+11,8,otc alterations permit,2007-01-02T00:00:00.000,3722,82,125,03rd,St,"renew 200505162566, 200509263863, 200510115286 for final inspection",complete,2007-08-01T00:00:00.000,2007-01-02T00:00:00.000,2007-01-02T00:00:00.000,2007-05-02T00:00:00.000Z,1,1,apartments,apartments,0,6,Financial District/South Beach,94105,"{'latitude': '37.78629133947409', 'longitude': '-122.40137524914559', 'human_address': '{""address"": """", ""city"": """", ""state"": """", ""zip"": """"}'}",1.08E+12,,40,40,361,361,1,constr type 1,1,constr type 1,2007-08-01T00:00:00.000,,,,,
5ea1d72ceabbc96ff8ab0203,2.01E+11,8,otc alterations permit,2007-01-02T00:00:00.000,239,13,456,Montgomery,St,renew pa#200605091152 & #200605302782 for final inspection.,complete,2007-03-05T00:00:00.000,2007-01-02T00:00:00.000,2007-01-02T00:00:00.000,2007-05-02T00:00:00.000Z,1,1,office,office,0,3,Financial District/South Beach,94104,"{'latitude': '37.79356646218892', 'longitude': '-122.40268591053162', 'human_address': '{""address"": """", ""city"": """", ""state"": """", ""zip"": """"}'}",1.08E+11,,26,26,0,0,1,constr type 1,1,constr type 1,2007-03-05T00:00:00.000,,,,,
5ea1d72ceabbc96ff8ab0204,2.01E+11,8,otc alterations permit,2007-01-02T00:00:00.000,694,4,1001,Polk,St,"install 1 horn/strobe, relocate 2 strobes (2nd floor)",expired,2011-02-08T00:00:00.000,2007-01-02T00:00:00.000,2007-01-02T00:00:00.000,2007-05-02T00:00:00.000Z,2500,2500,office,office,2,6,Tenderloin,94109,"{'latitude': '37.78611645043707', 'longitude': '-122.42004904856013', 'human_address': '{""address"": """", ""city"": """", ""state"": """", ""zip"": """"}'}",1.08E+12,,4,4,0,0,3,constr type 3,3,constr type 3,,,,,,
5ea1d72ceabbc96ff8ab0205,M52322,8,otc alterations permit,2007-01-02T00:00:00.000,3164,20,634,Miramar,Av,street space & sidewalk repair,issued,2007-01-02T00:00:00.000,2007-01-02T00:00:00.000,2007-01-02T00:00:00.000,,,0,,,,7,West of Twin Peaks,94112,"{'latitude': '37.72830187664554', 'longitude': '-122.45790841607504', 'human_address': '{""address"": """", ""city"": """", ""state"": """", ""zip"": """"}'}",1.08E+12,,,,,,,,,,,,,,,
5ea1d72ceabbc96ff8ab0206,2.01E+11,8,otc alterations permit,2007-01-02T00:00:00.000,2075,6,1883,38th,Av,"renew 200604128795, 200604128797",complete,2007-01-08T00:00:00.000,2007-01-02T00:00:00.000,2007-01-02T00:00:00.000,2007-05-02T00:00:00.000Z,1,1,1 family dwelling,1 family dwelling,0,4,Sunset/Parkside,94122,"{'latitude': '37.75181600453339', 'longitude': '-122.49696967238347', 'human_address': '{""address"": """", ""city"": """", ""state"": """", ""zip"": """"}'}",1.08E+12,,2,2,1,1,5,wood frame (5),5,wood frame (5),2007-01-08T00:00:00.000,,,,,
5ea1d72ceabbc96ff8ab0207,2.01E+11,8,otc alterations permit,2007-01-02T00:00:00.000,1527,12,447,17th,Av,to comply with nov# 200679730. this application is to legalize an already (e) storage room. reoom was constructed underneath (e) permitted sunroom. foundation corner posts & ceiling were already there. construction required to close in walls.,expired,2011-03-29T00:00:00.000,2007-01-02T00:00:00.000,2007-01-02T00:00:00.000,2007-05-02T00:00:00.000Z,5000,5000,1 family dwelling,1 family dwelling,2,1,Outer Richmond,94121,"{'latitude': '37.77950712193683', 'longitude': '-122.4764256256765', 'human_address': '{""address"": """", ""city"": """", ""state"": """", ""zip"": """"}'}",1.08E+12,,3,3,1,1,5,wood frame (5),5,wood frame (5),,,,,,
5ea1d72ceabbc96ff8ab0208,2.01E+11,8,otc alterations permit,2007-01-02T00:00:00.000,6524,23,2973,Folsom,St,reroofing,expired,2009-05-21T00:00:00.000,2007-01-02T00:00:00.000,2007-01-02T00:00:00.000,2007-07-02T00:00:00.000Z,12000,12000,apartments,apartments,0,9,Mission,94110,"{'latitude': '37.749782122818054', 'longitude': '-122.41348414964104', 'human_address': '{""address"": """", ""city"": """", ""state"": """", ""zip"": """"}'}",1.08E+12,,,,,,,,,,,,,,,
5ea1d72ceabbc96ff8ab0209,M52342,8,otc alterations permit,2007-01-02T00:00:00.000,976,4,2900,Jackson,St,street space permit,issued,2007-01-02T00:00:00.000,2007-01-02T00:00:00.000,2007-01-02T00:00:00.000,,,0,,,,2,Pacific Heights,94115,"{'latitude': '37.79162459221065', 'longitude': '-122.4430478074895', 'human_address': '{""address"": """", ""city"": """", ""state"": """", ""zip"": """"}'}",1.08E+11,,,,,,,,,,,,,,,
5ea1d72ceabbc96ff8ab020a,2.01E+11,8,otc alterations permit,2007-01-02T00:00:00.000,6013,23,4447,Mission,St,remodel bathroom & kitchen in unit# 4447 & unit# 4449. total 2 kitchens & 2 bathrooms. no lighting change.,expired,2008-05-21T00:00:00.000,2007-01-02T00:00:00.000,2007-01-02T00:00:00.000,2008-01-02T00:00:00.000Z,26000,26000,2 family dwelling,2 family dwelling,0,11,Excelsior,94112,"{'latitude': '37.726930675044564', 'longitude': '-122.43276370174196', 'human_address': '{""address"": """", ""city"": """", ""state"": """", ""zip"": """"}'}",1.08E+12,,2,2,2,2,5,wood frame (5),5,wood frame (5),,,,,,
5ea1d72ceabbc96ff8ab020b,2.01E+11,8,otc alterations permit,2007-01-02T00:00:00.000,6013,23,4449,Mission,St,remodel bathroom & kitchen in unit# 4447 & unit# 4449. total 2 kitchens & 2 bathrooms. no lighting change.,expired,2008-05-21T00:00:00.000,2007-01-02T00:00:00.000,2007-01-02T00:00:00.000,2008-01-02T00:00:00.000Z,26000,26000,2 family dwelling,2 family dwelling,0,11,Excelsior,94112,"{'latitude': '37.726930675044564', 'longitude': '-122.43276370174196', 'human_address': '{""address"": """", ""city"": """", ""state"": """", ""zip"": """"}'}",1.08E+12,,2,2,2,2,5,wood frame (5),5,wood frame (5),,,,,,
5ea1d72ceabbc96ff8ab020c,2.01E+11,8,otc alterations permit,2007-01-02T00:00:00.000,6944,43,1111,Ocean,Av,repairing dry wall: and kitchen cabinets repair,issued,2007-01-02T00:00:00.000,2007-01-02T00:00:00.000,2007-01-02T00:00:00.000,2007-05-02T00:00:00.000Z,1000,1000,2 family dwelling,2 family dwelling,0,7,Oceanview/Merced/Ingleside,94112,"{'latitude': '37.72325688649659', 'longitude': '-122.45438712189853', 'human_address': '{""address"": """", ""city"": """", ""state"": """", ""zip"": """"}'}",1.08E+12,,2,2,2,2,5,wood frame (5),5,wood frame (5),,,,,,
5ea1d72ceabbc96ff8ab020d,M52362,8,otc alterations permit,2007-01-02T00:00:00.000,214,16,1360,Jones,St,street space & sidewalk permit only.,issued,2007-01-02T00:00:00.000,2007-01-02T00:00:00.000,2007-01-02T00:00:00.000,,,0,,,,3,Nob Hill,94108,"{'latitude': '37.7939919131956', 'longitude': '-122.41438442097898', 'human_address': '{""address"": """", ""city"": """", ""state"": """", ""zip"": """"}'}",1.08E+11,,,,,,,,,,,,,,,
5ea1d72ceabbc96ff8ab020e,2.01E+11,8,otc alterations permit,2007-01-02T00:00:00.000,2931,11,191,Wawona,St,reroofing.,complete,2007-01-05T00:00:00.000,2007-01-02T00:00:00.000,2007-01-02T00:00:00.000,2007-07-02T00:00:00.000Z,12950,12950,1 family dwelling,1 family dwelling,0,7,West of Twin Peaks,94127,"{'latitude': '37.74008743199627', 'longitude': '-122.46754133651746', 'human_address': '{""address"": """", ""city"": """", ""state"": """", ""zip"": """"}'}",1.08E+12,,,,,,,,,,2007-01-05T00:00:00.000,,,,,
5ea1d72ceabbc96ff8ab020f,M52364,8,otc alterations permit,2007-01-02T00:00:00.000,640,006C,1946,California,St,street space,issued,2007-01-02T00:00:00.000,2007-01-02T00:00:00.000,2007-01-02T00:00:00.000,,,0,,,,2,Pacific Heights,94109,"{'latitude': '37.79013113547946', 'longitude': '-122.42653277011581', 'human_address': '{""address"": """", ""city"": """", ""state"": """", ""zip"": """"}'}",1.08E+11,,,,,,,,,,,,,,,
5ea1d72ceabbc96ff8ab0210,M52364,8,otc alterations permit,2007-01-02T00:00:00.000,640,006C,1948,California,St,street space,issued,2007-01-02T00:00:00.000,2007-01-02T00:00:00.000,2007-01-02T00:00:00.000,,,0,,,,2,Pacific Heights,94109,"{'latitude': '37.79013113547946', 'longitude': '-122.42653277011581', 'human_address': '{""address"": """", ""city"": """", ""state"": """", ""zip"": """"}'}",1.08E+12,,,,,,,,,,,,,,,
5ea1d72ceabbc96ff8ab0211,2.01E+11,8,otc alterations permit,2007-01-02T00:00:00.000,1159,21,2077,Golden Gate,Av,to renew pa#2006/05/15/1594,issued,2007-01-02T00:00:00.000,2007-01-02T00:00:00.000,2007-01-02T00:00:00.000,2007-05-02T00:00:00.000Z,3000,2500,apartments,apartments,0,5,Lone Mountain/USF,94115,"{'latitude': '37.777705024016335', 'longitude': '-122.44473604069539', 'human_address': '{""address"": """", ""city"": """", ""state"": """", ""zip"": """"}'}",1.08E+12,,3,3,3,3,5,wood frame (5),5,wood frame (5),,,,,,
5ea1d72ceabbc96ff8ab0212,2.01E+11,3,additions alterations or repairs,2007-01-02T00:00:00.000,1700,1,55,Concourse,Dr,"installation of emergency generator only at b2 level. 1500 kw diesel. fuel oile permit approved under 200605091140, original app 200403249505.",complete,2008-05-07T00:00:00.000,2007-01-02T00:00:00.000,2007-07-25T00:00:00.000,2008-07-25T00:00:00.000Z,50000,50000,museum,museum,2,1,Golden Gate Park,94122,"{'latitude': '37.76948375043359', 'longitude': '-122.47581711966075', 'human_address': '{""address"": """", ""city"": """", ""state"": """", ""zip"": """"}'}",1.08E+12,,3,3,0,0,1,constr type 1,1,constr type 1,2008-05-07T00:00:00.000,,,,,
5ea1d72ceabbc96ff8ab0213,2.01E+11,8,otc alterations permit,2007-01-02T00:00:00.000,4079,20,721,York,St,revision to app3200407209286  on 1st flr. converting den/living area. to bedrooms (n) french door on 2nd fl. convertiing den/dining room to bedroom suite.,issued,2007-01-02T00:00:00.000,2007-01-02T00:00:00.000,2007-01-02T00:00:00.000,2007-05-02T00:00:00.000Z,1,1,2 family dwelling,2 family dwelling,2,10,Mission,94110,"{'latitude': '37.75970868629748', 'longitude': '-122.4086394262038', 'human_address': '{""address"": """", ""city"": """", ""state"": """", ""zip"": """"}'}",1.08E+12,,2,2,2,2,5,wood frame (5),5,wood frame (5),,,,,,
5ea1d72ceabbc96ff8ab0214,M52382,8,otc alterations permit,2007-01-02T00:00:00.000,3609,006A,2442,Mission,St,street space & sidewalk permit,issued,2007-01-02T00:00:00.000,2007-01-02T00:00:00.000,2007-01-02T00:00:00.000,,,0,,,,9,Mission,94110,"{'latitude': '37.757865129406895', 'longitude': '-122.4192783538136', 'human_address': '{""address"": """", ""city"": """", ""state"": """", ""zip"": """"}'}",1.08E+12,,,,,,,,,,,,,,,
5ea1d72ceabbc96ff8ab0215,M52383,8,otc alterations permit,2007-01-02T00:00:00.000,3609,4,2422,Mission,St,street space & sidewalk permit,issued,2007-01-02T00:00:00.000,2007-01-02T00:00:00.000,2007-01-02T00:00:00.000,,,0,,,,9,Mission,94110,"{'latitude': '37.75815266643947', 'longitude': '-122.41930587987387', 'human_address': '{""address"": """", ""city"": """", ""state"": """", ""zip"": """"}'}",1.08E+12,,,,,,,,,,,,,,,
5ea1d72ceabbc96ff8ab0216,M52384,8,otc alterations permit,2007-01-02T00:00:00.000,3636,6,2640,Mission,St,street space & sidewalk permit,issued,2007-01-02T00:00:00.000,2007-01-02T00:00:00.000,2007-01-02T00:00:00.000,,,0,,,,9,Mission,94110,"{'latitude': '37.75469673550794', 'longitude': '-122.41903786840484', 'human_address': '{""address"": """", ""city"": """", ""state"": """", ""zip"": """"}'}",1.08E+12,,,,,,,,,,,,,,,
5ea1d72ceabbc96ff8ab0217,2.01E+11,8,otc alterations permit,2007-01-02T00:00:00.000,6795D,30,527,Cayuga,Av,existing light well on 2nd story will be made a sunroom and the windows facing it will be removed.,expired,2007-12-27T00:00:00.000,2007-01-02T00:00:00.000,2007-01-02T00:00:00.000,2007-05-02T00:00:00.000Z,5000,5000,1 family dwelling,1 family dwelling,2,11,Outer Mission,94112,"{'latitude': '37.72877659126792', 'longitude': '-122.43531227489036', 'human_address': '{""address"": """", ""city"": """", ""state"": """", ""zip"": """"}'}",1.08E+12,,2,2,1,1,5,wood frame (5),5,wood frame (5),,,,,,
5ea1d72ceabbc96ff8ab0218,2.01E+11,8,otc alterations permit,2007-01-02T00:00:00.000,7249,28,3745,Ocean,Av,reroofing.,complete,2007-05-22T00:00:00.000,2007-01-02T00:00:00.000,2007-01-02T00:00:00.000,2007-07-02T00:00:00.000Z,6800,6800,1 family dwelling,1 family dwelling,0,7,Sunset/Parkside,94132,"{'latitude': '37.7321262190071', 'longitude': '-122.48513510509699', 'human_address': '{""address"": """", ""city"": """", ""state"": """", ""zip"": """"}'}",1.08E+12,,2,2,1,1,5,wood frame (5),5,wood frame (5),2007-05-22T00:00:00.000,,,,,
5ea1d72ceabbc96ff8ab0219,2.01E+11,8,otc alterations permit,2007-01-02T00:00:00.000,927,28,2271,Bay,St,to renew expired permit applic. 32004/12/30/2371 to continue work,expired,2008-03-11T00:00:00.000,2007-01-02T00:00:00.000,2007-01-02T00:00:00.000,2008-01-02T00:00:00.000Z,150000,150000,1 family dwelling,1 family dwelling,0,2,Marina,94123,"{'latitude': '37.801458418521364', 'longitude': '-122.44436514251392', 'human_address': '{""address"": """", ""city"": """", ""state"": """", ""zip"": """"}'}",1.08E+11,,2,2,1,1,5,wood frame (5),5,wood frame (5),,,,,,
5ea1d72ceabbc96ff8ab021a,2.01E+11,3,additions alterations or repairs,2007-01-02T00:00:00.000,6578,43,3825,Cesar Chavez,St,to comply with 3r-4492. kitchen remodel/and installation of furnace in unit#3827.,complete,2007-08-20T00:00:00.000,2007-01-02T00:00:00.000,2007-05-10T00:00:00.000,2007-11-10T00:00:00.000Z,10000,10000,apartments,apartments,0,8,Noe Valley,94131,"{'latitude': '37.74754510838333', 'longitude': '-122.42547062894664', 'human_address': '{""address"": """", ""city"": """", ""state"": """", ""zip"": """"}'}",1.08E+12,0,4,4,3,3,5,wood frame (5),5,wood frame (5),2007-08-20T00:00:00.000,,,,,
5ea1d72ceabbc96ff8ab021b,2.01E+11,3,additions alterations or repairs,2007-01-02T00:00:00.000,6578,43,3827,Cesar Chavez,St,to comply with 3r-4492. kitchen remodel/and installation of furnace in unit#3827.,complete,2007-08-20T00:00:00.000,2007-01-02T00:00:00.000,2007-05-10T00:00:00.000,2007-11-10T00:00:00.000Z,10000,10000,apartments,apartments,0,8,Noe Valley,94131,"{'latitude': '37.74754510838333', 'longitude': '-122.42547062894664', 'human_address': '{""address"": """", ""city"": """", ""state"": """", ""zip"": """"}'}",1.08E+12,,4,4,3,3,5,wood frame (5),5,wood frame (5),2007-08-20T00:00:00.000,,,,,
5ea1d72ceabbc96ff8ab021c,2.01E+11,3,additions alterations or repairs,2007-01-02T00:00:00.000,6578,43,3829,Cesar Chavez,St,to comply with 3r-4492. kitchen remodel/and installation of furnace in unit#3827.,complete,2007-08-20T00:00:00.000,2007-01-02T00:00:00.000,2007-05-10T00:00:00.000,2007-11-10T00:00:00.000Z,10000,10000,apartments,apartments,0,8,Noe Valley,94131,"{'latitude': '37.74754510838333', 'longitude': '-122.42547062894664', 'human_address': '{""address"": """", ""city"": """", ""state"": """", ""zip"": """"}'}",1.08E+12,0,4,4,3,3,5,wood frame (5),5,wood frame (5),2007-08-20T00:00:00.000,,,,,
5ea1d72ceabbc96ff8ab021d,M52402,8,otc alterations permit,2007-01-02T00:00:00.000,638,17,2201,Sacramento,St,street space permit only.,issued,2007-01-02T00:00:00.000,2007-01-02T00:00:00.000,2007-01-02T00:00:00.000,,,0,,,,2,Pacific Heights,94115,"{'latitude': '37.79020106234751', 'longitude': '-122.429281032396', 'human_address': '{""address"": """", ""city"": """", ""state"": """", ""zip"": """"}'}",1.08E+12,,,,,,,,,,,,,,,
5ea1d72ceabbc96ff8ab021e,M52403,8,otc alterations permit,2007-01-02T00:00:00.000,1423,9,233,10th,Av,street space permit only.,issued,2007-01-02T00:00:00.000,2007-01-02T00:00:00.000,2007-01-02T00:00:00.000,,,0,,,,1,Inner Richmond,94118,"{'latitude': '37.783908047719954', 'longitude': '-122.46911479514957', 'human_address': '{""address"": """", ""city"": """", ""state"": """", ""zip"": """"}'}",1.08E+11,,,,,,,,,,,,,,,
5ea1d72ceabbc96ff8ab021f,M52404,8,otc alterations permit,2007-01-02T00:00:00.000,1352,34,93,06th,Av,street space permit only.,issued,2007-01-02T00:00:00.000,2007-01-02T00:00:00.000,2007-01-02T00:00:00.000,,,0,,,,2,Inner Richmond,94118,"{'latitude': '37.78683930587217', 'longitude': '-122.46498001950198', 'human_address': '{""address"": """", ""city"": """", ""state"": """", ""zip"": """"}'}",1.08E+11,,,,,,,,,,,,,,,
5ea1d72ceabbc96ff8ab0220,2.01E+11,8,otc alterations permit,2007-01-02T00:00:00.000,1352,34,93,06th,Av,"remove & replace kitchen cabinets, appliances & re-tile floor. paint entire kitchen. no structural work. 50% of wattage of new lighting to be fluorescant.",complete,2007-03-28T00:00:00.000,2007-01-02T00:00:00.000,2007-01-02T00:00:00.000,2008-01-02T00:00:00.000Z,50000,50000,apartments,apartments,0,2,Inner Richmond,94118,"{'latitude': '37.78683930587217', 'longitude': '-122.46498001950198', 'human_address': '{""address"": """", ""city"": """", ""state"": """", ""zip"": """"}'}",1.08E+11,,3,3,6,6,5,wood frame (5),5,wood frame (5),2007-03-28T00:00:00.000,,,,,
5ea1d72ceabbc96ff8ab0221,2.01E+11,8,otc alterations permit,2007-01-02T00:00:00.000,859,30,429,Haight,St,"application for planing notice of violation dated august 31,2006 to bring subject property into compliance w/planning code. to only re-instate the ground fl residential unit. to replace store & frig in original location.",complete,2007-01-18T00:00:00.000,2007-01-02T00:00:00.000,2007-01-02T00:00:00.000,2007-05-02T00:00:00.000Z,1,600,2 family dwelling,2 family dwelling,2,5,Hayes Valley,94117,"{'latitude': '37.771967282076766', 'longitude': '-122.42928585565708', 'human_address': '{""address"": """", ""city"": """", ""state"": """", ""zip"": """"}'}",1.08E+11,,2,2,2,2,5,wood frame (5),5,wood frame (5),2007-01-18T00:00:00.000,,,,,
5ea1d72ceabbc96ff8ab0222,2.01E+11,8,otc alterations permit,2007-01-02T00:00:00.000,4570,23,200,Jennings,St,fire alarm monitoring for new building at this address.,complete,2007-04-09T00:00:00.000,2007-01-02T00:00:00.000,2007-01-02T00:00:00.000,2007-05-02T00:00:00.000Z,2000,2000,"warehouse,no frnitur","warehouse,no frnitur",2,10,Bayview Hunters Point,94124,"{'latitude': '37.73900941555662', 'longitude': '-122.3786820354205', 'human_address': '{""address"": """", ""city"": """", ""state"": """", ""zip"": """"}'}",1.08E+12,,1,1,1,1,2,constr type 2,2,constr type 2,2007-04-09T00:00:00.000,,,,,
5ea1d72ceabbc96ff8ab0223,2.01E+11,8,otc alterations permit,2007-01-02T00:00:00.000,859,31,413,Haight,St,"to bring #413 & 419 haight st into compliance, re: dei notice of violation#200669969 dated: 21 jul,06 to convert illegal residentail space back to it's original commerical space",complete,2007-02-05T00:00:00.000,2007-01-02T00:00:00.000,2007-01-02T00:00:00.000,2007-05-02T00:00:00.000Z,1,1,apartments,apartments,2,5,Hayes Valley,94117,"{'latitude': '37.77209707469256', 'longitude': '-122.42916749824555', 'human_address': '{""address"": """", ""city"": """", ""state"": """", ""zip"": """"}'}",1.08E+11,,3,3,10,10,5,wood frame (5),5,wood frame (5),2007-02-05T00:00:00.000,,,,,
5ea1d72ceabbc96ff8ab0224,2.01E+11,8,otc alterations permit,2007-01-02T00:00:00.000,1261,15,862,Shrader,St,add one bath at 3rd floor unit #862. new enlarged openings at 3rd floor unit 862,expired,2009-01-07T00:00:00.000,2007-01-02T00:00:00.000,2007-01-02T00:00:00.000,2008-01-02T00:00:00.000Z,75000,75000,apartments,apartments,2,5,Haight Ashbury,94117,"{'latitude': '37.76675934137657', 'longitude': '-122.45104895161684', 'human_address': '{""address"": """", ""city"": """", ""state"": """", ""zip"": """"}'}",1.08E+12,,3,3,4,4,5,wood frame (5),5,wood frame (5),,,,,,
5ea1d72ceabbc96ff8ab0225,2.01E+11,8,otc alterations permit,2007-01-02T00:00:00.000,1261,15,868,Shrader,St,add one bath at 3rd floor unit #862. new enlarged openings at 3rd floor unit 862,expired,2009-01-07T00:00:00.000,2007-01-02T00:00:00.000,2007-01-02T00:00:00.000,2008-01-02T00:00:00.000Z,75000,75000,apartments,apartments,2,5,Haight Ashbury,94117,"{'latitude': '37.76675934137657', 'longitude': '-122.45104895161684', 'human_address': '{""address"": """", ""city"": """", ""state"": """", ""zip"": """"}'}",1.08E+12,,3,3,4,4,5,wood frame (5),5,wood frame (5),,,,,,
5ea1d72ceabbc96ff8ab0226,2.01E+11,8,otc alterations permit,2007-01-02T00:00:00.000,2618,025A,473,Roosevelt,Wy,revise permit #1106397. remodel 2 bathrooms and repair dryrot unit #473. change non-bearing walls in bath #2. no structural changes.,complete,2007-05-09T00:00:00.000,2007-01-02T00:00:00.000,2007-01-02T00:00:00.000,2007-07-02T00:00:00.000Z,10000,10000,apartments,apartments,2,8,Castro/Upper Market,94114,"{'latitude': '37.76356246211054', 'longitude': '-122.44275388530596', 'human_address': '{""address"": """", ""city"": """", ""state"": """", ""zip"": """"}'}",1.08E+12,0,3,3,3,3,5,wood frame (5),5,wood frame (5),2007-05-09T00:00:00.000,,,,,
5ea1d72ceabbc96ff8ab0227,2.01E+11,8,otc alterations permit,2007-01-02T00:00:00.000,859,31,419,Haight,St,"to bring #413 & 419 haight st into compliance, re: dei notice of violation#200669969 dated: 21 jul,06 to convert illegal residentail space back to it's original commerical space",complete,2007-02-05T00:00:00.000,2007-01-02T00:00:00.000,2007-01-02T00:00:00.000,2007-05-02T00:00:00.000Z,1,1,apartments,apartments,2,5,Hayes Valley,94117,"{'latitude': '37.77209707469256', 'longitude': '-122.42916749824555', 'human_address': '{""address"": """", ""city"": """", ""state"": """", ""zip"": """"}'}",1.08E+12,,3,3,10,10,5,wood frame (5),5,wood frame (5),2007-02-05T00:00:00.000,,,,,
5ea1d72ceabbc96ff8ab0228,M52422,8,otc alterations permit,2007-01-02T00:00:00.000,3617,53,24,Hill,St,sidewalk permit only.,issued,2007-01-02T00:00:00.000,2007-01-02T00:00:00.000,2007-01-02T00:00:00.000,,,0,,,,8,Mission,94110,"{'latitude': '37.756275648567495', 'longitude': '-122.42222534865844', 'human_address': '{""address"": """", ""city"": """", ""state"": """", ""zip"": """"}'}",1.08E+12,,,,,,,,,,,,,,,
5ea1d72ceabbc96ff8ab0229,2.01E+11,8,otc alterations permit,2007-01-02T00:00:00.000,859,1,411,Haight,St,"to bring 411 haight st. into compliance, to comply w/nov #200670798. re. d.b.i notice of violation#200670798 date: 18 jul 06. to revert from residential unit to commerical.",issued,2007-01-02T00:00:00.000,2007-01-02T00:00:00.000,2007-01-02T00:00:00.000,2007-05-02T00:00:00.000Z,1,1,apartments,apartments,2,5,Hayes Valley,94117,"{'latitude': '37.77212098519333', 'longitude': '-122.4289796075449', 'human_address': '{""address"": """", ""city"": """", ""state"": """", ""zip"": """"}'}",1.08E+12,0,3,3,9,9,5,wood frame (5),5,wood frame (5),,,,,,
5ea1d72ceabbc96ff8ab022a,M52423,8,otc alterations permit,2007-01-02T00:00:00.000,6536,15,3940,25th,St,sidewalk permit only.,issued,2007-01-02T00:00:00.000,2007-01-02T00:00:00.000,2007-01-02T00:00:00.000,,,0,,,,8,Noe Valley,94114,"{'latitude': '37.75024780496369', 'longitude': '-122.4281758414784', 'human_address': '{""address"": """", ""city"": """", ""state"": """", ""zip"": """"}'}",1.08E+12,,,,,,,,,,,,,,,
5ea1d72ceabbc96ff8ab022b,M52425,8,otc alterations permit,2007-01-02T00:00:00.000,1255,076A,1339,Waller,St,sidewalk permit only.,issued,2007-01-02T00:00:00.000,2007-01-02T00:00:00.000,2007-01-02T00:00:00.000,,,0,,,,5,Haight Ashbury,94117,"{'latitude': '37.7690119286054', 'longitude': '-122.44576467121483', 'human_address': '{""address"": """", ""city"": """", ""state"": """", ""zip"": """"}'}",1.08E+11,,,,,,,,,,,,,,,
5ea1d72ceabbc96ff8ab022c,M52425,8,otc alterations permit,2007-01-02T00:00:00.000,1255,076A,1343,Waller,St,sidewalk permit only.,issued,2007-01-02T00:00:00.000,2007-01-02T00:00:00.000,2007-01-02T00:00:00.000,,,0,,,,5,Haight Ashbury,94117,"{'latitude': '37.7690119286054', 'longitude': '-122.44576467121483', 'human_address': '{""address"": """", ""city"": """", ""state"": """", ""zip"": """"}'}",1.08E+12,,,,,,,,,,,,,,,
5ea1d72ceabbc96ff8ab022d,M52426,8,otc alterations permit,2007-01-02T00:00:00.000,3636,8,2654,Mission,St,sidewalk permit only.,issued,2007-01-02T00:00:00.000,2007-01-02T00:00:00.000,2007-01-02T00:00:00.000,,,0,,,,9,Mission,94110,"{'latitude': '37.7545735054494', 'longitude': '-122.41902607233183', 'human_address': '{""address"": """", ""city"": """", ""state"": """", ""zip"": """"}'}",1.08E+12,,,,,,,,,,,,,,,
5ea1d72ceabbc96ff8ab022e,2.01E+11,8,otc alterations permit,2007-01-02T00:00:00.000,1844,2,1417,09th,Av,"remove exist bearing wall at 2nd floor. to install new steel beam under 3rd floor joists (span 21') use wood post. transmit to new footings (2' to 3' x 4'4""). and relocation kitchen per plan & add a new bathroom.",expired,2008-01-15T00:00:00.000,2007-01-02T00:00:00.000,2007-01-02T00:00:00.000,2007-07-02T00:00:00.000Z,18000,18000,apartments,apartments,2,7,Inner Sunset,94122,"{'latitude': '37.761742989599654', 'longitude': '-122.46648043059396', 'human_address': '{""address"": """", ""city"": """", ""state"": """", ""zip"": """"}'}",1.08E+12,0,2,2,3,3,5,wood frame (5),5,wood frame (5),,,,,,
5ea1d72ceabbc96ff8ab022f,2.01E+11,8,otc alterations permit,2007-01-02T00:00:00.000,5742,17,503,Crescent,Av,install subdrain system between 503 and 505 crescent ave. remove and replace walking on 503 property to correct drainage problem cited in nov. 200557343,complete,2007-06-08T00:00:00.000,2007-01-02T00:00:00.000,2007-01-02T00:00:00.000,2007-07-02T00:00:00.000Z,10000,10000,1 family dwelling,1 family dwelling,2,9,Bernal Heights,94110,"{'latitude': '37.73503707790747', 'longitude': '-122.41596416074883', 'human_address': '{""address"": """", ""city"": """", ""state"": """", ""zip"": """"}'}",1.08E+12,,2,2,1,1,5,wood frame (5),5,wood frame (5),2007-06-08T00:00:00.000,,,,,
5ea1d72ceabbc96ff8ab0230,M52427,8,otc alterations permit,2007-01-02T00:00:00.000,6570,5,3045,Mission,St,sidewalk permit only.,issued,2007-01-02T00:00:00.000,2007-01-02T00:00:00.000,2007-01-02T00:00:00.000,,,0,,,,9,Mission,94110,"{'latitude': '37.74843330214948', 'longitude': '-122.41775926793083', 'human_address': '{""address"": """", ""city"": """", ""state"": """", ""zip"": """"}'}",1.08E+12,,,,,,,,,,,,,,,
5ea1d72ceabbc96ff8ab0231,M52427,8,otc alterations permit,2007-01-02T00:00:00.000,6570,5,3049,Mission,St,sidewalk permit only.,issued,2007-01-02T00:00:00.000,2007-01-02T00:00:00.000,2007-01-02T00:00:00.000,,,0,,,,9,Mission,94110,"{'latitude': '37.74843330214948', 'longitude': '-122.41775926793083', 'human_address': '{""address"": """", ""city"": """", ""state"": """", ""zip"": """"}'}",1.08E+12,,,,,,,,,,,,,,,
5ea1d72ceabbc96ff8ab0232,M52429,8,otc alterations permit,2007-01-02T00:00:00.000,1392,12,201,32nd,Av,street space & sidewalk permit only.,issued,2007-01-02T00:00:00.000,2007-01-02T00:00:00.000,2007-01-02T00:00:00.000,,,0,,,,2,Seacliff,94121,"{'latitude': '37.78523879338199', 'longitude': '-122.4929907947534', 'human_address': '{""address"": """", ""city"": """", ""state"": """", ""zip"": """"}'}",1.08E+11,,,,,,,,,,,,,,,
5ea1d72ceabbc96ff8ab0233,M52428,8,otc alterations permit,2007-01-02T00:00:00.000,6571,18,3390,Cesar Chavez,St,street space & sidewalk permit only.,issued,2007-01-02T00:00:00.000,2007-01-02T00:00:00.000,2007-01-02T00:00:00.000,,,0,,,,9,Mission,94110,"{'latitude': '37.74837226873848', 'longitude': '-122.41760816244388', 'human_address': '{""address"": """", ""city"": """", ""state"": """", ""zip"": """"}'}",1.08E+12,,,,,,,,,,,,,,,
5ea1d72ceabbc96ff8ab0234,M52424,8,otc alterations permit,2007-01-02T00:00:00.000,3590,30,2243,Mission,St,sidewalk permit only.,issued,2007-01-02T00:00:00.000,2007-01-02T00:00:00.000,2007-01-02T00:00:00.000,,,0,,,,9,Mission,94110,"{'latitude': '37.761124797163426', 'longitude': '-122.4189355924377', 'human_address': '{""address"": """", ""city"": """", ""state"": """", ""zip"": """"}'}",1.08E+12,,,,,,,,,,,,,,,
5ea1d72deabbc96ff8ab0235,M52430,8,otc alterations permit,2007-01-02T00:00:00.000,3590,29,2247,Mission,St,sidewalk permit only.,issued,2007-01-02T00:00:00.000,2007-01-02T00:00:00.000,2007-01-02T00:00:00.000,,,0,,,,9,Mission,94110,"{'latitude': '37.76104264388172', 'longitude': '-122.41892772743921', 'human_address': '{""address"": """", ""city"": """", ""state"": """", ""zip"": """"}'}",1.08E+12,,,,,,,,,,,,,,,
5ea1d72deabbc96ff8ab0236,M52431,8,otc alterations permit,2007-01-02T00:00:00.000,3636,8,2654,Mission,St,sidewalk,issued,2007-01-02T00:00:00.000,2007-01-02T00:00:00.000,2007-01-02T00:00:00.000,,,0,,,,9,Mission,94110,"{'latitude': '37.7545735054494', 'longitude': '-122.41902607233183', 'human_address': '{""address"": """", ""city"": """", ""state"": """", ""zip"": """"}'}",1.08E+12,,,,,,,,,,,,,,,
5ea1d72deabbc96ff8ab0237,2.01E+11,8,otc alterations permit,2007-01-02T00:00:00.000,2714,43,17,Seward,St,"remodel kitchen w/ new cabinets, counter tops. remodel master bathroom. install powder room in laundry closet. no structural changes. 50% of kitchen light wattage must be fluorescent, provide fluorescent or 0.5 in bathrooms. nov 200683011 pid-unrelated area/in building.",expired,2009-01-13T00:00:00.000,2007-01-02T00:00:00.000,2007-01-02T00:00:00.000,2008-01-02T00:00:00.000Z,30000,30000,2 family dwelling,2 family dwelling,2,8,Twin Peaks,94114,"{'latitude': '37.75766734979003', 'longitude': '-122.43949892036952', 'human_address': '{""address"": """", ""city"": """", ""state"": """", ""zip"": """"}'}",1.08E+12,,3,3,2,2,5,wood frame (5),5,wood frame (5),,,,,,
5ea1d72deabbc96ff8ab0238,M52442,8,otc alterations permit,2007-01-02T00:00:00.000,1281,6,1131,Cole,St,street space and sidewalk permit,issued,2007-01-02T00:00:00.000,2007-01-02T00:00:00.000,2007-01-02T00:00:00.000,,,0,,,,5,Haight Ashbury,94117,"{'latitude': '37.763534754805384', 'longitude': '-122.44980295107291', 'human_address': '{""address"": """", ""city"": """", ""state"": """", ""zip"": """"}'}",1.08E+11,,,,,,,,,,,,,,,
5ea1d72deabbc96ff8ab0239,M52442,8,otc alterations permit,2007-01-02T00:00:00.000,1281,6,1135,Cole,St,street space and sidewalk permit,issued,2007-01-02T00:00:00.000,2007-01-02T00:00:00.000,2007-01-02T00:00:00.000,,,0,,,,5,Haight Ashbury,94117,"{'latitude': '37.763534754805384', 'longitude': '-122.44980295107291', 'human_address': '{""address"": """", ""city"": """", ""state"": """", ""zip"": """"}'}",1.08E+12,,,,,,,,,,,,,,,
5ea1d72deabbc96ff8ab023a,M52443,8,otc alterations permit,2007-01-02T00:00:00.000,1312,25,880,El Camino Del Mar,,street space and sidewalk permit,issued,2007-01-02T00:00:00.000,2007-01-02T00:00:00.000,2007-01-02T00:00:00.000,,,0,,,,2,Lincoln Park,94121,"{'latitude': '37.787101614841035', 'longitude': '-122.4934453410517', 'human_address': '{""address"": """", ""city"": """", ""state"": """", ""zip"": """"}'}",1.08E+11,,,,,,,,,,,,,,,
5ea1d72deabbc96ff8ab023b,M52444,8,otc alterations permit,2007-01-02T00:00:00.000,489,30,2269,Chestnut,St,street space,issued,2007-01-02T00:00:00.000,2007-01-02T00:00:00.000,2007-01-02T00:00:00.000,,,0,,,,2,Marina,94123,"{'latitude': '37.79998014165884', 'longitude': '-122.440578620928', 'human_address': '{""address"": """", ""city"": """", ""state"": """", ""zip"": """"}'}",1.08E+11,,,,,,,,,,,,,,,
5ea1d72deabbc96ff8ab023c,M52445,8,otc alterations permit,2007-01-02T00:00:00.000,506,39,3132,Laguna,St,street space and sidewalk permit,issued,2007-01-02T00:00:00.000,2007-01-02T00:00:00.000,2007-01-02T00:00:00.000,,,0,,,,2,Marina,94123,"{'latitude': '37.80009191923437', 'longitude': '-122.43073188052868', 'human_address': '{""address"": """", ""city"": """", ""state"": """", ""zip"": """"}'}",1.08E+11,,,,,,,,,,,,,,,
5ea1d72deabbc96ff8ab023d,M52446,8,otc alterations permit,2007-01-02T00:00:00.000,755,11,1110,Steiner,St,streetspace and sidewalk,issued,2007-01-02T00:00:00.000,2007-01-02T00:00:00.000,2007-01-02T00:00:00.000,,,0,,,,5,Western Addition,94115,"{'latitude': '37.77976907245018', 'longitude': '-122.43348924901952', 'human_address': '{""address"": """", ""city"": """", ""state"": """", ""zip"": """"}'}",1.08E+11,,,,,,,,,,,,,,,
5ea1d72deabbc96ff8ab023e,2.01E+11,8,otc alterations permit,2007-01-02T00:00:00.000,7234,001B,708,Junipero Serra,Bl,reroofing,issued,2007-01-02T00:00:00.000,2007-01-02T00:00:00.000,2007-01-02T00:00:00.000,2007-07-02T00:00:00.000Z,11000,11000,1 family dwelling,1 family dwelling,0,7,West of Twin Peaks,94132,"{'latitude': '37.726378683869854', 'longitude': '-122.47265769223495', 'human_address': '{""address"": """", ""city"": """", ""state"": """", ""zip"": """"}'}",1.08E+12,,,,,,,,,,,,,,,
5ea1d72deabbc96ff8ab023f,2.01E+11,3,additions alterations or repairs,2007-01-02T00:00:00.000,173,2,649,Front,St,install 2 new roof top package heat pumps and convert to (e) duct work. sd's for each heat pump will be insulated on seperate permit application.,complete,2007-03-14T00:00:00.000,2007-01-02T00:00:00.000,2007-01-11T00:00:00.000,2007-07-11T00:00:00.000Z,16480,16480,office,office,2,3,Financial District/South Beach,94111,"{'latitude': '37.797478012762085', 'longitude': '-122.39998063644178', 'human_address': '{""address"": """", ""city"": """", ""state"": """", ""zip"": """"}'}",1.08E+12,,3,3,0,0,3,constr type 3,3,constr type 3,2007-03-14T00:00:00.000,,,,,
5ea1d72deabbc96ff8ab0240,M52447,8,otc alterations permit,2007-01-02T00:00:00.000,3587,76,12,Oakwood,St,street space permit,issued,2007-01-02T00:00:00.000,2007-01-02T00:00:00.000,2007-01-02T00:00:00.000,,,0,,,,8,Mission,94110,"{'latitude': '37.761282082616965', 'longitude': '-122.42513586650253', 'human_address': '{""address"": """", ""city"": """", ""state"": """", ""zip"": """"}'}",1.08E+12,0,,,,,,,,,,,,,,
5ea1d72deabbc96ff8ab0241,2.01E+11,8,otc alterations permit,2007-01-02T00:00:00.000,3612,9,2900,21st,St,"construction of bridge into rear yard (per variance #2006.025v) from 2nd flr of main bldng.  to roof of garage accesible by units 2 &3,  approved per pre-applic. meeting w/ ron tom & mario ballard",expired,2008-04-24T00:00:00.000,2007-01-02T00:00:00.000,2007-01-02T00:00:00.000,2007-07-02T00:00:00.000Z,8600,8600,apartments,apartments,2,9,Mission,94110,"{'latitude': '37.75764091875177', 'longitude': '-122.41258247302474', 'human_address': '{""address"": """", ""city"": """", ""state"": """", ""zip"": """"}'}",1.08E+12,,2,2,3,3,5,wood frame (5),5,wood frame (5),,,,,,
5ea1d72deabbc96ff8ab0242,2.01E+11,8,otc alterations permit,2007-01-02T00:00:00.000,3612,9,2904,21st,St,"construction of bridge into rear yard (per variance #2006.025v) from 2nd flr of main bldng.  to roof of garage accesible by units 2 &3,  approved per pre-applic. meeting w/ ron tom & mario ballard",expired,2008-04-24T00:00:00.000,2007-01-02T00:00:00.000,2007-01-02T00:00:00.000,2007-07-02T00:00:00.000Z,8600,8600,apartments,apartments,2,9,Mission,94110,"{'latitude': '37.75764091875177', 'longitude': '-122.41258247302474', 'human_address': '{""address"": """", ""city"": """", ""state"": """", ""zip"": """"}'}",1.08E+12,,2,2,3,3,5,wood frame (5),5,wood frame (5),,,,,,
5ea1d72deabbc96ff8ab0243,2.01E+11,8,otc alterations permit,2007-01-02T00:00:00.000,6778,28,1775,San Jose,Av,"remove all kitchen cabinets & counters tops & install new , install new vinyl floor covering. remove & installkitcen sink at same location.",complete,2007-04-13T00:00:00.000,2007-01-02T00:00:00.000,2007-01-02T00:00:00.000,2007-07-02T00:00:00.000Z,14000,14000,1 family dwelling,1 family dwelling,0,11,Outer Mission,94112,"{'latitude': '37.72912671619186', 'longitude': '-122.43915581159477', 'human_address': '{""address"": """", ""city"": """", ""state"": """", ""zip"": """"}'}",1.08E+12,,2,2,1,1,5,wood frame (5),5,wood frame (5),2007-04-13T00:00:00.000,,,,,
5ea1d72deabbc96ff8ab0244,M52449,8,otc alterations permit,2007-01-02T00:00:00.000,1339,007A,1816,Lake,St,street space permit,issued,2007-01-02T00:00:00.000,2007-01-02T00:00:00.000,2007-01-02T00:00:00.000,,,0,,,,2,Seacliff,94121,"{'latitude': '37.786267641346235', 'longitude': '-122.47911200378202', 'human_address': '{""address"": """", ""city"": """", ""state"": """", ""zip"": """"}'}",1.08E+11,,,,,,,,,,,,,,,
5ea1d72deabbc96ff8ab0245,2.01E+11,3,additions alterations or repairs,2007-01-02T00:00:00.000,2936A,16,49,Rockaway,Av,rev. to applic. #2006/04/03/8099: straightening out rear facade as well as additional square footage on the first floor.,complete,2008-05-08T00:00:00.000,2007-01-02T00:00:00.000,2008-03-27T00:00:00.000,2008-07-27T00:00:00.000Z,5000,5000,1 family dwelling,1 family dwelling,2,7,West of Twin Peaks,94127,"{'latitude': '37.7434090966524', 'longitude': '-122.45762330469925', 'human_address': '{""address"": """", ""city"": """", ""state"": """", ""zip"": """"}'}",1.08E+12,,3,3,1,1,5,wood frame (5),5,wood frame (5),2008-05-08T00:00:00.000,Y,Y,,,
5ea1d72deabbc96ff8ab0246,M52462,8,otc alterations permit,2007-01-02T00:00:00.000,3587,5,624,Guerrero,St,street space,issued,2007-01-02T00:00:00.000,2007-01-02T00:00:00.000,2007-01-02T00:00:00.000,,,0,,,,8,Mission,94110,"{'latitude': '37.761067356915696', 'longitude': '-122.42406325249024', 'human_address': '{""address"": """", ""city"": """", ""state"": """", ""zip"": """"}'}",1.08E+12,,,,,,,,,,,,,,,
5ea1d72deabbc96ff8ab0247,M52462,8,otc alterations permit,2007-01-02T00:00:00.000,3587,5,628,Guerrero,St,street space,issued,2007-01-02T00:00:00.000,2007-01-02T00:00:00.000,2007-01-02T00:00:00.000,,,0,,,,8,Mission,94110,"{'latitude': '37.761067356915696', 'longitude': '-122.42406325249024', 'human_address': '{""address"": """", ""city"": """", ""state"": """", ""zip"": """"}'}",1.08E+12,,,,,,,,,,,,,,,
5ea1d72deabbc96ff8ab0248,2.01E+11,8,otc alterations permit,2007-01-02T00:00:00.000,7550,31,333,Addison,St,explore for dry rot back wall. approx 100 sq. ft affected.,complete,2007-01-12T00:00:00.000,2007-01-02T00:00:00.000,2007-01-02T00:00:00.000,2007-05-02T00:00:00.000Z,5000,5000,1 family dwelling,1 family dwelling,0,8,Glen Park,94131,"{'latitude': '37.73992689728953', 'longitude': '-122.43469595547313', 'human_address': '{""address"": """", ""city"": """", ""state"": """", ""zip"": """"}'}",1.08E+12,,2,2,1,1,5,wood frame (5),5,wood frame (5),2007-01-12T00:00:00.000,,,,,
5ea1d72deabbc96ff8ab0249,2.01E+11,8,otc alterations permit,2007-01-02T00:00:00.000,6074,11,945,Persia,Av,revised permit #200610135017 to include the fence legalization as mentioned on nov#200670976 y revised deck framing dist  size,complete,2007-02-23T00:00:00.000,2007-01-02T00:00:00.000,2007-01-02T00:00:00.000,2007-05-02T00:00:00.000Z,1,3000,1 family dwelling,1 family dwelling,2,11,Excelsior,94112,"{'latitude': '37.719579817616456', 'longitude': '-122.42798920948817', 'human_address': '{""address"": """", ""city"": """", ""state"": """", ""zip"": """"}'}",1.08E+12,,2,2,1,1,5,wood frame (5),5,wood frame (5),2007-02-23T00:00:00.000,,,,,
5ea1d72deabbc96ff8ab024a,M52482,8,otc alterations permit,2007-01-02T00:00:00.000,3753,177,920,Harrison,St,street space permit,issued,2007-01-02T00:00:00.000,2007-01-02T00:00:00.000,2007-01-02T00:00:00.000,,,0,,,,6,South of Market,94107,"{'latitude': '37.7787852565061', 'longitude': '-122.40256006222887', 'human_address': '{""address"": """", ""city"": """", ""state"": """", ""zip"": """"}'}",1.08E+12,1,,,,,,,,,,,,,,
5ea1d72deabbc96ff8ab024b,M52483,8,otc alterations permit,2007-01-02T00:00:00.000,1765,2,1319,10th,Av,sidewalk repair,issued,2007-01-02T00:00:00.000,2007-01-02T00:00:00.000,2007-01-02T00:00:00.000,,,0,,,,5,Inner Sunset,94122,"{'latitude': '37.763559151834365', 'longitude': '-122.4676808286765', 'human_address': '{""address"": """", ""city"": """", ""state"": """", ""zip"": """"}'}",1.08E+12,0,,,,,,,,,,,,,,
5ea1d72deabbc96ff8ab024c,2.01E+11,8,otc alterations permit,2007-01-02T00:00:00.000,257,12,600,Stockton,St,adding new sprinkler to existing room that has new wall added (fire sprinkler) (3rd floor),expired,2009-04-07T00:00:00.000,2007-01-02T00:00:00.000,2007-01-02T00:00:00.000,2007-05-02T00:00:00.000Z,1500,1500,apartments,apartments,2,3,Financial District/South Beach,94108,"{'latitude': '37.791840603110046', 'longitude': '-122.40683734317086', 'human_address': '{""address"": """", ""city"": """", ""state"": """", ""zip"": """"}'}",1.08E+12,,9,9,350,350,1,constr type 1,1,constr type 1,,,,,,
5ea1d72deabbc96ff8ab024d,M52502,8,otc alterations permit,2007-01-02T00:00:00.000,6528,023A,2965,Mission,St,sidewalk permit only.,issued,2007-01-02T00:00:00.000,2007-01-02T00:00:00.000,2007-01-02T00:00:00.000,,,0,,,,9,Mission,94110,"{'latitude': '37.74967596355268', 'longitude': '-122.41785270807726', 'human_address': '{""address"": """", ""city"": """", ""state"": """", ""zip"": """"}'}",1.08E+12,,,,,,,,,,,,,,,
5ea1d72deabbc96ff8ab024e,2.01E+11,8,otc alterations permit,2007-01-02T00:00:00.000,1234,33,1337,Page,St,replace dry rot on top landing of stairs. approximately 50 sq. ft. replace planks in landing. deck boards only.,expired,2008-05-07T00:00:00.000,2007-01-02T00:00:00.000,2007-01-02T00:00:00.000,2007-05-02T00:00:00.000Z,600,600,apartments,apartments,0,5,Haight Ashbury,94117,"{'latitude': '37.771201931056055', 'longitude': '-122.44281589826852', 'human_address': '{""address"": """", ""city"": """", ""state"": """", ""zip"": """"}'}",1.08E+11,,3,3,6,6,5,wood frame (5),5,wood frame (5),,,,,,
5ea1d72deabbc96ff8ab024f,2.01E+11,8,otc alterations permit,2007-01-02T00:00:00.000,294,1,301,Sutter,St,"basement: demo of (e) storage shelving and (e) toilet room, g/f: demo of (e) counters and fixtures, demo of (e) partitions and floor finishes non structural/demo permit #200610306364",complete,2007-04-25T00:00:00.000,2007-01-02T00:00:00.000,2007-01-02T00:00:00.000,2007-07-02T00:00:00.000Z,10000,10000,retail sales,retail sales,2,3,Financial District/South Beach,94108,"{'latitude': '37.78948309405725', 'longitude': '-122.40555056772713', 'human_address': '{""address"": """", ""city"": """", ""state"": """", ""zip"": """"}'}",1.08E+11,,3,3,0,0,3,constr type 3,3,constr type 3,2007-04-25T00:00:00.000,,,,,
5ea1d72deabbc96ff8ab0250,2.01E+11,8,otc alterations permit,2007-01-02T00:00:00.000,294,1,303,Sutter,St,"basement: demo of (e) storage shelving and (e) toilet room, g/f: demo of (e) counters and fixtures, demo of (e) partitions and floor finishes non structural/demo permit #200610306364",complete,2007-04-25T00:00:00.000,2007-01-02T00:00:00.000,2007-01-02T00:00:00.000,2007-07-02T00:00:00.000Z,10000,10000,retail sales,retail sales,2,3,Financial District/South Beach,94108,"{'latitude': '37.78948309405725', 'longitude': '-122.40555056772713', 'human_address': '{""address"": """", ""city"": """", ""state"": """", ""zip"": """"}'}",1.08E+12,,3,3,0,0,3,constr type 3,3,constr type 3,2007-04-25T00:00:00.000,,,,,
5ea1d72deabbc96ff8ab0251,M52522,8,otc alterations permit,2007-01-02T00:00:00.000,1275,59,350,Parnassus,Av,street space permit only.,issued,2007-01-02T00:00:00.000,2007-01-02T00:00:00.000,2007-01-02T00:00:00.000,,,0,,,,5,Inner Sunset,94117,"{'latitude': '37.764209952786146', 'longitude': '-122.45624770201354', 'human_address': '{""address"": """", ""city"": """", ""state"": """", ""zip"": """"}'}",1.08E+11,,,,,,,,,,,,,,,
5ea1d72deabbc96ff8ab0252,2.01E+11,8,otc alterations permit,2007-01-02T00:00:00.000,5410,14,42,Williams,Av,revised foundation plan and new retaining (short) walls at rear of building.,complete,2007-05-30T00:00:00.000,2007-01-02T00:00:00.000,2007-01-02T00:00:00.000,2007-07-02T00:00:00.000Z,8000,8000,2 family dwelling,2 family dwelling,2,10,Bayview Hunters Point,94124,"{'latitude': '37.72969653042299', 'longitude': '-122.39384577187312', 'human_address': '{""address"": """", ""city"": """", ""state"": """", ""zip"": """"}'}",1.08E+12,,3,3,2,2,5,wood frame (5),5,wood frame (5),2007-05-30T00:00:00.000,,,,,
5ea1d72deabbc96ff8ab0253,2.01E+11,8,otc alterations permit,2007-01-02T00:00:00.000,24,4,708,North Point,St,renew pa# 2001/05/23/9862 & pa# 2001/06/07/1036.,complete,2007-07-16T00:00:00.000,2007-01-02T00:00:00.000,2007-01-02T00:00:00.000,2007-05-02T00:00:00.000Z,3000,3000,apartments,apartments,0,,,,,1.08E+11,,3,3,3,3,5,wood frame (5),5,wood frame (5),2007-07-16T00:00:00.000,,,,,
5ea1d72deabbc96ff8ab0254,2.01E+11,4,sign - erect,2007-01-02T00:00:00.000,346,1,155,Hyde,St,to erect a single-faced non-electric wall sign,complete,2007-02-09T00:00:00.000,2007-01-02T00:00:00.000,2007-01-02T00:00:00.000,2007-05-02T00:00:00.000Z,,1400,retail sales,,2,6,Tenderloin,94102,"{'latitude': '37.78235034111151', 'longitude': '-122.41587492116783', 'human_address': '{""address"": """", ""city"": """", ""state"": """", ""zip"": """"}'}",1.08E+12,,,,,,,,,,2007-02-09T00:00:00.000,,,,,
5ea1d72deabbc96ff8ab0255,2.01E+11,3,additions alterations or repairs,2007-01-02T00:00:00.000,2803,2,4120,23rd,St,adding one bedroom with new bath at penthouse as per plan.,withdrawn,2008-06-06T00:00:00.000,2007-01-02T00:00:00.000,,,30000,,2 family dwelling,2 family dwelling,2,8,Noe Valley,94114,"{'latitude': '37.75310346399909', 'longitude': '-122.4348093727651', 'human_address': '{""address"": """", ""city"": """", ""state"": """", ""zip"": """"}'}",1.08E+12,,2,3,2,2,5,wood frame (5),5,wood frame (5),,Y,Y,,,
5ea1d72deabbc96ff8ab0256,2.01E+11,3,additions alterations or repairs,2007-01-02T00:00:00.000,2803,2,4122,23rd,St,adding one bedroom with new bath at penthouse as per plan.,withdrawn,2008-06-06T00:00:00.000,2007-01-02T00:00:00.000,,,30000,,2 family dwelling,2 family dwelling,2,8,Noe Valley,94114,"{'latitude': '37.75310346399909', 'longitude': '-122.4348093727651', 'human_address': '{""address"": """", ""city"": """", ""state"": """", ""zip"": """"}'}",1.08E+12,,2,3,2,2,5,wood frame (5),5,wood frame (5),,Y,Y,,,
5ea1d72deabbc96ff8ab0257,2.01E+11,8,otc alterations permit,2007-01-02T00:00:00.000,779,20,950,Steiner,St,replace extg wall to new fire wall and replace extg wndw with new glass block as per plan.,expired,2008-06-02T00:00:00.000,2007-01-02T00:00:00.000,2007-01-02T00:00:00.000,2007-05-02T00:00:00.000Z,1000,1000,apartments,apartments,2,5,Western Addition,94117,"{'latitude': '37.778232788241596', 'longitude': '-122.43319066648293', 'human_address': '{""address"": """", ""city"": """", ""state"": """", ""zip"": """"}'}",1.08E+11,,4,4,6,6,5,wood frame (5),5,wood frame (5),,,,,,
5ea1d72eeabbc96ff8ab0258,M52642,8,otc alterations permit,2007-01-03T00:00:00.000,3610,19,2485,Mission,St,sidewalk permit,issued,2007-01-03T00:00:00.000,2007-01-03T00:00:00.000,2007-01-03T00:00:00.000,,,0,,,,9,Mission,94110,"{'latitude': '37.75725843351711', 'longitude': '-122.41860450913026', 'human_address': '{""address"": """", ""city"": """", ""state"": """", ""zip"": """"}'}",1.08E+12,,,,,,,,,,,,,,,
5ea1d72eeabbc96ff8ab0259,2.01E+11,8,otc alterations permit,2007-01-03T00:00:00.000,5667,5,223,Bocana,St,reroofing,issued,2007-01-03T00:00:00.000,2007-01-03T00:00:00.000,2007-01-03T00:00:00.000,2007-07-03T00:00:00.000Z,7880,7880,1 family dwelling,1 family dwelling,0,9,Bernal Heights,94110,"{'latitude': '37.74002300906008', 'longitude': '-122.41789105755952', 'human_address': '{""address"": """", ""city"": """", ""state"": """", ""zip"": """"}'}",1.08E+12,,,,,,,,,,,,,,,
5ea1d72eeabbc96ff8ab025a,2.01E+11,8,otc alterations permit,2007-01-03T00:00:00.000,829,2,535,Buchanan,St,reroofing,issued,2007-01-03T00:00:00.000,2007-01-03T00:00:00.000,2007-01-03T00:00:00.000,2007-07-03T00:00:00.000Z,7480,7480,1 family dwelling,1 family dwelling,0,5,Hayes Valley,94102,"{'latitude': '37.774980361990345', 'longitude': '-122.42787104822868', 'human_address': '{""address"": """", ""city"": """", ""state"": """", ""zip"": """"}'}",1.08E+11,,,,,,,,,,,,,,,
5ea1d72eeabbc96ff8ab025b,2.01E+11,8,otc alterations permit,2007-01-03T00:00:00.000,517,23,32,Pixley,St,repair extg stairs at front(less than 50%),issued,2007-01-03T00:00:00.000,2007-01-03T00:00:00.000,2007-01-03T00:00:00.000,2007-05-03T00:00:00.000Z,3000,3000,2 family dwelling,2 family dwelling,0,2,Marina,94123,"{'latitude': '37.79893945080456', 'longitude': '-122.43310292006439', 'human_address': '{""address"": """", ""city"": """", ""state"": """", ""zip"": """"}'}",1.08E+11,,3,3,2,2,5,wood frame (5),5,wood frame (5),,,,,,
5ea1d72eeabbc96ff8ab025c,2.01E+11,8,otc alterations permit,2007-01-03T00:00:00.000,517,23,34,Pixley,St,repair extg stairs at front(less than 50%),issued,2007-01-03T00:00:00.000,2007-01-03T00:00:00.000,2007-01-03T00:00:00.000,2007-05-03T00:00:00.000Z,3000,3000,2 family dwelling,2 family dwelling,0,2,Marina,94123,"{'latitude': '37.79893945080456', 'longitude': '-122.43310292006439', 'human_address': '{""address"": """", ""city"": """", ""state"": """", ""zip"": """"}'}",1.08E+12,,3,3,2,2,5,wood frame (5),5,wood frame (5),,,,,,
5ea1d72eeabbc96ff8ab025d,2.01E+11,8,otc alterations permit,2007-01-03T00:00:00.000,1302,18,22,25th,Av,dry rot repair at rear 200 sq ft(no structural changes),complete,2007-05-22T00:00:00.000,2007-01-03T00:00:00.000,2007-01-03T00:00:00.000,2007-07-03T00:00:00.000Z,12000,12000,1 family dwelling,1 family dwelling,0,2,Presidio,94121,"{'latitude': '37.789121015548126', 'longitude': '-122.48433083167862', 'human_address': '{""address"": """", ""city"": """", ""state"": """", ""zip"": """"}'}",1.08E+11,,2,2,1,1,5,wood frame (5),5,wood frame (5),2007-05-22T00:00:00.000,,,,,
5ea1d72eeabbc96ff8ab025e,2.01E+11,8,otc alterations permit,2007-01-03T00:00:00.000,1621,40,704,24th,Av,"removed old roof, reroofing, install base sheet underlayament, install modified bitumen",complete,2019-01-08T00:00:00.000,2007-01-03T00:00:00.000,2007-01-03T00:00:00.000,2007-05-03T00:00:00.000Z,980,980,2 family dwelling,2 family dwelling,0,1,Outer Richmond,94121,"{'latitude': '37.776154617942495', 'longitude': '-122.4832111530609', 'human_address': '{""address"": """", ""city"": """", ""state"": """", ""zip"": """"}'}",1.08E+12,,2,2,2,2,5,wood frame (5),5,wood frame (5),2019-01-08T00:00:00.000,,,,,
5ea1d72eeabbc96ff8ab025f,2.01E+11,8,otc alterations permit,2007-01-03T00:00:00.000,1282,17,1160,Stanyan,St,replace kchn cabinets. no lighting changes,complete,2007-01-25T00:00:00.000,2007-01-03T00:00:00.000,2007-01-03T00:00:00.000,2007-07-03T00:00:00.000Z,10000,10000,2 family dwelling,2 family dwelling,0,5,Haight Ashbury,94117,"{'latitude': '37.763145674772474', 'longitude': '-122.45199195297425', 'human_address': '{""address"": """", ""city"": """", ""state"": """", ""zip"": """"}'}",1.08E+11,,2,2,2,2,5,wood frame (5),5,wood frame (5),2007-01-25T00:00:00.000,,,,,
5ea1d72eeabbc96ff8ab0260,2.01E+11,8,otc alterations permit,2007-01-03T00:00:00.000,6632,105,363,29th,St,voluntary seismic improvements at lowest story (basement/garage) only,complete,2009-02-20T00:00:00.000,2007-01-03T00:00:00.000,2007-01-03T00:00:00.000,2007-07-03T00:00:00.000Z,23500,23500,2 family dwelling,2 family dwelling,2,8,Noe Valley,94131,"{'latitude': '37.7434170291277', 'longitude': '-122.42814506450108', 'human_address': '{""address"": """", ""city"": """", ""state"": """", ""zip"": """"}'}",1.08E+12,0,2,2,2,2,5,wood frame (5),5,wood frame (5),2009-02-20T00:00:00.000,,,,,
5ea1d72eeabbc96ff8ab0261,2.01E+11,8,otc alterations permit,2007-01-03T00:00:00.000,6632,104,361,29th,St,voluntary seismic improvements at lowest story (basement/garage) only,complete,2009-02-20T00:00:00.000,2007-01-03T00:00:00.000,2007-01-03T00:00:00.000,2007-07-03T00:00:00.000Z,23500,23500,2 family dwelling,2 family dwelling,2,8,Noe Valley,94131,"{'latitude': '37.7434170291277', 'longitude': '-122.42814506450108', 'human_address': '{""address"": """", ""city"": """", ""state"": """", ""zip"": """"}'}",1.08E+12,0,2,2,2,2,5,wood frame (5),5,wood frame (5),2009-02-20T00:00:00.000,,,,,
5ea1d72eeabbc96ff8ab0262,2.01E+11,8,otc alterations permit,2007-01-03T00:00:00.000,7210,11,76,Inverness,Dr,reroofing.,complete,2007-07-16T00:00:00.000,2007-01-03T00:00:00.000,2007-01-03T00:00:00.000,2007-07-03T00:00:00.000Z,8345,8345,1 family dwelling,1 family dwelling,0,7,Sunset/Parkside,94132,"{'latitude': '37.73288942772379', 'longitude': '-122.48251750732457', 'human_address': '{""address"": """", ""city"": """", ""state"": """", ""zip"": """"}'}",1.08E+12,,,,,,,,,,2007-07-16T00:00:00.000,,,,,
5ea1d72eeabbc96ff8ab0263,2.01E+11,8,otc alterations permit,2007-01-03T00:00:00.000,1621,40,706,24th,Av,"removed old roof, reroofing, install base sheet underlayament, install modified bitumen",complete,2019-01-08T00:00:00.000,2007-01-03T00:00:00.000,2007-01-03T00:00:00.000,2007-05-03T00:00:00.000Z,980,980,2 family dwelling,2 family dwelling,0,1,Outer Richmond,94121,"{'latitude': '37.776154617942495', 'longitude': '-122.4832111530609', 'human_address': '{""address"": """", ""city"": """", ""state"": """", ""zip"": """"}'}",1.08E+12,,2,2,2,2,5,wood frame (5),5,wood frame (5),2019-01-08T00:00:00.000,,,,,
5ea1d72eeabbc96ff8ab0264,2.01E+11,3,additions alterations or repairs,2007-01-03T00:00:00.000,231,23,2,Embarcadero Center,,"oti-1, boston consulting grp, 24/fl, el, me, l/s, sp.",complete,2007-07-26T00:00:00.000,2007-01-03T00:00:00.000,2007-01-30T00:00:00.000,2009-01-30T00:00:00.000Z,635000,746170,office,office,2,3,Financial District/South Beach,94111,"{'latitude': '37.79479859387513', 'longitude': '-122.39847275186533', 'human_address': '{""address"": """", ""city"": """", ""state"": """", ""zip"": """"}'}",1.08E+11,,28,28,0,0,1,constr type 1,1,constr type 1,2007-07-26T00:00:00.000,,,,,
5ea1d72eeabbc96ff8ab0265,2.01E+11,8,otc alterations permit,2007-01-03T00:00:00.000,3583,81,4039,18th,St,"pa# 2004/01/12/3824 correct address from 4039-18th st to ""4039-18th st(restaurant); 4041-18th st(apt) 4041a-18th st (apt)",complete,2007-01-04T00:00:00.000,2007-01-03T00:00:00.000,2007-01-03T00:00:00.000,2007-05-03T00:00:00.000Z,1,1,1 family dwelling,2 family dwelling,0,8,Castro/Upper Market,94114,"{'latitude': '37.76077879399695', 'longitude': '-122.43364712416276', 'human_address': '{""address"": """", ""city"": """", ""state"": """", ""zip"": """"}'}",1.08E+12,,2,3,1,2,5,wood frame (5),5,wood frame (5),2007-01-04T00:00:00.000,,,,,
5ea1d72eeabbc96ff8ab0266,2.01E+11,8,otc alterations permit,2007-01-03T00:00:00.000,3583,81,4041,18th,St,"pa# 2004/01/12/3824 correct address from 4039-18th st to ""4039-18th st(restaurant); 4041-18th st(apt) 4041a-18th st (apt)",complete,2007-01-04T00:00:00.000,2007-01-03T00:00:00.000,2007-01-03T00:00:00.000,2007-05-03T00:00:00.000Z,1,1,1 family dwelling,2 family dwelling,0,8,Castro/Upper Market,94114,"{'latitude': '37.76077879399695', 'longitude': '-122.43364712416276', 'human_address': '{""address"": """", ""city"": """", ""state"": """", ""zip"": """"}'}",1.08E+12,,2,3,1,2,5,wood frame (5),5,wood frame (5),2007-01-04T00:00:00.000,,,,,
5ea1d72eeabbc96ff8ab0267,2.01E+11,8,otc alterations permit,2007-01-03T00:00:00.000,3583,81,4041,18th,St,"pa# 2004/01/12/3824 correct address from 4039-18th st to ""4039-18th st(restaurant); 4041-18th st(apt) 4041a-18th st (apt)",complete,2007-01-04T00:00:00.000,2007-01-03T00:00:00.000,2007-01-03T00:00:00.000,2007-05-03T00:00:00.000Z,1,1,1 family dwelling,2 family dwelling,0,8,Castro/Upper Market,94114,"{'latitude': '37.76077879399695', 'longitude': '-122.43364712416276', 'human_address': '{""address"": """", ""city"": """", ""state"": """", ""zip"": """"}'}",1.08E+12,,2,3,1,2,5,wood frame (5),5,wood frame (5),2007-01-04T00:00:00.000,,,A,,
5ea1d72eeabbc96ff8ab0268,2.01E+11,8,otc alterations permit,2007-01-03T00:00:00.000,740,9,620,Eddy,St,"apt# 25, kitchen & bathroom remodel. apt# 43, kitchen & bathroom remodel. no structural. no lighting work on both.",complete,2007-05-09T00:00:00.000,2007-01-03T00:00:00.000,2007-01-03T00:00:00.000,2007-07-03T00:00:00.000Z,25000,25000,apartments,apartments,0,6,Tenderloin,94109,"{'latitude': '37.7835060196071', 'longitude': '-122.41808025881474', 'human_address': '{""address"": """", ""city"": """", ""state"": """", ""zip"": """"}'}",1.08E+11,,6,6,34,34,1,constr type 1,1,constr type 1,2007-05-09T00:00:00.000,,,,,
5ea1d72eeabbc96ff8ab0269,2.01E+11,8,otc alterations permit,2007-01-03T00:00:00.000,321,38,725,Ofarrell,St,"apt# 48, kitchen & bathroom remodel. no structural. no lighting work. comply with his nov# 200685691.",complete,2007-05-21T00:00:00.000,2007-01-03T00:00:00.000,2007-01-03T00:00:00.000,2007-07-03T00:00:00.000Z,15000,15000,apartments,apartments,0,6,Tenderloin,94109,"{'latitude': '37.785038372434045', 'longitude': '-122.4167052215627', 'human_address': '{""address"": """", ""city"": """", ""state"": """", ""zip"": """"}'}",1.08E+11,,6,6,31,31,5,wood frame (5),5,wood frame (5),2007-05-21T00:00:00.000,,,,,
5ea1d72eeabbc96ff8ab026a,M52542,8,otc alterations permit,2007-01-03T00:00:00.000,3583,81,4039,18th,St,verification and additional address,issued,2007-01-03T00:00:00.000,2007-01-03T00:00:00.000,2007-01-03T00:00:00.000,,,0,,,,8,Castro/Upper Market,94114,"{'latitude': '37.76077879399695', 'longitude': '-122.43364712416276', 'human_address': '{""address"": """", ""city"": """", ""state"": """", ""zip"": """"}'}",1.08E+12,,,,,,,,,,,,,,,
5ea1d72eeabbc96ff8ab026b,M52542,8,otc alterations permit,2007-01-03T00:00:00.000,3583,81,4041,18th,St,verification and additional address,issued,2007-01-03T00:00:00.000,2007-01-03T00:00:00.000,2007-01-03T00:00:00.000,,,0,,,,8,Castro/Upper Market,94114,"{'latitude': '37.76077879399695', 'longitude': '-122.43364712416276', 'human_address': '{""address"": """", ""city"": """", ""state"": """", ""zip"": """"}'}",1.08E+12,,,,,,,,,,,,,,,
5ea1d72eeabbc96ff8ab026c,M52542,8,otc alterations permit,2007-01-03T00:00:00.000,3583,81,4041,18th,St,verification and additional address,issued,2007-01-03T00:00:00.000,2007-01-03T00:00:00.000,2007-01-03T00:00:00.000,,,0,,,,8,Castro/Upper Market,94114,"{'latitude': '37.76077879399695', 'longitude': '-122.43364712416276', 'human_address': '{""address"": """", ""city"": """", ""state"": """", ""zip"": """"}'}",1.08E+12,,,,,,,,,,,,,A,,
5ea1d72eeabbc96ff8ab026d,M52543,8,otc alterations permit,2007-01-03T00:00:00.000,6593,23,1509,Church,St,street space & sidewalk permit only.,issued,2007-01-03T00:00:00.000,2007-01-03T00:00:00.000,2007-01-03T00:00:00.000,,,0,,,,8,Noe Valley,94131,"{'latitude': '37.74665132768645', 'longitude': '-122.4266659825892', 'human_address': '{""address"": """", ""city"": """", ""state"": """", ""zip"": """"}'}",1.08E+12,,,,,,,,,,,,,,,
5ea1d72eeabbc96ff8ab026e,M52544,8,otc alterations permit,2007-01-03T00:00:00.000,1473,4,7750,Geary,Bl,sidewalk permit only.,issued,2007-01-03T00:00:00.000,2007-01-03T00:00:00.000,2007-01-03T00:00:00.000,,,0,,,,1,Outer Richmond,94121,"{'latitude': '37.77980557137059', 'longitude': '-122.50273151308741', 'human_address': '{""address"": """", ""city"": """", ""state"": """", ""zip"": """"}'}",1.08E+12,,,,,,,,,,,,,,,
5ea1d72eeabbc96ff8ab026f,2.01E+11,8,otc alterations permit,2007-01-03T00:00:00.000,233,44,4,Embarcadero Center,,17/fl. tenant improvements-build new wiring closet remodel existing fax room and build new av wall in conf. room. no increase in office space.,complete,2007-07-06T00:00:00.000,2007-01-03T00:00:00.000,2007-01-03T00:00:00.000,2008-01-03T00:00:00.000Z,35000,35000,office,office,2,3,Financial District/South Beach,94111,"{'latitude': '37.79506002552974', 'longitude': '-122.39593224461805', 'human_address': '{""address"": """", ""city"": """", ""state"": """", ""zip"": """"}'}",1.08E+11,,44,44,0,0,1,constr type 1,1,constr type 1,2007-07-06T00:00:00.000,,,,,
5ea1d72eeabbc96ff8ab0270,2.01E+11,8,otc alterations permit,2007-01-03T00:00:00.000,233,44,4,Embarcadero Center,,16th floor - tenant improvements- upgrade existing equipment room for new equipment & add new wiring closet. no increase in office space. mechanical under separate permit.,complete,2007-07-06T00:00:00.000,2007-01-03T00:00:00.000,2007-01-03T00:00:00.000,2008-01-03T00:00:00.000Z,65000,65000,office,office,2,3,Financial District/South Beach,94111,"{'latitude': '37.79506002552974', 'longitude': '-122.39593224461805', 'human_address': '{""address"": """", ""city"": """", ""state"": """", ""zip"": """"}'}",1.08E+11,,44,44,0,0,1,constr type 1,1,constr type 1,2007-07-06T00:00:00.000,,,,,
5ea1d72eeabbc96ff8ab0271,M52545,8,otc alterations permit,2007-01-03T00:00:00.000,3641,23,3182,24th,St,sidewalk permit only.,issued,2007-01-03T00:00:00.000,2007-01-03T00:00:00.000,2007-01-03T00:00:00.000,,,0,,,,9,Mission,94110,"{'latitude': '37.7525173058029', 'longitude': '-122.41596989133278', 'human_address': '{""address"": """", ""city"": """", ""state"": """", ""zip"": """"}'}",1.08E+12,,,,,,,,,,,,,,,
5ea1d72eeabbc96ff8ab0272,M52545,8,otc alterations permit,2007-01-03T00:00:00.000,3641,23,3198,24th,St,sidewalk permit only.,issued,2007-01-03T00:00:00.000,2007-01-03T00:00:00.000,2007-01-03T00:00:00.000,,,0,,,,9,Mission,94110,"{'latitude': '37.7525173058029', 'longitude': '-122.41596989133278', 'human_address': '{""address"": """", ""city"": """", ""state"": """", ""zip"": """"}'}",1.08E+12,0,,,,,,,,,,,,,,
5ea1d72eeabbc96ff8ab0273,2.01E+11,8,otc alterations permit,2007-01-03T00:00:00.000,233,44,4,Embarcadero Center,,18th floor - tenant improvements - build new wiring closet. no increase in office space.,complete,2007-09-20T00:00:00.000,2007-01-03T00:00:00.000,2007-01-03T00:00:00.000,2008-01-03T00:00:00.000Z,28000,28000,office,office,2,3,Financial District/South Beach,94111,"{'latitude': '37.79506002552974', 'longitude': '-122.39593224461805', 'human_address': '{""address"": """", ""city"": """", ""state"": """", ""zip"": """"}'}",1.08E+11,,44,44,0,0,1,constr type 1,1,constr type 1,2007-09-20T00:00:00.000,,,,,
5ea1d72eeabbc96ff8ab0274,2.01E+11,8,otc alterations permit,2007-01-03T00:00:00.000,550,020A,2344,Van Ness,Av,"work @ apt# 4 only. remodel kitchen & bath. sheetrock. kitchen, bath, living rooms. (electrical, plumbing work under separate permits).",complete,2007-09-20T00:00:00.000,2007-01-03T00:00:00.000,2007-01-03T00:00:00.000,2007-07-03T00:00:00.000Z,18000,18000,apartments,apartments,0,3,Russian Hill,94109,"{'latitude': '37.797287852178265', 'longitude': '-122.42334139652708', 'human_address': '{""address"": """", ""city"": """", ""state"": """", ""zip"": """"}'}",1.08E+11,,3,3,9,9,5,wood frame (5),5,wood frame (5),2007-09-20T00:00:00.000,,,,,
5ea1d72eeabbc96ff8ab0275,M52546,8,otc alterations permit,2007-01-03T00:00:00.000,2614,88,167,Beaver,St,street space,issued,2007-01-03T00:00:00.000,2007-01-03T00:00:00.000,2007-01-03T00:00:00.000,,,0,,,,8,Castro/Upper Market,94114,"{'latitude': '37.76519200457511', 'longitude': '-122.43695272329116', 'human_address': '{""address"": """", ""city"": """", ""state"": """", ""zip"": """"}'}",1.08E+12,,,,,,,,,,,,,,,
5ea1d72eeabbc96ff8ab0276,M52547,8,otc alterations permit,2007-01-03T00:00:00.000,161,20,1216,Stockton,St,street space,issued,2007-01-03T00:00:00.000,2007-01-03T00:00:00.000,2007-01-03T00:00:00.000,,,0,,,,3,Chinatown,94133,"{'latitude': '37.79701963800501', 'longitude': '-122.40825676434942', 'human_address': '{""address"": """", ""city"": """", ""state"": """", ""zip"": """"}'}",1.08E+12,0,,,,,,,,,,,,,,
5ea1d72eeabbc96ff8ab0277,M52546,8,otc alterations permit,2007-01-03T00:00:00.000,2614,88,169,Beaver,St,street space,issued,2007-01-03T00:00:00.000,2007-01-03T00:00:00.000,2007-01-03T00:00:00.000,,,0,,,,8,Castro/Upper Market,94114,"{'latitude': '37.76519200457511', 'longitude': '-122.43695272329116', 'human_address': '{""address"": """", ""city"": """", ""state"": """", ""zip"": """"}'}",1.08E+12,,,,,,,,,,,,,,,
5ea1d72eeabbc96ff8ab0278,2.01E+11,8,otc alterations permit,2007-01-03T00:00:00.000,1830,33,1450,24th,Av,reroofing,expired,2007-07-24T00:00:00.000,2007-01-03T00:00:00.000,2007-01-03T00:00:00.000,2007-05-03T00:00:00.000Z,3000,3000,1 family dwelling,1 family dwelling,0,4,Sunset/Parkside,94122,"{'latitude': '37.76057451544572', 'longitude': '-122.48196060524137', 'human_address': '{""address"": """", ""city"": """", ""state"": """", ""zip"": """"}'}",1.08E+12,,,,,,,,,,,,,,,
5ea1d72eeabbc96ff8ab0279,M52548,8,otc alterations permit,2007-01-03T00:00:00.000,6663,35,143,Randall,St,street space permit,issued,2007-01-03T00:00:00.000,2007-01-03T00:00:00.000,2007-01-03T00:00:00.000,,,0,,,,8,Glen Park,94131,"{'latitude': '37.73949798012811', 'longitude': '-122.42650124959856', 'human_address': '{""address"": """", ""city"": """", ""state"": """", ""zip"": """"}'}",1.08E+12,,,,,,,,,,,,,,,
5ea1d72eeabbc96ff8ab027a,M52549,8,otc alterations permit,2007-01-03T00:00:00.000,6529,1,2900,Mission,St,street space & sidewalk repair permit,issued,2007-01-03T00:00:00.000,2007-01-03T00:00:00.000,2007-01-03T00:00:00.000,,,0,,,,9,Mission,94110,"{'latitude': '37.750446079988734', 'longitude': '-122.41855190139987', 'human_address': '{""address"": """", ""city"": """", ""state"": """", ""zip"": """"}'}",1.08E+12,,,,,,,,,,,,,,,
5ea1d72eeabbc96ff8ab027b,2.01E+11,8,otc alterations permit,2007-01-03T00:00:00.000,922,11,2222,Bay,St,"replace cabinets, counters & appliances in kitchen. replace tile & fixtures in 2 baths. only will change 50% of electrical voltage (or less).",complete,2007-11-20T00:00:00.000,2007-01-03T00:00:00.000,2007-01-03T00:00:00.000,2008-01-03T00:00:00.000Z,40000,40000,1 family dwelling,1 family dwelling,0,2,Marina,94123,"{'latitude': '37.80198883613823', 'longitude': '-122.44374877919802', 'human_address': '{""address"": """", ""city"": """", ""state"": """", ""zip"": """"}'}",1.08E+11,,1,1,1,1,5,wood frame (5),5,wood frame (5),2007-11-20T00:00:00.000,,,,,
5ea1d72eeabbc96ff8ab027c,2.01E+11,8,otc alterations permit,2007-01-03T00:00:00.000,858,15,100,Webster,St,replace front steps in kind same as original.,complete,2007-05-16T00:00:00.000,2007-01-03T00:00:00.000,2007-01-03T00:00:00.000,2007-05-03T00:00:00.000Z,5000,5000,2 family dwelling,2 family dwelling,2,5,Hayes Valley,94102,"{'latitude': '37.77153414751733', 'longitude': '-122.42841889851438', 'human_address': '{""address"": """", ""city"": """", ""state"": """", ""zip"": """"}'}",1.08E+11,,3,3,2,2,5,wood frame (5),5,wood frame (5),2007-05-16T00:00:00.000,,,,,
5ea1d72eeabbc96ff8ab027d,2.01E+11,8,otc alterations permit,2007-01-03T00:00:00.000,1019,7,3400,California,St,"suite 302-office t.i. framing, electrical, plumbing to facilitete new dental office, upgrade front entry for disabled access.",complete,2007-08-10T00:00:00.000,2007-01-03T00:00:00.000,2007-01-03T00:00:00.000,2008-01-03T00:00:00.000Z,99000,99000,office,office,2,2,Presidio Heights,94118,"{'latitude': '37.786961090897854', 'longitude': '-122.4504153631611', 'human_address': '{""address"": """", ""city"": """", ""state"": """", ""zip"": """"}'}",1.08E+11,,3,3,0,0,5,wood frame (5),5,wood frame (5),2007-08-10T00:00:00.000,,,,,
5ea1d72eeabbc96ff8ab027e,2.01E+11,8,otc alterations permit,2007-01-03T00:00:00.000,858,15,102,Webster,St,replace front steps in kind same as original.,complete,2007-05-16T00:00:00.000,2007-01-03T00:00:00.000,2007-01-03T00:00:00.000,2007-05-03T00:00:00.000Z,5000,5000,2 family dwelling,2 family dwelling,2,5,Hayes Valley,94102,"{'latitude': '37.77153414751733', 'longitude': '-122.42841889851438', 'human_address': '{""address"": """", ""city"": """", ""state"": """", ""zip"": """"}'}",1.08E+12,,3,3,2,2,5,wood frame (5),5,wood frame (5),2007-05-16T00:00:00.000,,,,,
5ea1d72eeabbc96ff8ab027f,2.01E+11,8,otc alterations permit,2007-01-03T00:00:00.000,567,45,1998,Broadway,,"upgrade and resurface kitchen cabients, new granite counter, all new appliances, relocate oven and electrical outlets. no change- less than 50% of voltage, no structural changes",complete,2007-03-28T00:00:00.000,2007-01-03T00:00:00.000,2007-01-03T00:00:00.000,2007-07-03T00:00:00.000Z,18000,18000,apartments,apartments,0,2,Pacific Heights,94123,"{'latitude': '37.79527582255174', 'longitude': '-122.42978783701675', 'human_address': '{""address"": """", ""city"": """", ""state"": """", ""zip"": """"}'}",1.08E+11,503,16,16,82,82,1,constr type 1,1,constr type 1,2007-03-28T00:00:00.000,,,,,
5ea1d72eeabbc96ff8ab0280,2.01E+11,8,otc alterations permit,2007-01-03T00:00:00.000,6342,16,762,Edinburg,St,reroofing,expired,2007-11-16T00:00:00.000,2007-01-03T00:00:00.000,2007-01-03T00:00:00.000,2007-07-03T00:00:00.000Z,9200,9200,1 family dwelling,1 family dwelling,0,11,Excelsior,94112,"{'latitude': '37.71726148008134', 'longitude': '-122.43535180983467', 'human_address': '{""address"": """", ""city"": """", ""state"": """", ""zip"": """"}'}",1.08E+12,,,,,,,,,,,,,,,
5ea1d72eeabbc96ff8ab0281,2.01E+11,3,additions alterations or repairs,2007-01-03T00:00:00.000,865,9,53,Potomac,St,"interior modifications & alterations to unit 1, interior improvements to (e) ground floor storage area (existing 3x6 stud walls to remain). rear windows at ground floor to be replaced with vinyl frame. double pane.",expired,2009-12-17T00:00:00.000,2007-01-03T00:00:00.000,2007-08-27T00:00:00.000,2008-08-27T00:00:00.000Z,35000,45300,apartments,apartments,2,8,Haight Ashbury,94117,"{'latitude': '37.76998198777702', 'longitude': '-122.43278540447395', 'human_address': '{""address"": """", ""city"": """", ""state"": """", ""zip"": """"}'}",1.08E+11,,3,3,5,5,5,wood frame (5),5,wood frame (5),,,,,,
5ea1d72eeabbc96ff8ab0282,2.01E+11,3,additions alterations or repairs,2007-01-03T00:00:00.000,865,9,55,Potomac,St,"interior modifications & alterations to unit 1, interior improvements to (e) ground floor storage area (existing 3x6 stud walls to remain). rear windows at ground floor to be replaced with vinyl frame. double pane.",expired,2009-12-17T00:00:00.000,2007-01-03T00:00:00.000,2007-08-27T00:00:00.000,2008-08-27T00:00:00.000Z,35000,45300,apartments,apartments,2,8,Haight Ashbury,94117,"{'latitude': '37.76998198777702', 'longitude': '-122.43278540447395', 'human_address': '{""address"": """", ""city"": """", ""state"": """", ""zip"": """"}'}",1.08E+12,,3,3,5,5,5,wood frame (5),5,wood frame (5),,,,,,
5ea1d72eeabbc96ff8ab0283,2.01E+11,3,additions alterations or repairs,2007-01-03T00:00:00.000,865,9,57,Potomac,St,"interior modifications & alterations to unit 1, interior improvements to (e) ground floor storage area (existing 3x6 stud walls to remain). rear windows at ground floor to be replaced with vinyl frame. double pane.",expired,2009-12-17T00:00:00.000,2007-01-03T00:00:00.000,2007-08-27T00:00:00.000,2008-08-27T00:00:00.000Z,35000,45300,apartments,apartments,2,8,Haight Ashbury,94117,"{'latitude': '37.76998198777702', 'longitude': '-122.43278540447395', 'human_address': '{""address"": """", ""city"": """", ""state"": """", ""zip"": """"}'}",1.08E+12,0,3,3,5,5,5,wood frame (5),5,wood frame (5),,,,,,
5ea1d72eeabbc96ff8ab0284,2.01E+11,8,otc alterations permit,2007-01-03T00:00:00.000,6640,6,578,30th,St,replacing in kind plants on existing backyard deck. deck deck size is 10'x11'. no structural work involved.,expired,2007-09-12T00:00:00.000,2007-01-03T00:00:00.000,2007-01-03T00:00:00.000,2007-05-03T00:00:00.000Z,2100,2100,1 family dwelling,1 family dwelling,0,8,Noe Valley,94131,"{'latitude': '37.74199536398506', 'longitude': '-122.4326382341294', 'human_address': '{""address"": """", ""city"": """", ""state"": """", ""zip"": """"}'}",1.08E+12,,2,2,1,1,5,wood frame (5),5,wood frame (5),,,,,,
5ea1d72eeabbc96ff8ab0285,M52562,8,otc alterations permit,2007-01-03T00:00:00.000,3702,31,84,07th,St,street space permit,issued,2007-01-03T00:00:00.000,2007-01-03T00:00:00.000,2007-01-03T00:00:00.000,,,0,,,,6,South of Market,94103,"{'latitude': '37.77921556141061', 'longitude': '-122.41133424577785', 'human_address': '{""address"": """", ""city"": """", ""state"": """", ""zip"": """"}'}",1.08E+12,,,,,,,,,,,,,,,
5ea1d72eeabbc96ff8ab0286,2.01E+11,8,otc alterations permit,2007-01-03T00:00:00.000,6083,24,4675,Mission,St,"remove (e) partitions, add one handicap bathroom, change front door, relocate water heater",complete,2007-04-18T00:00:00.000,2007-01-03T00:00:00.000,2007-01-03T00:00:00.000,2008-01-03T00:00:00.000Z,26000,26000,office,office,2,11,Excelsior,94112,"{'latitude': '37.72340639171642', 'longitude': '-122.4354308118601', 'human_address': '{""address"": """", ""city"": """", ""state"": """", ""zip"": """"}'}",1.08E+12,,1,1,0,0,5,wood frame (5),5,wood frame (5),2007-04-18T00:00:00.000,,,,,
5ea1d72eeabbc96ff8ab0287,M52563,8,otc alterations permit,2007-01-03T00:00:00.000,296,6,400,Post,St,street space,issued,2007-01-03T00:00:00.000,2007-01-03T00:00:00.000,2007-01-03T00:00:00.000,,,0,,,,3,Nob Hill,94102,"{'latitude': '37.7885124308055', 'longitude': '-122.40881241187822', 'human_address': '{""address"": """", ""city"": """", ""state"": """", ""zip"": """"}'}",1.08E+12,0,,,,,,,,,,,,,,
5ea1d72eeabbc96ff8ab0288,2.01E+11,8,otc alterations permit,2007-01-03T00:00:00.000,2168,22,2090,Great,Hy,"unit 303: remodel kitchen, bathroom, add desk area.",complete,2007-06-19T00:00:00.000,2007-01-03T00:00:00.000,2007-01-03T00:00:00.000,2008-01-03T00:00:00.000Z,27000,27000,apartments,apartments,2,4,Sunset/Parkside,94116,"{'latitude': '37.747491071643836', 'longitude': '-122.50746033866602', 'human_address': '{""address"": """", ""city"": """", ""state"": """", ""zip"": """"}'}",1.08E+12,,3,3,18,18,5,wood frame (5),5,wood frame (5),2007-06-19T00:00:00.000,,,,,
5ea1d72eeabbc96ff8ab0289,M52564,8,otc alterations permit,2007-01-03T00:00:00.000,7085,18,602,Randolph,St,street space,issued,2007-01-03T00:00:00.000,2007-01-03T00:00:00.000,2007-01-03T00:00:00.000,,,0,,,,11,Oceanview/Merced/Ingleside,94132,"{'latitude': '37.71451226398692', 'longitude': '-122.46814827929423', 'human_address': '{""address"": """", ""city"": """", ""state"": """", ""zip"": """"}'}",1.08E+12,,,,,,,,,,,,,,,
5ea1d72eeabbc96ff8ab028a,2.01E+11,8,otc alterations permit,2007-01-03T00:00:00.000,3649,16,291,Chattanooga,St,"revision to app #200609132191 to rebuild rear stairs in kind to add additonal concrete side walk adjacent to deck for access, provide new electrical light fixture below deck surface at soffit, repair dry rot at extg sliding glass door extg to deck, replace extg sliding glass door, provide",issued,2007-01-03T00:00:00.000,2007-01-03T00:00:00.000,2007-01-03T00:00:00.000,2007-05-03T00:00:00.000Z,1500,1500,2 family dwelling,2 family dwelling,2,8,Noe Valley,94114,"{'latitude': '37.752079881120096', 'longitude': '-122.42604804283071', 'human_address': '{""address"": """", ""city"": """", ""state"": """", ""zip"": """"}'}",1.08E+12,,3,3,2,2,5,wood frame (5),5,wood frame (5),,,,,,
5ea1d72eeabbc96ff8ab028b,M52582,8,otc alterations permit,2007-01-03T00:00:00.000,6616,14,36,Valley,St,street space & sidewalk,issued,2007-01-03T00:00:00.000,2007-01-03T00:00:00.000,2007-01-03T00:00:00.000,,,0,,,,8,Noe Valley,94110,"{'latitude': '37.74496395502768', 'longitude': '-122.42310235545759', 'human_address': '{""address"": """", ""city"": """", ""state"": """", ""zip"": """"}'}",1.08E+12,,,,,,,,,,,,,,,
5ea1d72eeabbc96ff8ab028c,M52583,8,otc alterations permit,2007-01-03T00:00:00.000,1271,25,900,Cole,St,street space & sidewalk,issued,2007-01-03T00:00:00.000,2007-01-03T00:00:00.000,2007-01-03T00:00:00.000,,,0,,,,5,Haight Ashbury,94117,"{'latitude': '37.76557939843032', 'longitude': '-122.4496953623936', 'human_address': '{""address"": """", ""city"": """", ""state"": """", ""zip"": """"}'}",1.08E+11,,,,,,,,,,,,,,,
5ea1d72eeabbc96ff8ab028d,2.01E+11,8,otc alterations permit,2007-01-03T00:00:00.000,233,44,4,Embarcadero Center,,"revised oti-1, 32nd floor. revision to pa# 2006/12/04/9038. delete scope of work.",complete,2007-01-30T00:00:00.000,2007-01-03T00:00:00.000,2007-01-03T00:00:00.000,2007-05-03T00:00:00.000Z,100,100,office,office,2,3,Financial District/South Beach,94111,"{'latitude': '37.79506002552974', 'longitude': '-122.39593224461805', 'human_address': '{""address"": """", ""city"": """", ""state"": """", ""zip"": """"}'}",1.08E+11,,40,40,0,0,1,constr type 1,1,constr type 1,2007-01-30T00:00:00.000,,,,,
5ea1d72eeabbc96ff8ab028e,M52585,8,otc alterations permit,2007-01-03T00:00:00.000,1013,14,3880,Sacramento,St,street space permit,issued,2007-01-03T00:00:00.000,2007-01-03T00:00:00.000,2007-01-03T00:00:00.000,,,0,,,,2,Presidio Heights,94118,"{'latitude': '37.78720305442757', 'longitude': '-122.45655278739959', 'human_address': '{""address"": """", ""city"": """", ""state"": """", ""zip"": """"}'}",1.08E+11,,,,,,,,,,,,,,,
5ea1d72eeabbc96ff8ab028f,M52584,8,otc alterations permit,2007-01-03T00:00:00.000,2069,11,2533,Noriega,St,street space & sidewalk,issued,2007-01-03T00:00:00.000,2007-01-03T00:00:00.000,2007-01-03T00:00:00.000,,,0,,,,4,Sunset/Parkside,94122,"{'latitude': '37.753397612480235', 'longitude': '-122.49083490810457', 'human_address': '{""address"": """", ""city"": """", ""state"": """", ""zip"": """"}'}",1.08E+12,,,,,,,,,,,,,,,
5ea1d72eeabbc96ff8ab0290,2.01E+11,8,otc alterations permit,2007-01-03T00:00:00.000,6083,23,4681,Mission,St,"remove (e) partitions, add one handicap bathrooms",complete,2007-04-18T00:00:00.000,2007-01-03T00:00:00.000,2007-01-03T00:00:00.000,2007-07-03T00:00:00.000Z,14000,20000,office,office,2,11,Excelsior,94112,"{'latitude': '37.723347549635', 'longitude': '-122.4354753519899', 'human_address': '{""address"": """", ""city"": """", ""state"": """", ""zip"": """"}'}",1.08E+12,,1,1,0,0,5,wood frame (5),5,wood frame (5),2007-04-18T00:00:00.000,,,,,
5ea1d72eeabbc96ff8ab0291,2.01E+11,8,otc alterations permit,2007-01-03T00:00:00.000,233,44,4,Embarcadero Center,,electrical & mechanical work on 36th floor for pa# 2006/11/22/8404.,complete,2007-02-09T00:00:00.000,2007-01-03T00:00:00.000,2007-01-03T00:00:00.000,2007-07-03T00:00:00.000Z,8000,8000,office,office,2,3,Financial District/South Beach,94111,"{'latitude': '37.79506002552974', 'longitude': '-122.39593224461805', 'human_address': '{""address"": """", ""city"": """", ""state"": """", ""zip"": """"}'}",1.08E+11,,40,40,0,0,1,constr type 1,1,constr type 1,2007-02-09T00:00:00.000,,,,,
5ea1d72eeabbc96ff8ab0292,M52586,8,otc alterations permit,2007-01-03T00:00:00.000,657,24,2458,Bush,St,sidewalk repair,issued,2007-01-03T00:00:00.000,2007-01-03T00:00:00.000,2007-01-03T00:00:00.000,,,0,,,,5,Pacific Heights,94115,"{'latitude': '37.786683732140546', 'longitude': '-122.43781532239619', 'human_address': '{""address"": """", ""city"": """", ""state"": """", ""zip"": """"}'}",1.08E+11,,,,,,,,,,,,,,,
5ea1d72eeabbc96ff8ab0293,M52587,8,otc alterations permit,2007-01-03T00:00:00.000,3558,32,231,Sanchez,St,sidewalk repair,issued,2007-01-03T00:00:00.000,2007-01-03T00:00:00.000,2007-01-03T00:00:00.000,,,0,,,,8,Castro/Upper Market,94114,"{'latitude': '37.76531838656072', 'longitude': '-122.43061106912894', 'human_address': '{""address"": """", ""city"": """", ""state"": """", ""zip"": """"}'}",1.08E+12,,,,,,,,,,,,,,,
5ea1d72eeabbc96ff8ab0294,M52587,8,otc alterations permit,2007-01-03T00:00:00.000,3558,32,233,Sanchez,St,sidewalk repair,issued,2007-01-03T00:00:00.000,2007-01-03T00:00:00.000,2007-01-03T00:00:00.000,,,0,,,,8,Castro/Upper Market,94114,"{'latitude': '37.76531838656072', 'longitude': '-122.43061106912894', 'human_address': '{""address"": """", ""city"": """", ""state"": """", ""zip"": """"}'}",1.08E+12,,,,,,,,,,,,,,,
5ea1d72eeabbc96ff8ab0295,M52588,8,otc alterations permit,2007-01-03T00:00:00.000,657,011D,2454,Bush,St,sidewalk repair,issued,2007-01-03T00:00:00.000,2007-01-03T00:00:00.000,2007-01-03T00:00:00.000,,,0,,,,5,Pacific Heights,94115,"{'latitude': '37.78691742789319', 'longitude': '-122.43779869602983', 'human_address': '{""address"": """", ""city"": """", ""state"": """", ""zip"": """"}'}",1.08E+11,,,,,,,,,,,,,,,
5ea1d72eeabbc96ff8ab0296,2.01E+11,8,otc alterations permit,2007-01-03T00:00:00.000,163,12,592,Pacific,Av,provide accessibilty for first floor by installations new ada bathroom on 1st floor for umb buildings,complete,2007-05-02T00:00:00.000,2007-01-03T00:00:00.000,2007-01-03T00:00:00.000,2007-07-03T00:00:00.000Z,8000,8000,office,office,2,3,North Beach,94133,"{'latitude': '37.797232670953534', 'longitude': '-122.4051544012308', 'human_address': '{""address"": """", ""city"": """", ""state"": """", ""zip"": """"}'}",1.08E+11,,2,2,0,0,3,constr type 3,3,constr type 3,2007-05-02T00:00:00.000,,,,,
5ea1d72eeabbc96ff8ab0297,2.01E+11,8,otc alterations permit,2007-01-03T00:00:00.000,163,12,596,Pacific,Av,provide accessibilty for first floor by installations new ada bathroom on 1st floor for umb buildings,complete,2007-05-02T00:00:00.000,2007-01-03T00:00:00.000,2007-01-03T00:00:00.000,2007-07-03T00:00:00.000Z,8000,8000,office,office,2,3,North Beach,94133,"{'latitude': '37.797232670953534', 'longitude': '-122.4051544012308', 'human_address': '{""address"": """", ""city"": """", ""state"": """", ""zip"": """"}'}",1.08E+12,,2,2,0,0,3,constr type 3,3,constr type 3,2007-05-02T00:00:00.000,,,,,
5ea1d72eeabbc96ff8ab0298,2.01E+11,8,otc alterations permit,2007-01-03T00:00:00.000,955,23,2775,Green,St,"new stucco on rear elevation. replace (e) stucco, new paper & lathe, approx 850 sq. ft. (not visible from street).",complete,2007-09-20T00:00:00.000,2007-01-03T00:00:00.000,2007-01-03T00:00:00.000,2007-07-03T00:00:00.000Z,16000,16000,1 family dwelling,1 family dwelling,0,2,Pacific Heights,94123,"{'latitude': '37.79468232336658', 'longitude': '-122.44465200431452', 'human_address': '{""address"": """", ""city"": """", ""state"": """", ""zip"": """"}'}",1.08E+11,,4,4,1,1,5,wood frame (5),5,wood frame (5),2007-09-20T00:00:00.000,,,,,
5ea1d72eeabbc96ff8ab0299,2.01E+11,8,otc alterations permit,2007-01-03T00:00:00.000,4100,030B,501,Connecticut,St,"demo permit for street level retail tenant improvement. no changes to envelope,no change to occupancy no structural work until this permit. see app#200612119615 for all proposed work.",issued,2007-01-03T00:00:00.000,2007-01-03T00:00:00.000,2007-01-03T00:00:00.000,2007-05-03T00:00:00.000Z,1000,1000,food/beverage hndlng,food/beverage hndlng,2,10,Potrero Hill,94107,"{'latitude': '37.75984798080597', 'longitude': '-122.39696923437235', 'human_address': '{""address"": """", ""city"": """", ""state"": """", ""zip"": """"}'}",1.08E+12,,1,1,0,0,5,wood frame (5),5,wood frame (5),,,,,,
5ea1d72eeabbc96ff8ab029a,2.01E+11,8,otc alterations permit,2007-01-03T00:00:00.000,955,23,2775,Green,St,renew pa# 2006/07/24/7412 & pa# 2005/11/02/7228 for final inspection only.,complete,2007-09-20T00:00:00.000,2007-01-03T00:00:00.000,2007-01-03T00:00:00.000,2007-05-03T00:00:00.000Z,1,1,1 family dwelling,1 family dwelling,0,2,Pacific Heights,94123,"{'latitude': '37.79468232336658', 'longitude': '-122.44465200431452', 'human_address': '{""address"": """", ""city"": """", ""state"": """", ""zip"": """"}'}",1.08E+11,,4,4,1,1,5,wood frame (5),5,wood frame (5),2007-09-20T00:00:00.000,,,,,
5ea1d72eeabbc96ff8ab029b,2.01E+11,8,otc alterations permit,2007-01-03T00:00:00.000,2435,36,2599,34th,Av,reroofing,issued,2007-01-03T00:00:00.000,2007-01-03T00:00:00.000,2007-01-03T00:00:00.000,2007-07-03T00:00:00.000Z,15300,15300,apartments,apartments,0,4,Sunset/Parkside,94116,"{'latitude': '37.738821380820404', 'longitude': '-122.49168826545507', 'human_address': '{""address"": """", ""city"": """", ""state"": """", ""zip"": """"}'}",1.08E+12,,,,,,,,,,,,,,,
5ea1d72eeabbc96ff8ab029c,M52602,8,otc alterations permit,2007-01-03T00:00:00.000,6528,38,2985,Mission,St,sidewalk permit only.,issued,2007-01-03T00:00:00.000,2007-01-03T00:00:00.000,2007-01-03T00:00:00.000,,,0,,,,9,Mission,94110,"{'latitude': '37.74941444045446', 'longitude': '-122.41782767998272', 'human_address': '{""address"": """", ""city"": """", ""state"": """", ""zip"": """"}'}",1.08E+12,,,,,,,,,,,,,,,
5ea1d72eeabbc96ff8ab029d,M52602,8,otc alterations permit,2007-01-03T00:00:00.000,6528,38,2989,Mission,St,sidewalk permit only.,issued,2007-01-03T00:00:00.000,2007-01-03T00:00:00.000,2007-01-03T00:00:00.000,,,0,,,,9,Mission,94110,"{'latitude': '37.74941444045446', 'longitude': '-122.41782767998272', 'human_address': '{""address"": """", ""city"": """", ""state"": """", ""zip"": """"}'}",1.08E+12,,,,,,,,,,,,,,,
5ea1d72eeabbc96ff8ab029e,2.01E+11,8,otc alterations permit,2007-01-03T00:00:00.000,1334,015B,184,25th,Av,reroofing,issued,2007-01-03T00:00:00.000,2007-01-03T00:00:00.000,2007-01-03T00:00:00.000,2007-07-03T00:00:00.000Z,13750,13750,1 family dwelling,1 family dwelling,0,2,Seacliff,94121,"{'latitude': '37.78609446841356', 'longitude': '-122.48494559599249', 'human_address': '{""address"": """", ""city"": """", ""state"": """", ""zip"": """"}'}",1.08E+11,,,,,,,,,,,,,,,
5ea1d72eeabbc96ff8ab029f,2.01E+11,8,otc alterations permit,2007-01-03T00:00:00.000,3604,95,713,Noe,St,bathroom remodel new fixtures at finishes. no new floor area or moved walls,complete,2007-04-09T00:00:00.000,2007-01-03T00:00:00.000,2007-01-03T00:00:00.000,2008-01-03T00:00:00.000Z,30000,30000,1 family dwelling,1 family dwelling,2,8,Castro/Upper Market,94114,"{'latitude': '37.757479735945005', 'longitude': '-122.43210957256163', 'human_address': '{""address"": """", ""city"": """", ""state"": """", ""zip"": """"}'}",1.08E+12,713,3,3,2,2,5,wood frame (5),5,wood frame (5),2007-04-09T00:00:00.000,,,,,
5ea1d72eeabbc96ff8ab02a0,2.01E+11,3,additions alterations or repairs,2007-01-03T00:00:00.000,296,13,575,Sutter,St,2/fl - build out 4 new vacant tenant suites on 2/fl fr (e) building shell space & construct 1-hr rated corrider. construct new offices within each suite. install plumbing hookups within suites for future restroom buildouts. new finishes throughout.mech under separate permit.complaint #200679767.,complete,2008-02-07T00:00:00.000,2007-01-03T00:00:00.000,2007-08-29T00:00:00.000,2008-08-29T00:00:00.000Z,280000,280000,office,office,2,3,Nob Hill,94102,"{'latitude': '37.788796048444254', 'longitude': '-122.40971046192098', 'human_address': '{""address"": """", ""city"": """", ""state"": """", ""zip"": """"}'}",1.08E+11,,3,3,0,0,3,constr type 3,3,constr type 3,2008-02-07T00:00:00.000,,,,,
5ea1d72eeabbc96ff8ab02a1,M52603,8,otc alterations permit,2007-01-03T00:00:00.000,3590,25,2271,Mission,St,sidewalk permit only.,issued,2007-01-03T00:00:00.000,2007-01-03T00:00:00.000,2007-01-03T00:00:00.000,,,0,,,,9,Mission,94110,"{'latitude': '37.76071403026909', 'longitude': '-122.41889626874202', 'human_address': '{""address"": """", ""city"": """", ""state"": """", ""zip"": """"}'}",1.08E+12,,,,,,,,,,,,,,,
5ea1d72eeabbc96ff8ab02a2,M52603,8,otc alterations permit,2007-01-03T00:00:00.000,3590,25,2275,Mission,St,sidewalk permit only.,issued,2007-01-03T00:00:00.000,2007-01-03T00:00:00.000,2007-01-03T00:00:00.000,,,0,,,,9,Mission,94110,"{'latitude': '37.76071403026909', 'longitude': '-122.41889626874202', 'human_address': '{""address"": """", ""city"": """", ""state"": """", ""zip"": """"}'}",1.08E+12,,,,,,,,,,,,,,,
5ea1d72eeabbc96ff8ab02a3,2.01E+11,3,additions alterations or repairs,2007-01-03T00:00:00.000,3787,18,244,Townsend,St,"revision to pa# 2004/10/26/7745. complete (e) facade to match (e) surrounding finishing. structural alteration to entry ways, add new shear wall. add new storefront windows & doors. add cap to open chase to roof.",expired,2007-10-19T00:00:00.000,2007-01-03T00:00:00.000,2007-02-28T00:00:00.000,2008-02-29T00:00:00.000Z,248000,14000,office,office,2,6,South of Market,94107,"{'latitude': '37.778265006252326', 'longitude': '-122.39388190504624', 'human_address': '{""address"": """", ""city"": """", ""state"": """", ""zip"": """"}'}",1.08E+12,,1,1,0,0,5,wood frame (5),5,wood frame (5),,,,,,
5ea1d72eeabbc96ff8ab02a4,2.01E+11,8,otc alterations permit,2007-01-03T00:00:00.000,53,4,428,Chestnut,St,reroofing,issued,2007-01-03T00:00:00.000,2007-01-03T00:00:00.000,2007-01-03T00:00:00.000,2007-07-03T00:00:00.000Z,14450,14450,apartments,apartments,0,3,North Beach,94133,"{'latitude': '37.80438862049285', 'longitude': '-122.41047680987249', 'human_address': '{""address"": """", ""city"": """", ""state"": """", ""zip"": """"}'}",1.08E+12,,,,,,,,,,,,,,,
5ea1d72eeabbc96ff8ab02a5,2.01E+11,8,otc alterations permit,2007-01-03T00:00:00.000,53,4,430,Chestnut,St,reroofing,issued,2007-01-03T00:00:00.000,2007-01-03T00:00:00.000,2007-01-03T00:00:00.000,2007-07-03T00:00:00.000Z,14450,14450,apartments,apartments,0,3,North Beach,94133,"{'latitude': '37.80438862049285', 'longitude': '-122.41047680987249', 'human_address': '{""address"": """", ""city"": """", ""state"": """", ""zip"": """"}'}",1.08E+12,,,,,,,,,,,,,,,
5ea1d72eeabbc96ff8ab02a6,2.01E+11,8,otc alterations permit,2007-01-03T00:00:00.000,53,4,432,Chestnut,St,reroofing,issued,2007-01-03T00:00:00.000,2007-01-03T00:00:00.000,2007-01-03T00:00:00.000,2007-07-03T00:00:00.000Z,14450,14450,apartments,apartments,0,3,North Beach,94133,"{'latitude': '37.80438862049285', 'longitude': '-122.41047680987249', 'human_address': '{""address"": """", ""city"": """", ""state"": """", ""zip"": """"}'}",1.08E+12,,,,,,,,,,,,,,,
5ea1d72eeabbc96ff8ab02a7,2.01E+11,8,otc alterations permit,2007-01-03T00:00:00.000,7094,12,74,Lobos,St,revision for excavation at 72 lobos st property line. install new 3x lagging/shoring. comply with correction notice issued on 10/24/06,complete,2009-08-28T00:00:00.000,2007-01-03T00:00:00.000,2007-01-03T00:00:00.000,2007-07-03T00:00:00.000Z,6000,6000,1 family dwelling,1 family dwelling,2,11,Oceanview/Merced/Ingleside,94112,"{'latitude': '37.71518707240587', 'longitude': '-122.45515059451459', 'human_address': '{""address"": """", ""city"": """", ""state"": """", ""zip"": """"}'}",1.08E+12,,1,1,1,1,5,wood frame (5),5,wood frame (5),2009-08-28T00:00:00.000,,,,,
5ea1d72eeabbc96ff8ab02a8,M52622,8,otc alterations permit,2007-01-03T00:00:00.000,1887,16,1594,42nd,Av,street space permit,issued,2007-01-03T00:00:00.000,2007-01-03T00:00:00.000,2007-01-03T00:00:00.000,,,0,,,,4,Sunset/Parkside,94122,"{'latitude': '37.75703769280017', 'longitude': '-122.50114266143139', 'human_address': '{""address"": """", ""city"": """", ""state"": """", ""zip"": """"}'}",1.08E+12,,,,,,,,,,,,,,,
5ea1d72eeabbc96ff8ab02a9,2.01E+11,8,otc alterations permit,2007-01-03T00:00:00.000,701,4,1581,Webster,St,as builts requested by fire inspector relocated 3 heads for new hallway & ceiling heads done by others,complete,2007-02-05T00:00:00.000,2007-01-03T00:00:00.000,2007-01-03T00:00:00.000,2007-05-03T00:00:00.000Z,2400,2400,office,office,2,,,,,1.08E+12,,1,1,0,0,3,constr type 3,3,constr type 3,2007-02-05T00:00:00.000,,,,,
5ea1d72eeabbc96ff8ab02aa,2.01E+11,8,otc alterations permit,2007-01-03T00:00:00.000,7056,32,111,Thrift,St,legalize rooms on garage level. to comply w/ & correct to violation #200683876,complete,2007-06-14T00:00:00.000,2007-01-03T00:00:00.000,2007-01-03T00:00:00.000,2007-07-03T00:00:00.000Z,25000,25000,1 family dwelling,1 family dwelling,2,11,Oceanview/Merced/Ingleside,94112,"{'latitude': '37.71722251026894', 'longitude': '-122.45658683716051', 'human_address': '{""address"": """", ""city"": """", ""state"": """", ""zip"": """"}'}",1.08E+12,,2,2,1,1,5,wood frame (5),5,wood frame (5),2007-06-14T00:00:00.000,,,,,
5ea1d72eeabbc96ff8ab02ab,M52623,8,otc alterations permit,2007-01-03T00:00:00.000,1637,25,650,08th,Av,street space permit,issued,2007-01-03T00:00:00.000,2007-01-03T00:00:00.000,2007-01-03T00:00:00.000,,,0,,,,1,Inner Richmond,94118,"{'latitude': '37.77618136554926', 'longitude': '-122.46575531780914', 'human_address': '{""address"": """", ""city"": """", ""state"": """", ""zip"": """"}'}",1.08E+12,,,,,,,,,,,,,,,
5ea1d72eeabbc96ff8ab02ac,2.01E+11,8,otc alterations permit,2007-01-03T00:00:00.000,7094,32,72,Lobos,St,install  new 3x lagging/shoring at 74 lobos st underpin extg bldg foundation approx 10 linear feet at 72 lobos st. reffer to revision to approved appl. #200508039381,complete,2009-08-28T00:00:00.000,2007-01-03T00:00:00.000,2007-01-03T00:00:00.000,2007-05-03T00:00:00.000Z,500,500,1 family dwelling,1 family dwelling,2,11,Oceanview/Merced/Ingleside,94112,"{'latitude': '37.71518759850341', 'longitude': '-122.45506416784788', 'human_address': '{""address"": """", ""city"": """", ""state"": """", ""zip"": """"}'}",1.08E+12,,2,2,1,1,5,wood frame (5),5,wood frame (5),2009-08-28T00:00:00.000,,,,,
5ea1d72eeabbc96ff8ab02ad,2.01E+11,3,additions alterations or repairs,2007-01-03T00:00:00.000,230,28,1,Embarcadero Center,,"17th floor only - reinforcement of floor slab to support new files, 17th fl, structural oti-1 #200609273477. no increase in office space.",expired,2009-02-10T00:00:00.000,2007-01-03T00:00:00.000,2007-01-17T00:00:00.000,2007-07-17T00:00:00.000Z,10000,10000,office,office,2,3,Financial District/South Beach,94111,"{'latitude': '37.79464865862657', 'longitude': '-122.39964659799554', 'human_address': '{""address"": """", ""city"": """", ""state"": """", ""zip"": """"}'}",1.08E+11,,46,46,0,0,1,constr type 1,1,constr type 1,,,,,,
5ea1d72eeabbc96ff8ab02ae,M52624,8,otc alterations permit,2007-01-03T00:00:00.000,765,3,350,Mcallister,St,street space permit,issued,2007-01-03T00:00:00.000,2007-01-03T00:00:00.000,2007-01-03T00:00:00.000,,,0,,,,6,Tenderloin,94102,"{'latitude': '37.781041578523926', 'longitude': '-122.41791138747561', 'human_address': '{""address"": """", ""city"": """", ""state"": """", ""zip"": """"}'}",1.08E+11,,,,,,,,,,,,,,,
5ea1d72eeabbc96ff8ab02af,2.01E+11,8,otc alterations permit,2007-01-03T00:00:00.000,6020,40,647,Brazil,Av,renewal of permit #78900 to convert into living quarter. remove limited commercial use (abandoned more than 20 years). current use of property-residential only. no new construction & no change in structure needed.,complete,2007-03-30T00:00:00.000,2007-01-03T00:00:00.000,2007-01-03T00:00:00.000,2007-05-03T00:00:00.000Z,1,1,office,1 family dwelling,2,11,Excelsior,94112,"{'latitude': '37.72221093094206', 'longitude': '-122.42932778349939', 'human_address': '{""address"": """", ""city"": """", ""state"": """", ""zip"": """"}'}",1.08E+12,,1,1,1,1,5,wood frame (5),5,wood frame (5),2007-03-30T00:00:00.000,,,,,
5ea1d72eeabbc96ff8ab02b0,2.01E+11,8,otc alterations permit,2007-01-03T00:00:00.000,952,14,2574,Green,St,"renew pa# 200508099857, 200502085088 & 200507288917",expired,2008-02-05T00:00:00.000,2007-01-03T00:00:00.000,2007-01-03T00:00:00.000,2007-05-03T00:00:00.000Z,1,1,1 family dwelling,1 family dwelling,0,2,Marina,94123,"{'latitude': '37.795668444856915', 'longitude': '-122.4414161181534', 'human_address': '{""address"": """", ""city"": """", ""state"": """", ""zip"": """"}'}",1.08E+11,,4,4,1,1,5,wood frame (5),5,wood frame (5),,,,,,
5ea1d72eeabbc96ff8ab02b1,2.01E+11,8,otc alterations permit,2007-01-03T00:00:00.000,918,004A,3460,Baker,St,"renew pa# 200603166829, 200603235250.",complete,2007-01-04T00:00:00.000,2007-01-03T00:00:00.000,2007-01-03T00:00:00.000,2007-05-03T00:00:00.000Z,1,1,1 family dwelling,1 family dwelling,0,2,Marina,94123,"{'latitude': '37.80315450886029', 'longitude': '-122.44662995016387', 'human_address': '{""address"": """", ""city"": """", ""state"": """", ""zip"": """"}'}",1.08E+11,,4,4,1,1,5,wood frame (5),5,wood frame (5),2007-01-04T00:00:00.000,,,,,
5ea1d72eeabbc96ff8ab02b2,2.01E+11,8,otc alterations permit,2007-01-03T00:00:00.000,3602,33,241,Hartford,St,"replace some dryrotted studs (@5-8) at the rear wall of 1st floor, in kind revision to 200512160557",expired,2008-07-08T00:00:00.000,2007-01-03T00:00:00.000,2007-01-03T00:00:00.000,2007-05-03T00:00:00.000Z,200,200,2 family dwelling,2 family dwelling,0,8,Castro/Upper Market,94114,"{'latitude': '37.7587107388066', 'longitude': '-122.4333620117638', 'human_address': '{""address"": """", ""city"": """", ""state"": """", ""zip"": """"}'}",1.08E+12,,2,2,2,2,5,wood frame (5),5,wood frame (5),,,,,,
5ea1d72eeabbc96ff8ab02b3,2.01E+11,8,otc alterations permit,2007-01-03T00:00:00.000,262,13,255,California,St,relocate 6 fire sprinklers on the 4th floor only,complete,2007-06-14T00:00:00.000,2007-01-03T00:00:00.000,2007-01-03T00:00:00.000,2007-05-03T00:00:00.000Z,2400,2400,office,office,2,3,Financial District/South Beach,94111,"{'latitude': '37.792962974036634', 'longitude': '-122.39950975756949', 'human_address': '{""address"": """", ""city"": """", ""state"": """", ""zip"": """"}'}",1.08E+11,,15,15,0,0,1,constr type 1,1,constr type 1,2007-06-14T00:00:00.000,,,,,
5ea1d72eeabbc96ff8ab02b4,2.01E+11,8,otc alterations permit,2007-01-03T00:00:00.000,3602,33,241,Hartford,St,renew application 3200512160557,expired,2008-07-08T00:00:00.000,2007-01-03T00:00:00.000,2007-01-03T00:00:00.000,2007-05-03T00:00:00.000Z,500,1,2 family dwelling,2 family dwelling,0,8,Castro/Upper Market,94114,"{'latitude': '37.7587107388066', 'longitude': '-122.4333620117638', 'human_address': '{""address"": """", ""city"": """", ""state"": """", ""zip"": """"}'}",1.08E+12,,2,2,2,2,5,wood frame (5),5,wood frame (5),,,,,,
5ea1d72eeabbc96ff8ab02b5,2.01E+11,8,otc alterations permit,2007-01-03T00:00:00.000,262,13,255,California,St,relocate 8 and plug 2 on the 4th floor only,complete,2007-06-06T00:00:00.000,2007-01-03T00:00:00.000,2007-01-03T00:00:00.000,2007-05-03T00:00:00.000Z,3200,3200,office,office,2,3,Financial District/South Beach,94111,"{'latitude': '37.792962974036634', 'longitude': '-122.39950975756949', 'human_address': '{""address"": """", ""city"": """", ""state"": """", ""zip"": """"}'}",1.08E+11,,15,15,0,0,1,constr type 1,1,constr type 1,2007-06-06T00:00:00.000,,,,,
5ea1d72eeabbc96ff8ab02b6,2.01E+11,8,otc alterations permit,2007-01-03T00:00:00.000,2323,12,2279,26th,Av,"replace 19 windows size for size, visable from st, front window wil be replace w/wood windows.",complete,2007-05-09T00:00:00.000,2007-01-03T00:00:00.000,2007-01-03T00:00:00.000,2007-07-03T00:00:00.000Z,17800,17800,1 family dwelling,1 family dwelling,0,4,Sunset/Parkside,94116,"{'latitude': '37.744990616357015', 'longitude': '-122.48368064621246', 'human_address': '{""address"": """", ""city"": """", ""state"": """", ""zip"": """"}'}",1.08E+12,,2,2,1,1,5,wood frame (5),5,wood frame (5),2007-05-09T00:00:00.000,,,,,
5ea1d72eeabbc96ff8ab02b7,M52642,8,otc alterations permit,2007-01-03T00:00:00.000,3610,19,2491,Mission,St,sidewalk permit,issued,2007-01-03T00:00:00.000,2007-01-03T00:00:00.000,2007-01-03T00:00:00.000,,,0,,,,9,Mission,94110,"{'latitude': '37.75725843351711', 'longitude': '-122.41860450913026', 'human_address': '{""address"": """", ""city"": """", ""state"": """", ""zip"": """"}'}",1.08E+12,,,,,,,,,,,,,,,
5ea1d72eeabbc96ff8ab02b8,2.01E+11,8,otc alterations permit,2007-01-03T00:00:00.000,2404,16,2487,21st,Av,"replace 3 windows & 2 patio doors, size to size.",complete,2007-02-08T00:00:00.000,2007-01-03T00:00:00.000,2007-01-03T00:00:00.000,2007-07-03T00:00:00.000Z,9659,9659,1 family dwelling,1 family dwelling,0,4,Sunset/Parkside,94116,"{'latitude': '37.74141262807023', 'longitude': '-122.47805511314857', 'human_address': '{""address"": """", ""city"": """", ""state"": """", ""zip"": """"}'}",1.08E+12,,2,2,1,1,5,wood frame (5),5,wood frame (5),2007-02-08T00:00:00.000,,,,,
5ea1d72eeabbc96ff8ab02b9,2.01E+11,8,otc alterations permit,2007-01-03T00:00:00.000,6603,17,440,28th,St,revision to pa# 2006/05/18/1956 permitted 5 windows. onlly replacing 3 windows. for records only.,expired,2007-08-21T00:00:00.000,2007-01-03T00:00:00.000,2007-01-03T00:00:00.000,2007-05-03T00:00:00.000Z,1,1,1 family dwelling,1 family dwelling,0,8,Noe Valley,94131,"{'latitude': '37.74520670696469', 'longitude': '-122.43238621334818', 'human_address': '{""address"": """", ""city"": """", ""state"": """", ""zip"": """"}'}",1.08E+12,,2,2,1,1,5,wood frame (5),5,wood frame (5),,,,,,
5ea1d72eeabbc96ff8ab02ba,M52662,8,otc alterations permit,2007-01-03T00:00:00.000,2614,46,267,Roosevelt,Wy,street space permit,issued,2007-01-03T00:00:00.000,2007-01-03T00:00:00.000,2007-01-03T00:00:00.000,,,0,,,,8,Castro/Upper Market,94114,"{'latitude': '37.765577455029344', 'longitude': '-122.44038986925105', 'human_address': '{""address"": """", ""city"": """", ""state"": """", ""zip"": """"}'}",1.08E+12,,,,,,,,,,,,,,,
5ea1d72eeabbc96ff8ab02bb,2.01E+11,8,otc alterations permit,2007-01-03T00:00:00.000,3651,32,139,Vicksburg,St,"replace rear stairway & deck platforms (2nd means of egress) ""in-kind"". no other structural improvements.",complete,2008-01-28T00:00:00.000,2007-01-03T00:00:00.000,2007-01-03T00:00:00.000,2007-07-03T00:00:00.000Z,10000,10000,apartments,apartments,2,8,Noe Valley,94114,"{'latitude': '37.752677456109964', 'longitude': '-122.42833542441876', 'human_address': '{""address"": """", ""city"": """", ""state"": """", ""zip"": """"}'}",1.08E+12,,3,3,6,6,5,wood frame (5),5,wood frame (5),2008-01-28T00:00:00.000,,,,,
5ea1d72eeabbc96ff8ab02bc,2.01E+11,8,otc alterations permit,2007-01-03T00:00:00.000,3651,32,147,Vicksburg,St,"replace rear stairway & deck platforms (2nd means of egress) ""in-kind"". no other structural improvements.",complete,2008-01-28T00:00:00.000,2007-01-03T00:00:00.000,2007-01-03T00:00:00.000,2007-07-03T00:00:00.000Z,10000,10000,apartments,apartments,2,8,Noe Valley,94114,"{'latitude': '37.752677456109964', 'longitude': '-122.42833542441876', 'human_address': '{""address"": """", ""city"": """", ""state"": """", ""zip"": """"}'}",1.08E+12,,3,3,6,6,5,wood frame (5),5,wood frame (5),2008-01-28T00:00:00.000,,,,,
5ea1d72eeabbc96ff8ab02bd,M52664,8,otc alterations permit,2007-01-03T00:00:00.000,163,5,909,Montgomery,St,street space permit,issued,2007-01-03T00:00:00.000,2007-01-03T00:00:00.000,2007-01-03T00:00:00.000,,,0,,,,3,North Beach,94133,"{'latitude': '37.797509439407904', 'longitude': '-122.40406962115884', 'human_address': '{""address"": """", ""city"": """", ""state"": """", ""zip"": """"}'}",1.08E+11,,,,,,,,,,,,,,,
5ea1d72eeabbc96ff8ab02be,2.01E+11,8,otc alterations permit,2007-01-03T00:00:00.000,2702,8,4748,19th,St,"remove & replace existing deck with new smaller deck 2 esterior doors at east wall, 7 windows. windows & doors same size & locatiuon. windows facing street.",complete,2007-03-22T00:00:00.000,2007-01-03T00:00:00.000,2007-01-03T00:00:00.000,2008-01-03T00:00:00.000Z,35000,35000,1 family dwelling,1 family dwelling,2,8,Castro/Upper Market,94114,"{'latitude': '37.75900729961362', 'longitude': '-122.4428161888663', 'human_address': '{""address"": """", ""city"": """", ""state"": """", ""zip"": """"}'}",1.08E+12,,1,1,1,1,5,wood frame (5),5,wood frame (5),2007-03-22T00:00:00.000,Y,,,,
5ea1d72eeabbc96ff8ab02bf,M52665,8,otc alterations permit,2007-01-03T00:00:00.000,3501,2,30,Guerrero,St,street space permit,issued,2007-01-03T00:00:00.000,2007-01-03T00:00:00.000,2007-01-03T00:00:00.000,,,0,,,,8,Mission,94103,"{'latitude': '37.770149558214804', 'longitude': '-122.4249916224382', 'human_address': '{""address"": """", ""city"": """", ""state"": """", ""zip"": """"}'}",1.08E+12,,,,,,,,,,,,,,,
5ea1d72eeabbc96ff8ab02c0,2.01E+11,8,otc alterations permit,2007-01-03T00:00:00.000,492,26,1901,Chestnut,St,unit 7 - remove & replace 350 sq ft of drywall and insulation 350 sq ft paint. nov 200674773.,complete,2007-01-26T00:00:00.000,2007-01-03T00:00:00.000,2007-01-03T00:00:00.000,2007-05-03T00:00:00.000Z,2500,2500,apartments,apartments,0,2,Marina,94123,"{'latitude': '37.80082760475481', 'longitude': '-122.43479954972616', 'human_address': '{""address"": """", ""city"": """", ""state"": """", ""zip"": """"}'}",1.08E+12,,3,3,12,12,5,wood frame (5),5,wood frame (5),2007-01-26T00:00:00.000,,,,,
5ea1d72eeabbc96ff8ab02c1,2.01E+11,8,otc alterations permit,2007-01-03T00:00:00.000,6971A,40,96,Seminole,Av,reroofing,complete,2007-01-17T00:00:00.000,2007-01-03T00:00:00.000,2007-01-03T00:00:00.000,2007-07-03T00:00:00.000Z,8000,8000,1 family dwelling,1 family dwelling,0,11,Outer Mission,94112,"{'latitude': '37.71959516366661', 'longitude': '-122.44524636238908', 'human_address': '{""address"": """", ""city"": """", ""state"": """", ""zip"": """"}'}",1.08E+12,,2,2,1,1,5,wood frame (5),5,wood frame (5),2007-01-17T00:00:00.000,,,,,
5ea1d72eeabbc96ff8ab02c2,2.01E+11,8,otc alterations permit,2007-01-03T00:00:00.000,233,44,4,Embarcadero Center,,"oti-1, night hawk, 37th/fl -el,me.ls, sp.",complete,2007-05-23T00:00:00.000,2007-01-03T00:00:00.000,2007-01-03T00:00:00.000,2008-01-03T00:00:00.000Z,170000,170000,office,office,2,3,Financial District/South Beach,94111,"{'latitude': '37.79506002552974', 'longitude': '-122.39593224461805', 'human_address': '{""address"": """", ""city"": """", ""state"": """", ""zip"": """"}'}",1.08E+11,,44,44,0,0,1,constr type 1,1,constr type 1,2007-05-23T00:00:00.000,,,,,
5ea1d72eeabbc96ff8ab02c3,2.01E+11,8,otc alterations permit,2007-01-03T00:00:00.000,3544,28,31,Landers,St,"enclose extg property line wndw to comply with nov 2006  at north side wall at 1st floor approx 2'5"" by 2'5"" with 1 hr wall construction min 2x4 wall studs with 5/8 type x on each side minim.",expired,2013-02-28T00:00:00.000,2007-01-03T00:00:00.000,2007-01-03T00:00:00.000,2007-05-03T00:00:00.000Z,500,500,apartments,apartments,0,8,Castro/Upper Market,94114,"{'latitude': '37.767257610695104', 'longitude': '-122.42749276822518', 'human_address': '{""address"": """", ""city"": """", ""state"": """", ""zip"": """"}'}",1.08E+12,,3,3,4,4,5,wood frame (5),5,wood frame (5),,,,,,
5ea1d72eeabbc96ff8ab02c4,M52666,8,otc alterations permit,2007-01-03T00:00:00.000,6796,16,36,Santa Rosa,Av,street space,issued,2007-01-03T00:00:00.000,2007-01-03T00:00:00.000,2007-01-03T00:00:00.000,,,0,,,,11,Outer Mission,94112,"{'latitude': '37.72635822088466', 'longitude': '-122.43455479118334', 'human_address': '{""address"": """", ""city"": """", ""state"": """", ""zip"": """"}'}",1.08E+12,,,,,,,,,,,,,,,
5ea1d72eeabbc96ff8ab02c5,2.01E+11,8,otc alterations permit,2007-01-03T00:00:00.000,2031,3,1723,18th,Av,1 kitchen remodel. no structural change. all light to be flourescent.,complete,2007-04-24T00:00:00.000,2007-01-03T00:00:00.000,2007-01-03T00:00:00.000,2007-07-03T00:00:00.000Z,15000,15000,1 family dwelling,1 family dwelling,0,7,Inner Sunset,94122,"{'latitude': '37.75565388180566', 'longitude': '-122.47583003470427', 'human_address': '{""address"": """", ""city"": """", ""state"": """", ""zip"": """"}'}",1.08E+12,,1,1,1,1,5,wood frame (5),5,wood frame (5),2007-04-24T00:00:00.000,,,,,
5ea1d72eeabbc96ff8ab02c6,2.01E+11,8,otc alterations permit,2007-01-03T00:00:00.000,728,6,1301,Pierce,St,extend 3 walls install new door @ existing storage 3 side of enclosure toe xtend to ceiling,complete,2007-01-31T00:00:00.000,2007-01-03T00:00:00.000,2007-01-03T00:00:00.000,2007-05-03T00:00:00.000Z,1500,1500,clinics-medic/dental,clinics-medic/dental,2,5,Western Addition,94115,"{'latitude': '37.78214368839908', 'longitude': '-122.4360594822349', 'human_address': '{""address"": """", ""city"": """", ""state"": """", ""zip"": """"}'}",1.08E+12,,2,2,0,0,5,wood frame (5),5,wood frame (5),2007-01-31T00:00:00.000,,,,,
5ea1d72eeabbc96ff8ab02c7,2.01E+11,8,otc alterations permit,2007-01-03T00:00:00.000,1199,24,460,Lyon,St,"repair exterior stairway, guardrails, stair threads, risers and landing boards. less than 50% repair to comply w/ nov 20076608.",complete,2007-01-10T00:00:00.000,2007-01-03T00:00:00.000,2007-01-03T00:00:00.000,2007-05-03T00:00:00.000Z,2000,2000,apartments,apartments,0,5,Lone Mountain/USF,94117,"{'latitude': '37.775182667378125', 'longitude': '-122.44267093495081', 'human_address': '{""address"": """", ""city"": """", ""state"": """", ""zip"": """"}'}",1.08E+12,0,3,3,7,7,5,wood frame (5),5,wood frame (5),2007-01-10T00:00:00.000,,,,,
5ea1d72eeabbc96ff8ab02c8,2.01E+11,3,additions alterations or repairs,2007-01-03T00:00:00.000,3715,7,169,Steuart,St,locker room upgrades 2 & 4 floors.,complete,2007-09-25T00:00:00.000,2007-01-03T00:00:00.000,2007-02-13T00:00:00.000,2008-02-13T00:00:00.000Z,113586,250000,recreation bldg,recreation bldg,2,6,Financial District/South Beach,94105,"{'latitude': '37.79269932213698', 'longitude': '-122.3919820334882', 'human_address': '{""address"": """", ""city"": """", ""state"": """", ""zip"": """"}'}",1.08E+12,,8,8,131,131,1,constr type 1,1,constr type 1,2007-09-25T00:00:00.000,,,,,
5ea1d72eeabbc96ff8ab02c9,2.01E+11,8,otc alterations permit,2007-01-03T00:00:00.000,4039,9,398,Pennsylvania,Av,"structural revision to permit for boluntary seimic stiffening, original permit#1106240 app#200612059235. two story steel moment frame adjacent to back of garage and 2nd floor bathroom.",complete,2007-05-11T00:00:00.000,2007-01-03T00:00:00.000,2007-01-03T00:00:00.000,2007-07-03T00:00:00.000Z,11000,11000,1 family dwelling,1 family dwelling,2,10,Potrero Hill,94107,"{'latitude': '37.7615808908582', 'longitude': '-122.39382815606423', 'human_address': '{""address"": """", ""city"": """", ""state"": """", ""zip"": """"}'}",1.08E+12,,3,3,1,1,5,wood frame (5),5,wood frame (5),2007-05-11T00:00:00.000,,,,,
5ea1d72eeabbc96ff8ab02ca,2.01E+11,8,otc alterations permit,2007-01-03T00:00:00.000,7018,41,974,Plymouth,Av,reroofing.,complete,2016-10-06T00:00:00.000,2007-01-03T00:00:00.000,2007-01-03T00:00:00.000,2007-07-03T00:00:00.000Z,8000,8000,1 family dwelling,1 family dwelling,0,11,Oceanview/Merced/Ingleside,94112,"{'latitude': '37.71957425849271', 'longitude': '-122.45582035575013', 'human_address': '{""address"": """", ""city"": """", ""state"": """", ""zip"": """"}'}",1.08E+12,,,,,,,,,,2016-10-06T00:00:00.000,,,,,
5ea1d72eeabbc96ff8ab02cb,2.01E+11,8,otc alterations permit,2007-01-03T00:00:00.000,3089,78,436,Joost,Av,reroofing.,complete,2007-01-08T00:00:00.000,2007-01-03T00:00:00.000,2007-01-03T00:00:00.000,2007-07-03T00:00:00.000Z,8000,8000,1 family dwelling,1 family dwelling,0,7,West of Twin Peaks,94127,"{'latitude': '37.73257652946632', 'longitude': '-122.44516154137126', 'human_address': '{""address"": """", ""city"": """", ""state"": """", ""zip"": """"}'}",1.08E+12,,,,,,,,,,2007-01-08T00:00:00.000,,,,,
5ea1d72eeabbc96ff8ab02cc,2.01E+11,8,otc alterations permit,2007-01-03T00:00:00.000,100,39,819,Filbert,St,"comply with nov #. revision to app #200609081808. detail plans for dry rot repairs at rear four levels deck levels, floor and walls",expired,2011-04-13T00:00:00.000,2007-01-03T00:00:00.000,2007-01-03T00:00:00.000,2008-01-03T00:00:00.000Z,40000,40000,2 family dwelling,2 family dwelling,2,3,Russian Hill,94133,"{'latitude': '37.800670573107155', 'longitude': '-122.41302345810746', 'human_address': '{""address"": """", ""city"": """", ""state"": """", ""zip"": """"}'}",1.08E+11,,4,4,2,2,5,wood frame (5),5,wood frame (5),,,,,,
5ea1d72eeabbc96ff8ab02cd,2.01E+11,3,additions alterations or repairs,2007-01-03T00:00:00.000,1292,18,618,Belvedere,St,3rd story addition - site permit only.,withdrawn,2007-09-17T00:00:00.000,2007-01-03T00:00:00.000,,,450000,,1 family dwelling,1 family dwelling,2,5,Inner Sunset,94117,"{'latitude': '37.76147635810145', 'longitude': '-122.44745240091524', 'human_address': '{""address"": """", ""city"": """", ""state"": """", ""zip"": """"}'}",1.08E+11,,2,3,1,1,5,wood frame (5),5,wood frame (5),,,Y,,,
5ea1d72eeabbc96ff8ab02ce,2.01E+11,8,otc alterations permit,2007-01-03T00:00:00.000,1887,001F,1519,41st,Av,remodel existing baths on groung floor & 2nd floor in same location for plans. legalize ground floor bedroom.,complete,2007-06-08T00:00:00.000,2007-01-03T00:00:00.000,2007-01-03T00:00:00.000,2007-07-03T00:00:00.000Z,12000,12000,1 family dwelling,1 family dwelling,2,4,Sunset/Parkside,94122,"{'latitude': '37.758361055721686', 'longitude': '-122.50073472097759', 'human_address': '{""address"": """", ""city"": """", ""state"": """", ""zip"": """"}'}",1.08E+12,,2,2,1,1,5,wood frame (5),5,wood frame (5),2007-06-08T00:00:00.000,,,,,
5ea1d72eeabbc96ff8ab02cf,2.01E+11,8,otc alterations permit,2007-01-03T00:00:00.000,3540,105,139,Henry,St,remove sheetrock & chek for dry rot @ basement. bolt down. foundation all at property line. voluntary bolting minimum 5/8 bolt a at oc.,issued,2007-01-03T00:00:00.000,2007-01-03T00:00:00.000,2007-01-03T00:00:00.000,2007-05-03T00:00:00.000Z,1000,1000,apartments,apartments,0,8,Castro/Upper Market,94114,"{'latitude': '37.76636705787694', 'longitude': '-122.43421732284594', 'human_address': '{""address"": """", ""city"": """", ""state"": """", ""zip"": """"}'}",1.08E+12,0,3,3,3,3,5,wood frame (5),5,wood frame (5),,,,,,
5ea1d72eeabbc96ff8ab02d0,2.01E+11,8,otc alterations permit,2007-01-03T00:00:00.000,597,54,1812,Polk,St,"build interior walls, wiring for receptacles lighting, switches. sheetrock. paint. tile 3 bathroom floors, cork flooring in restroom, install sinks & toilets in bathroom, no structural work.",complete,2007-04-30T00:00:00.000,2007-01-03T00:00:00.000,2007-01-03T00:00:00.000,2008-01-03T00:00:00.000Z,28500,28500,retail sales,retail sales,2,3,Russian Hill,94109,"{'latitude': '37.793683059086', 'longitude': '-122.42094798104395', 'human_address': '{""address"": """", ""city"": """", ""state"": """", ""zip"": """"}'}",1.08E+12,,5,5,12,12,1,constr type 1,1,constr type 1,2007-04-30T00:00:00.000,,,,,
5ea1d72eeabbc96ff8ab02d1,M52682,8,otc alterations permit,2007-01-03T00:00:00.000,868,29,353,Waller,St,street space permit only.,issued,2007-01-03T00:00:00.000,2007-01-03T00:00:00.000,2007-01-03T00:00:00.000,,,0,,,,5,Hayes Valley,94117,"{'latitude': '37.771092957242445', 'longitude': '-122.42944513115835', 'human_address': '{""address"": """", ""city"": """", ""state"": """", ""zip"": """"}'}",1.08E+12,,,,,,,,,,,,,,,
5ea1d72eeabbc96ff8ab02d2,M52683,8,otc alterations permit,2007-01-03T00:00:00.000,643,3,1630,California,St,street space,issued,2007-01-03T00:00:00.000,2007-01-03T00:00:00.000,2007-01-03T00:00:00.000,,,0,,,,3,Nob Hill,94109,"{'latitude': '37.79082802392417', 'longitude': '-122.42118031473406', 'human_address': '{""address"": """", ""city"": """", ""state"": """", ""zip"": """"}'}",1.08E+12,,,,,,,,,,,,,,,
5ea1d72eeabbc96ff8ab02d3,2.01E+11,8,otc alterations permit,2007-01-03T00:00:00.000,1212,3,215,Cole,St,"proposed revision to 200309095983 to correcty *e( katiyt if (e) fourth floor, and for administrative correction whereby the existing 4th floor was unoccupied attic space and storage use only  (david pang 1-3-2007)",complete,2008-08-04T00:00:00.000,2007-01-03T00:00:00.000,2007-01-03T00:00:00.000,2007-05-03T00:00:00.000Z,1,1,apartments,apartments,2,5,Lone Mountain/USF,94117,"{'latitude': '37.77295138805527', 'longitude': '-122.45120688215236', 'human_address': '{""address"": """", ""city"": """", ""state"": """", ""zip"": """"}'}",1.08E+11,,4,4,3,3,5,wood frame (5),5,wood frame (5),2008-08-04T00:00:00.000,,,,,
5ea1d72eeabbc96ff8ab02d4,2.01E+11,8,otc alterations permit,2007-01-03T00:00:00.000,1212,3,217,Cole,St,"proposed revision to 200309095983 to correcty *e( katiyt if (e) fourth floor, and for administrative correction whereby the existing 4th floor was unoccupied attic space and storage use only  (david pang 1-3-2007)",complete,2008-08-04T00:00:00.000,2007-01-03T00:00:00.000,2007-01-03T00:00:00.000,2007-05-03T00:00:00.000Z,1,1,apartments,apartments,2,5,Lone Mountain/USF,94117,"{'latitude': '37.77295138805527', 'longitude': '-122.45120688215236', 'human_address': '{""address"": """", ""city"": """", ""state"": """", ""zip"": """"}'}",1.08E+12,,4,4,3,3,5,wood frame (5),5,wood frame (5),2008-08-04T00:00:00.000,,,,,
5ea1d72eeabbc96ff8ab02d5,M52702,8,otc alterations permit,2007-01-03T00:00:00.000,942,6,2710,Filbert,St,street space permit,issued,2007-01-03T00:00:00.000,2007-01-03T00:00:00.000,2007-01-03T00:00:00.000,,,0,,,,2,Marina,94123,"{'latitude': '37.797158497249235', 'longitude': '-122.444301776955', 'human_address': '{""address"": """", ""city"": """", ""state"": """", ""zip"": """"}'}",1.08E+11,,,,,,,,,,,,,,,
5ea1d72eeabbc96ff8ab02d6,2.01E+11,8,otc alterations permit,2007-01-03T00:00:00.000,2690,015B,194,Caselli,Av,repalce north & east property line retaining walls.,expired,2009-06-26T00:00:00.000,2007-01-03T00:00:00.000,2007-01-03T00:00:00.000,2008-01-03T00:00:00.000Z,40000,40000,2 family dwelling,2 family dwelling,2,8,Castro/Upper Market,94114,"{'latitude': '37.759749807234435', 'longitude': '-122.44297144782306', 'human_address': '{""address"": """", ""city"": """", ""state"": """", ""zip"": """"}'}",1.08E+12,,2,2,2,2,5,wood frame (5),5,wood frame (5),,,,,,
5ea1d72eeabbc96ff8ab02d7,2.01E+11,8,otc alterations permit,2007-01-03T00:00:00.000,497,008A,3054,Gough,St,"comply with nov# 200685678. interior remodel of kitchen, bath & laundry. no structural work.",complete,2007-03-15T00:00:00.000,2007-01-03T00:00:00.000,2007-01-03T00:00:00.000,2007-07-03T00:00:00.000Z,15000,15000,2 family dwelling,2 family dwelling,0,2,Marina,94123,"{'latitude': '37.80170333601107', 'longitude': '-122.4277156684635', 'human_address': '{""address"": """", ""city"": """", ""state"": """", ""zip"": """"}'}",1.08E+11,,2,2,2,2,5,wood frame (5),5,wood frame (5),2007-03-15T00:00:00.000,,,,,
5ea1d72eeabbc96ff8ab02d8,M52703,8,otc alterations permit,2007-01-03T00:00:00.000,3767,306,430,Main,St,street space permit,issued,2007-01-03T00:00:00.000,2007-01-03T00:00:00.000,2007-01-03T00:00:00.000,,,0,,,,6,Financial District/South Beach,94105,"{'latitude': '37.787516857219856', 'longitude': '-122.39005478497438', 'human_address': '{""address"": """", ""city"": """", ""state"": """", ""zip"": """"}'}",1.08E+12,,,,,,,,,,,,,,,
5ea1d72eeabbc96ff8ab02d9,2.01E+11,8,otc alterations permit,2007-01-03T00:00:00.000,6477,013A,173,Florentine,Av,"replace (1) kitchen cabinets, electrical upgrade on panel & kitchen circuits, outlets, switches. move furnace & water heater vent/chimney. no structural work. all lighting to be fluorescent.",complete,2007-06-22T00:00:00.000,2007-01-03T00:00:00.000,2007-01-03T00:00:00.000,2007-07-03T00:00:00.000Z,12000,12000,1 family dwelling,1 family dwelling,0,11,Excelsior,94112,"{'latitude': '37.7111386390666', 'longitude': '-122.44267456356773', 'human_address': '{""address"": """", ""city"": """", ""state"": """", ""zip"": """"}'}",1.08E+12,,2,2,1,1,5,wood frame (5),5,wood frame (5),2007-06-22T00:00:00.000,,,,,
5ea1d72eeabbc96ff8ab02da,M52722,8,otc alterations permit,2007-01-03T00:00:00.000,1430,21,200,Clement,St,street space permit only.,issued,2007-01-03T00:00:00.000,2007-01-03T00:00:00.000,2007-01-03T00:00:00.000,,,0,,,,1,Inner Richmond,94118,"{'latitude': '37.78333439840213', 'longitude': '-122.46140000455425', 'human_address': '{""address"": """", ""city"": """", ""state"": """", ""zip"": """"}'}",1.08E+11,,,,,,,,,,,,,,,
5ea1d72eeabbc96ff8ab02db,M52722,8,otc alterations permit,2007-01-03T00:00:00.000,1430,21,204,Clement,St,street space permit only.,issued,2007-01-03T00:00:00.000,2007-01-03T00:00:00.000,2007-01-03T00:00:00.000,,,0,,,,1,Inner Richmond,94118,"{'latitude': '37.78333439840213', 'longitude': '-122.46140000455425', 'human_address': '{""address"": """", ""city"": """", ""state"": """", ""zip"": """"}'}",1.08E+12,,,,,,,,,,,,,,,
5ea1d72eeabbc96ff8ab02dc,2.01E+11,8,otc alterations permit,2007-01-03T00:00:00.000,319,8,620,Ofarrell,St,install fire suppression system to kitchen hood ground floor restaurant.,expired,2009-01-27T00:00:00.000,2007-01-03T00:00:00.000,2007-01-03T00:00:00.000,2007-05-03T00:00:00.000Z,2500,2500,food/beverage hndlng,food/beverage hndlng,2,6,Tenderloin,94109,"{'latitude': '37.78571947835546', 'longitude': '-122.41511604809372', 'human_address': '{""address"": """", ""city"": """", ""state"": """", ""zip"": """"}'}",1.08E+11,,2,2,2,2,5,wood frame (5),5,wood frame (5),,,,,,
5ea1d72eeabbc96ff8ab02dd,2.01E+11,8,otc alterations permit,2007-01-03T00:00:00.000,1225,40,417,Clayton,St,"repair & repalce rotted wood in dommers area i attic. repair & replace broken railings, on lthe 2 decks in the back section of the house. add pavers to the existing decks on the back of the house. replace 3 cracked windows i the dommers not visible from the street.",expired,2007-08-30T00:00:00.000,2007-01-03T00:00:00.000,2007-01-03T00:00:00.000,2007-05-03T00:00:00.000Z,2000,2000,2 family dwelling,2 family dwelling,0,5,Haight Ashbury,94117,"{'latitude': '37.77102912197822', 'longitude': '-122.4490895889424', 'human_address': '{""address"": """", ""city"": """", ""state"": """", ""zip"": """"}'}",1.08E+11,,4,4,2,2,4,constr type 4,4,constr type 4,,,,,,
5ea1d72eeabbc96ff8ab02de,2.01E+11,8,otc alterations permit,2007-01-03T00:00:00.000,1225,40,419,Clayton,St,"repair & repalce rotted wood in dommers area i attic. repair & replace broken railings, on lthe 2 decks in the back section of the house. add pavers to the existing decks on the back of the house. replace 3 cracked windows i the dommers not visible from the street.",expired,2007-08-30T00:00:00.000,2007-01-03T00:00:00.000,2007-01-03T00:00:00.000,2007-05-03T00:00:00.000Z,2000,2000,2 family dwelling,2 family dwelling,0,5,Haight Ashbury,94117,"{'latitude': '37.77102912197822', 'longitude': '-122.4490895889424', 'human_address': '{""address"": """", ""city"": """", ""state"": """", ""zip"": """"}'}",1.08E+12,,4,4,2,2,4,constr type 4,4,constr type 4,,,,,,
5ea1d72eeabbc96ff8ab02df,2.01E+11,8,otc alterations permit,2007-01-03T00:00:00.000,914,001C,3745,Divisadero,St,renew pa# 9005891 for final inspection only,complete,2007-02-09T00:00:00.000,2007-01-03T00:00:00.000,2007-01-03T00:00:00.000,2007-05-03T00:00:00.000Z,1,1,apartments,apartments,0,2,Marina,94123,"{'latitude': '37.80423397716338', 'longitude': '-122.44402882836476', 'human_address': '{""address"": """", ""city"": """", ""state"": """", ""zip"": """"}'}",1.08E+11,,3,3,6,6,5,wood frame (5),5,wood frame (5),2007-02-09T00:00:00.000,,,,,
5ea1d72feabbc96ff8ab02e0,2.01E+11,8,otc alterations permit,2007-01-04T00:00:00.000,94,36,2112,Hyde,St,reroofing,issued,2007-01-04T00:00:00.000,2007-01-04T00:00:00.000,2007-01-04T00:00:00.000,2007-07-04T00:00:00.000Z,21870,21870,apartments,apartments,0,2,Russian Hill,94109,"{'latitude': '37.800449351587666', 'longitude': '-122.4190721273311', 'human_address': '{""address"": """", ""city"": """", ""state"": """", ""zip"": """"}'}",1.08E+12,0,,,,,,,,,,,,,,
5ea1d72feabbc96ff8ab02e1,M52884,8,otc alterations permit,2007-01-04T00:00:00.000,1439,40,639,Clement,St,sidewalk permit only.,issued,2007-01-04T00:00:00.000,2007-01-04T00:00:00.000,2007-01-04T00:00:00.000,,,0,,,,1,Inner Richmond,94118,"{'latitude': '37.78262073805518', 'longitude': '-122.46614333046185', 'human_address': '{""address"": """", ""city"": """", ""state"": """", ""zip"": """"}'}",1.08E+12,,,,,,,,,,,,,,,
5ea1d72feabbc96ff8ab02e2,2.01E+11,8,otc alterations permit,2007-01-04T00:00:00.000,310,15,100,Grant,Av,interior non structural and storefront demolition of vacant retail store on ground floor. erection on temporary constructoion barricade on sidewalk.,expired,2007-12-04T00:00:00.000,2007-01-04T00:00:00.000,2007-01-04T00:00:00.000,2007-07-04T00:00:00.000Z,20000,20000,retail sales,retail sales,2,3,Financial District/South Beach,94108,"{'latitude': '37.788050582493206', 'longitude': '-122.4048761520152', 'human_address': '{""address"": """", ""city"": """", ""state"": """", ""zip"": """"}'}",1.08E+11,,7,7,0,0,3,constr type 3,3,constr type 3,,,,,,
5ea1d72feabbc96ff8ab02e3,2.01E+11,8,otc alterations permit,2007-01-04T00:00:00.000,1646,7,741,03rd,Av,reroofing,complete,2008-12-04T00:00:00.000,2007-01-04T00:00:00.000,2007-01-04T00:00:00.000,2007-07-04T00:00:00.000Z,14725,14725,1 family dwelling,1 family dwelling,0,1,Inner Richmond,94118,"{'latitude': '37.7748166622703', 'longitude': '-122.46093965991695', 'human_address': '{""address"": """", ""city"": """", ""state"": """", ""zip"": """"}'}",1.08E+12,,,,,,,,,,2008-12-04T00:00:00.000,,,,,
5ea1d72feabbc96ff8ab02e4,2.01E+11,8,otc alterations permit,2007-01-04T00:00:00.000,2478,32,2626,19th,Av,reroofing,expired,2010-12-08T00:00:00.000,2007-01-04T00:00:00.000,2007-01-04T00:00:00.000,2007-07-04T00:00:00.000Z,12375,12375,1 family dwelling,1 family dwelling,0,7,West of Twin Peaks,94116,"{'latitude': '37.7387848314406', 'longitude': '-122.47503667647376', 'human_address': '{""address"": """", ""city"": """", ""state"": """", ""zip"": """"}'}",1.08E+12,,,,,,,,,,,,,,,
5ea1d72feabbc96ff8ab02e5,2.01E+11,8,otc alterations permit,2007-01-04T00:00:00.000,6997,31,328,Monticello,St,reroofing,issued,2007-01-04T00:00:00.000,2007-01-04T00:00:00.000,2007-01-04T00:00:00.000,2007-07-04T00:00:00.000Z,9750,9750,1 family dwelling,1 family dwelling,0,11,Oceanview/Merced/Ingleside,94132,"{'latitude': '37.72024537216744', 'longitude': '-122.47048352741959', 'human_address': '{""address"": """", ""city"": """", ""state"": """", ""zip"": """"}'}",1.08E+12,,,,,,,,,,,,,,,
5ea1d72feabbc96ff8ab02e6,2.01E+11,8,otc alterations permit,2007-01-04T00:00:00.000,264,4,1,California,St,fire sprklr/15 sprnklr/9 relocates/6 added,complete,2007-02-09T00:00:00.000,2007-01-04T00:00:00.000,2007-01-04T00:00:00.000,2007-05-04T00:00:00.000Z,1900,1900,office,office,2,3,Financial District/South Beach,94111,"{'latitude': '37.79311984802232', 'longitude': '-122.39697498027529', 'human_address': '{""address"": """", ""city"": """", ""state"": """", ""zip"": """"}'}",1.08E+11,,32,32,0,0,1,constr type 1,1,constr type 1,2007-02-09T00:00:00.000,,,,,
5ea1d72feabbc96ff8ab02e7,2.01E+11,8,otc alterations permit,2007-01-04T00:00:00.000,94,34,2112,Hyde,St,reroofing,issued,2007-01-04T00:00:00.000,2007-01-04T00:00:00.000,2007-01-04T00:00:00.000,2007-07-04T00:00:00.000Z,21870,21870,apartments,apartments,0,2,Russian Hill,94109,"{'latitude': '37.800449351587666', 'longitude': '-122.4190721273311', 'human_address': '{""address"": """", ""city"": """", ""state"": """", ""zip"": """"}'}",1.08E+12,,,,,,,,,,,,,,,
5ea1d72feabbc96ff8ab02e8,2.01E+11,8,otc alterations permit,2007-01-04T00:00:00.000,94,35,2112,Hyde,St,reroofing,issued,2007-01-04T00:00:00.000,2007-01-04T00:00:00.000,2007-01-04T00:00:00.000,2007-07-04T00:00:00.000Z,21870,21870,apartments,apartments,0,2,Russian Hill,94109,"{'latitude': '37.800449351587666', 'longitude': '-122.4190721273311', 'human_address': '{""address"": """", ""city"": """", ""state"": """", ""zip"": """"}'}",1.08E+12,0,,,,,,,,,,,,,,
5ea1d72feabbc96ff8ab02e9,M52802,8,otc alterations permit,2007-01-04T00:00:00.000,1745,5,1231,05th,Av,street space permit,issued,2007-01-04T00:00:00.000,2007-01-04T00:00:00.000,2007-01-04T00:00:00.000,,,0,,,,5,Inner Sunset,94122,"{'latitude': '37.76547355005429', 'longitude': '-122.4624038786064', 'human_address': '{""address"": """", ""city"": """", ""state"": """", ""zip"": """"}'}",1.08E+12,,,,,,,,,,,,,,,
5ea1d72feabbc96ff8ab02ea,2.01E+11,8,otc alterations permit,2007-01-04T00:00:00.000,94,37,2112,Hyde,St,reroofing,issued,2007-01-04T00:00:00.000,2007-01-04T00:00:00.000,2007-01-04T00:00:00.000,2007-07-04T00:00:00.000Z,21870,21870,apartments,apartments,0,2,Russian Hill,94109,"{'latitude': '37.800449351587666', 'longitude': '-122.4190721273311', 'human_address': '{""address"": """", ""city"": """", ""state"": """", ""zip"": """"}'}",1.08E+12,0,,,,,,,,,,,,,,
5ea1d72feabbc96ff8ab02eb,2.01E+11,8,otc alterations permit,2007-01-04T00:00:00.000,94,38,2112,Hyde,St,reroofing,issued,2007-01-04T00:00:00.000,2007-01-04T00:00:00.000,2007-01-04T00:00:00.000,2007-07-04T00:00:00.000Z,21870,21870,apartments,apartments,0,2,Russian Hill,94109,"{'latitude': '37.800449351587666', 'longitude': '-122.4190721273311', 'human_address': '{""address"": """", ""city"": """", ""state"": """", ""zip"": """"}'}",1.08E+12,0,,,,,,,,,,,,,,
5ea1d72feabbc96ff8ab02ec,2.01E+11,8,otc alterations permit,2007-01-04T00:00:00.000,2009,004Y,1775,40th,Av,reroofing.,complete,2007-02-15T00:00:00.000,2007-01-04T00:00:00.000,2007-01-04T00:00:00.000,2007-05-04T00:00:00.000Z,4900,4900,1 family dwelling,1 family dwelling,0,4,Sunset/Parkside,94122,"{'latitude': '37.753723616253474', 'longitude': '-122.49933557107873', 'human_address': '{""address"": """", ""city"": """", ""state"": """", ""zip"": """"}'}",1.08E+12,,,,,,,,,,2007-02-15T00:00:00.000,,,,,
5ea1d72feabbc96ff8ab02ed,2.01E+11,8,otc alterations permit,2007-01-04T00:00:00.000,208,26,601,Montgomery,St,oti-3 3rd floor sp,complete,2007-03-15T00:00:00.000,2007-01-04T00:00:00.000,2007-01-04T00:00:00.000,2007-07-04T00:00:00.000Z,5750,5750,office,office,2,3,Chinatown,94111,"{'latitude': '37.794836064028274', 'longitude': '-122.40352689641819', 'human_address': '{""address"": """", ""city"": """", ""state"": """", ""zip"": """"}'}",1.08E+11,,20,20,0,0,1,constr type 1,1,constr type 1,2007-03-15T00:00:00.000,,,,,
5ea1d72feabbc96ff8ab02ee,2.01E+11,8,otc alterations permit,2007-01-04T00:00:00.000,6527,021A,1049,Capp,St,repair back stairs less than 50% in kind to comply w/nov #200683953,complete,2007-05-04T00:00:00.000,2007-01-04T00:00:00.000,2007-01-09T00:00:00.000,2007-05-09T00:00:00.000Z,350,350,apartments,apartments,0,9,Mission,94110,"{'latitude': '37.749868530337615', 'longitude': '-122.41681343185323', 'human_address': '{""address"": """", ""city"": """", ""state"": """", ""zip"": """"}'}",1.08E+12,,2,2,4,4,5,wood frame (5),5,wood frame (5),2007-05-04T00:00:00.000,,,,,
5ea1d72feabbc96ff8ab02ef,2.01E+11,8,otc alterations permit,2007-01-04T00:00:00.000,1613,005T,710,32nd,Av,reroofing,issued,2007-01-04T00:00:00.000,2007-01-04T00:00:00.000,2007-01-04T00:00:00.000,2007-07-04T00:00:00.000Z,12780,12780,1 family dwelling,1 family dwelling,0,1,Outer Richmond,94121,"{'latitude': '37.77568996926883', 'longitude': '-122.49166254542851', 'human_address': '{""address"": """", ""city"": """", ""state"": """", ""zip"": """"}'}",1.08E+12,,,,,,,,,,,,,,,
5ea1d72feabbc96ff8ab02f0,M52742,8,otc alterations permit,2007-01-04T00:00:00.000,3636,11,2690,Mission,St,sidewalk repair permit,issued,2007-01-04T00:00:00.000,2007-01-04T00:00:00.000,2007-01-04T00:00:00.000,,,0,,,,9,Mission,94110,"{'latitude': '37.75402855410332', 'longitude': '-122.41897390772756', 'human_address': '{""address"": """", ""city"": """", ""state"": """", ""zip"": """"}'}",1.08E+12,,,,,,,,,,,,,,,
5ea1d72feabbc96ff8ab02f1,M52743,8,otc alterations permit,2007-01-04T00:00:00.000,589,25,2209,Pacific,Av,sidewalk permit,issued,2007-01-04T00:00:00.000,2007-01-04T00:00:00.000,2007-01-04T00:00:00.000,,,0,,,,2,Pacific Heights,94115,"{'latitude': '37.79343426231262', 'longitude': '-122.43191761910658', 'human_address': '{""address"": """", ""city"": """", ""state"": """", ""zip"": """"}'}",1.08E+11,,,,,,,,,,,,,,,
5ea1d72feabbc96ff8ab02f2,M52744,8,otc alterations permit,2007-01-04T00:00:00.000,6569,3,3018,Mission,St,sidewalk repair permit,issued,2007-01-04T00:00:00.000,2007-01-04T00:00:00.000,2007-01-04T00:00:00.000,,,0,,,,9,Mission,94110,"{'latitude': '37.748701786166485', 'longitude': '-122.41846444928798', 'human_address': '{""address"": """", ""city"": """", ""state"": """", ""zip"": """"}'}",1.08E+12,,,,,,,,,,,,,,,
5ea1d72feabbc96ff8ab02f3,2.01E+11,8,otc alterations permit,2007-01-04T00:00:00.000,2414,12,1245,Ulloa,St,rev. to pa#2005/12/29/1265: underpin (e) bldng. foundation at rear wall (7' in length) as per engineer,complete,2007-02-06T00:00:00.000,2007-01-04T00:00:00.000,2007-01-04T00:00:00.000,2007-05-04T00:00:00.000Z,800,800,1 family dwelling,1 family dwelling,2,7,West of Twin Peaks,94127,"{'latitude': '37.74120131530114', 'longitude': '-122.46945645645238', 'human_address': '{""address"": """", ""city"": """", ""state"": """", ""zip"": """"}'}",1.08E+12,,2,2,1,1,5,wood frame (5),5,wood frame (5),2007-02-06T00:00:00.000,,,,,
5ea1d72feabbc96ff8ab02f4,2.01E+11,8,otc alterations permit,2007-01-04T00:00:00.000,328,3,77,Ofarrell,St,"fire sprinkler system build back 5th, 6th,  and 7th floors 353 sprnkr",complete,2007-12-07T00:00:00.000,2007-01-04T00:00:00.000,2007-01-04T00:00:00.000,2008-01-04T00:00:00.000Z,140000,140000,retail sales,retail sales,2,3,Financial District/South Beach,94108,"{'latitude': '37.78630347434889', 'longitude': '-122.40608977025623', 'human_address': '{""address"": """", ""city"": """", ""state"": """", ""zip"": """"}'}",1.08E+12,0,6,6,0,0,3,constr type 3,3,constr type 3,2007-12-07T00:00:00.000,,,,,
5ea1d72feabbc96ff8ab02f5,2.01E+11,8,otc alterations permit,2007-01-04T00:00:00.000,936,018E,2365,Chestnut,St,upgrade existing front entrance door and existing restroom to accessible,complete,2007-01-30T00:00:00.000,2007-01-04T00:00:00.000,2007-01-04T00:00:00.000,2007-07-04T00:00:00.000Z,10000,10000,apartments,apartments,2,2,Marina,94123,"{'latitude': '37.79977063849528', 'longitude': '-122.4422247335127', 'human_address': '{""address"": """", ""city"": """", ""state"": """", ""zip"": """"}'}",1.08E+11,,1,1,3,3,5,wood frame (5),5,wood frame (5),2007-01-30T00:00:00.000,,,,,
5ea1d72feabbc96ff8ab02f6,2.01E+11,8,otc alterations permit,2007-01-04T00:00:00.000,1830,024C,1490,24th,Av,"replace 3 windows, kind for kind, wood to wood composite, visible from st. u-value 0.39.",complete,2007-04-19T00:00:00.000,2007-01-04T00:00:00.000,2007-01-04T00:00:00.000,2007-07-04T00:00:00.000Z,11800,11800,1 family dwelling,1 family dwelling,0,4,Sunset/Parkside,94122,"{'latitude': '37.75984332093765', 'longitude': '-122.48194402089496', 'human_address': '{""address"": """", ""city"": """", ""state"": """", ""zip"": """"}'}",1.08E+12,,2,2,1,1,5,wood frame (5),5,wood frame (5),2007-04-19T00:00:00.000,,,,,
5ea1d72feabbc96ff8ab02f7,2.01E+11,8,otc alterations permit,2007-01-04T00:00:00.000,6601,19,280,28th,St,"unit#3. replace 4 windows, kind for kind, alum to wood composite, not visible from st. u-value 0.39.",expired,2007-08-22T00:00:00.000,2007-01-04T00:00:00.000,2007-01-04T00:00:00.000,2007-07-04T00:00:00.000Z,9000,9000,apartments,apartments,0,8,Noe Valley,94131,"{'latitude': '37.74544160386589', 'longitude': '-122.42852821505423', 'human_address': '{""address"": """", ""city"": """", ""state"": """", ""zip"": """"}'}",1.08E+12,,2,2,4,4,5,wood frame (5),5,wood frame (5),,,,,,
5ea1d72feabbc96ff8ab02f8,2.01E+11,8,otc alterations permit,2007-01-04T00:00:00.000,216,19,1346,Hyde,St,reroofing,issued,2007-01-04T00:00:00.000,2007-01-04T00:00:00.000,2007-01-04T00:00:00.000,2007-07-04T00:00:00.000Z,23376,23376,2 family dwelling,2 family dwelling,0,3,Russian Hill,94109,"{'latitude': '37.79343766438872', 'longitude': '-122.41757498815157', 'human_address': '{""address"": """", ""city"": """", ""state"": """", ""zip"": """"}'}",1.08E+11,,,,,,,,,,,,,,,
5ea1d72feabbc96ff8ab02f9,2.01E+11,8,otc alterations permit,2007-01-04T00:00:00.000,1274,26,265,Carl,St,"replace 5 windows, kind for kind. wood to wood composite, not visible from street. u-valve 0.39.",complete,2007-06-04T00:00:00.000,2007-01-04T00:00:00.000,2007-01-04T00:00:00.000,2007-07-04T00:00:00.000Z,7600,7600,2 family dwelling,2 family dwelling,0,5,Inner Sunset,94117,"{'latitude': '37.76502990149523', 'longitude': '-122.45374128857439', 'human_address': '{""address"": """", ""city"": """", ""state"": """", ""zip"": """"}'}",1.08E+12,,2,2,2,2,5,wood frame (5),5,wood frame (5),2007-06-04T00:00:00.000,,,,,
5ea1d72feabbc96ff8ab02fa,2.01E+11,8,otc alterations permit,2007-01-04T00:00:00.000,541,29,2052,Green,St,renew permit#200606012946 to replace 10 windows and 1 door. all work in rear of house. for final inspection.,complete,2007-04-19T00:00:00.000,2007-01-04T00:00:00.000,2007-01-04T00:00:00.000,2007-05-04T00:00:00.000Z,1,1,1 family dwelling,1 family dwelling,0,2,Marina,94123,"{'latitude': '37.79673576084849', 'longitude': '-122.4330443883247', 'human_address': '{""address"": """", ""city"": """", ""state"": """", ""zip"": """"}'}",1.08E+11,2,2,2,1,1,5,wood frame (5),5,wood frame (5),2007-04-19T00:00:00.000,,,,,
5ea1d72feabbc96ff8ab02fb,M52842,8,otc alterations permit,2007-01-04T00:00:00.000,7071,8,355,Bright,St,street space,issued,2007-01-04T00:00:00.000,2007-01-04T00:00:00.000,2007-01-04T00:00:00.000,,,0,,,,11,Oceanview/Merced/Ingleside,94132,"{'latitude': '37.71714083657735', 'longitude': '-122.46380922960289', 'human_address': '{""address"": """", ""city"": """", ""state"": """", ""zip"": """"}'}",1.08E+12,,,,,,,,,,,,,,,
5ea1d72feabbc96ff8ab02fc,2.01E+11,8,otc alterations permit,2007-01-04T00:00:00.000,1584,019A,630,42nd,Av,"replace 10 windows, kind for kind. wood to wood composite, not visible from street. u-valve 0.39.",complete,2007-03-15T00:00:00.000,2007-01-04T00:00:00.000,2007-01-04T00:00:00.000,2007-07-04T00:00:00.000Z,13800,13800,1 family dwelling,1 family dwelling,0,1,Outer Richmond,94121,"{'latitude': '37.77672928384429', 'longitude': '-122.5024309451951', 'human_address': '{""address"": """", ""city"": """", ""state"": """", ""zip"": """"}'}",1.08E+12,,2,2,1,1,5,wood frame (5),5,wood frame (5),2007-03-15T00:00:00.000,,,,,
5ea1d72feabbc96ff8ab02fd,2.01E+11,8,otc alterations permit,2007-01-04T00:00:00.000,1672,5,855,29th,Av,"replace 5 windows, kind for kind. wood to wood composite, not visible from street. u-valve 0.39.",complete,2007-03-09T00:00:00.000,2007-01-04T00:00:00.000,2007-01-04T00:00:00.000,2007-07-04T00:00:00.000Z,8100,8100,1 family dwelling,1 family dwelling,0,1,Outer Richmond,94121,"{'latitude': '37.7731943897025', 'longitude': '-122.48886116602064', 'human_address': '{""address"": """", ""city"": """", ""state"": """", ""zip"": """"}'}",1.08E+12,,2,2,1,1,5,wood frame (5),5,wood frame (5),2007-03-09T00:00:00.000,,,,,
5ea1d72feabbc96ff8ab02fe,M52762,8,otc alterations permit,2007-01-04T00:00:00.000,311,15,1,Post,St,street space,issued,2007-01-04T00:00:00.000,2007-01-04T00:00:00.000,2007-01-04T00:00:00.000,,,0,,,,3,Financial District/South Beach,94104,"{'latitude': '37.78873756742995', 'longitude': '-122.40250450906785', 'human_address': '{""address"": """", ""city"": """", ""state"": """", ""zip"": """"}'}",1.08E+12,0,,,,,,,,,,,,,,
5ea1d72feabbc96ff8ab02ff,2.01E+11,8,otc alterations permit,2007-01-04T00:00:00.000,3649,38,1060,Dolores,St,to comply with nov#200672502 . repair footing at rear stair.,expired,2010-01-11T00:00:00.000,2007-01-04T00:00:00.000,2007-01-04T00:00:00.000,2007-05-04T00:00:00.000Z,1000,1000,2 family dwelling,2 family dwelling,2,8,Noe Valley,94114,"{'latitude': '37.752468221875155', 'longitude': '-122.42562520900523', 'human_address': '{""address"": """", ""city"": """", ""state"": """", ""zip"": """"}'}",1.08E+12,,2,2,2,2,5,wood frame (5),5,wood frame (5),,,,,,
5ea1d72feabbc96ff8ab0300,2.01E+11,8,otc alterations permit,2007-01-04T00:00:00.000,236,19,150,California,St,"scope of work. install 2 new door holders, 1 new smoke detector in receptions area",complete,2007-01-31T00:00:00.000,2007-01-04T00:00:00.000,2007-01-04T00:00:00.000,2007-05-04T00:00:00.000Z,3500,3500,office,office,2,3,Financial District/South Beach,94111,"{'latitude': '37.79370276622121', 'longitude': '-122.39848089207443', 'human_address': '{""address"": """", ""city"": """", ""state"": """", ""zip"": """"}'}",1.08E+11,,23,23,0,0,1,constr type 1,1,constr type 1,2007-01-31T00:00:00.000,,,,,
5ea1d72feabbc96ff8ab0301,2.01E+11,8,otc alterations permit,2007-01-04T00:00:00.000,2062,001M,1867,25th,Av,"replace 1 window & 1 patio door, kind for kind. aluminium to wood composite, not visible from street. u-valve 0.39.",complete,2007-03-06T00:00:00.000,2007-01-04T00:00:00.000,2007-01-04T00:00:00.000,2007-07-04T00:00:00.000Z,5200,5200,1 family dwelling,1 family dwelling,0,4,Sunset/Parkside,94122,"{'latitude': '37.75270216841451', 'longitude': '-122.48314308294414', 'human_address': '{""address"": """", ""city"": """", ""state"": """", ""zip"": """"}'}",1.08E+12,,2,2,1,1,5,wood frame (5),5,wood frame (5),2007-03-06T00:00:00.000,,,,,
5ea1d72feabbc96ff8ab0302,2.01E+11,8,otc alterations permit,2007-01-04T00:00:00.000,2061,13,1861,24th,Av,"replace (e) siding with hardi plank in upper floor, cover (e) siding in lower floor. at rear of bldg. repair (e) back stair in kind less than 50%. approx 320 sq. ft.",complete,2007-03-12T00:00:00.000,2007-01-04T00:00:00.000,2007-01-04T00:00:00.000,2007-07-04T00:00:00.000Z,7500,7500,1 family dwelling,1 family dwelling,0,4,Sunset/Parkside,94122,"{'latitude': '37.75282033710636', 'longitude': '-122.4820769842612', 'human_address': '{""address"": """", ""city"": """", ""state"": """", ""zip"": """"}'}",1.08E+12,,1,1,1,1,5,wood frame (5),5,wood frame (5),2007-03-12T00:00:00.000,,,,,
5ea1d72feabbc96ff8ab0303,2.01E+11,8,otc alterations permit,2007-01-04T00:00:00.000,1365,6,153,05th,Av,"renew pa#200512190667,#200607217291 to complete work.",expired,2009-03-17T00:00:00.000,2007-01-04T00:00:00.000,2007-01-04T00:00:00.000,2007-07-04T00:00:00.000Z,10000,10000,1 family dwelling,1 family dwelling,0,2,Inner Richmond,94118,"{'latitude': '37.78589502804995', 'longitude': '-122.46388736648268', 'human_address': '{""address"": """", ""city"": """", ""state"": """", ""zip"": """"}'}",1.08E+12,0,2,2,1,1,5,wood frame (5),5,wood frame (5),,,,,,
5ea1d72feabbc96ff8ab0304,2.01E+11,8,otc alterations permit,2007-01-04T00:00:00.000,266,9,1,Front,St,oti-3 6th floor me,expired,2008-03-20T00:00:00.000,2007-01-04T00:00:00.000,2007-01-04T00:00:00.000,2007-07-04T00:00:00.000Z,24000,24000,office,office,2,3,Financial District/South Beach,94111,"{'latitude': '37.79175821447036', 'longitude': '-122.39891194475122', 'human_address': '{""address"": """", ""city"": """", ""state"": """", ""zip"": """"}'}",1.08E+12,,38,38,0,0,1,constr type 1,1,constr type 1,,,,,,
5ea1d72feabbc96ff8ab0305,M52763,8,otc alterations permit,2007-01-04T00:00:00.000,3575,37,2141,Mission,St,street space & sidewalk permit only.,issued,2007-01-04T00:00:00.000,2007-01-04T00:00:00.000,2007-01-04T00:00:00.000,,,0,,,,9,Mission,94110,"{'latitude': '37.76268558606695', 'longitude': '-122.41908647662034', 'human_address': '{""address"": """", ""city"": """", ""state"": """", ""zip"": """"}'}",1.08E+12,,,,,,,,,,,,,,,
5ea1d72feabbc96ff8ab0306,2.01E+11,8,otc alterations permit,2007-01-04T00:00:00.000,318,17,673,Geary,St,"partial demolition, new walls, new doors, no structural work, new ada restrooms, new bar: rev. to pa#2006/09/19/2753-general layout has changed. all other dimensions to apply, i.e., restroom heights & dimensions",complete,2007-01-12T00:00:00.000,2007-01-04T00:00:00.000,2007-01-04T00:00:00.000,2007-05-04T00:00:00.000Z,1,1,food/beverage hndlng,food/beverage hndlng,2,6,Tenderloin,94102,"{'latitude': '37.78637293250841', 'longitude': '-122.41432041426475', 'human_address': '{""address"": """", ""city"": """", ""state"": """", ""zip"": """"}'}",1.08E+11,,2,2,0,0,3,constr type 3,3,constr type 3,2007-01-12T00:00:00.000,,,,,
5ea1d72feabbc96ff8ab0307,M52764,8,otc alterations permit,2007-01-04T00:00:00.000,5670,36,139,Cortland,Av,street space,issued,2007-01-04T00:00:00.000,2007-01-04T00:00:00.000,2007-01-04T00:00:00.000,,,0,,,,9,Bernal Heights,94110,"{'latitude': '37.74009064598756', 'longitude': '-122.4200161043758', 'human_address': '{""address"": """", ""city"": """", ""state"": """", ""zip"": """"}'}",1.08E+12,0,,,,,,,,,,,,,,
5ea1d72feabbc96ff8ab0308,M52765,8,otc alterations permit,2007-01-04T00:00:00.000,1054,33,2813,Bush,St,street space permit only.,issued,2007-01-04T00:00:00.000,2007-01-04T00:00:00.000,2007-01-04T00:00:00.000,,,0,,,,2,Presidio Heights,94115,"{'latitude': '37.785409730457154', 'longitude': '-122.44385913345275', 'human_address': '{""address"": """", ""city"": """", ""state"": """", ""zip"": """"}'}",1.08E+11,,,,,,,,,,,,,,,
5ea1d72feabbc96ff8ab0309,M52766,8,otc alterations permit,2007-01-04T00:00:00.000,1290,14,158,Carmel,St,sidewalk repair,issued,2007-01-04T00:00:00.000,2007-01-04T00:00:00.000,2007-01-04T00:00:00.000,,,0,,,,5,Inner Sunset,94117,"{'latitude': '37.761035625826196', 'longitude': '-122.44995806814728', 'human_address': '{""address"": """", ""city"": """", ""state"": """", ""zip"": """"}'}",1.08E+12,0,,,,,,,,,,,,,,
5ea1d72feabbc96ff8ab030a,2.01E+11,8,otc alterations permit,2007-01-04T00:00:00.000,2715,35,10,Grand View,Tr,"renew pa# 2005/11/16/8327 & pa# 2006/06/07/3440 for final inspection only. increase valuation to $62,000 and correct error on pa# 2005/11/16/8327 building is a 2 units building converted in 1970 application 386390.",issued,2007-01-04T00:00:00.000,2007-01-04T00:00:00.000,2007-01-04T00:00:00.000,2008-01-04T00:00:00.000Z,62000,62000,2 family dwelling,2 family dwelling,0,8,Twin Peaks,94114,"{'latitude': '37.75732456332195', 'longitude': '-122.44097752067671', 'human_address': '{""address"": """", ""city"": """", ""state"": """", ""zip"": """"}'}",1.08E+12,,2,2,2,2,5,wood frame (5),5,wood frame (5),,,,,,
5ea1d72feabbc96ff8ab030b,2.01E+11,8,otc alterations permit,2007-01-04T00:00:00.000,1270,29,870,Ashbury,St,"recondtruction  landscape/ front yard retaining walls, ad underpinning front foundation of  existing house structure.,",issued,2007-01-04T00:00:00.000,2007-01-04T00:00:00.000,2007-01-04T00:00:00.000,2008-01-04T00:00:00.000Z,29000,29000,1 family dwelling,1 family dwelling,2,8,Haight Ashbury,94117,"{'latitude': '37.76616309972431', 'longitude': '-122.44584898321351', 'human_address': '{""address"": """", ""city"": """", ""state"": """", ""zip"": """"}'}",1.08E+11,,3,3,1,1,5,wood frame (5),5,wood frame (5),,,,,,
5ea1d72feabbc96ff8ab030c,2.01E+11,8,otc alterations permit,2007-01-04T00:00:00.000,1379,16,5700,California,St,renewal of expire pa# 2006/02/02/3646 for final inspection.,complete,2007-01-05T00:00:00.000,2007-01-04T00:00:00.000,2007-01-04T00:00:00.000,2007-05-04T00:00:00.000Z,1,1,apartments,apartments,0,1,Outer Richmond,94121,"{'latitude': '37.78433744648842', 'longitude': '-122.4788523830236', 'human_address': '{""address"": """", ""city"": """", ""state"": """", ""zip"": """"}'}",1.08E+11,,4,4,12,12,5,wood frame (5),5,wood frame (5),2007-01-05T00:00:00.000,,,,,
5ea1d72feabbc96ff8ab030d,2.01E+11,8,otc alterations permit,2007-01-04T00:00:00.000,7,1,400,Jefferson,St,install an automatic fire suppression system to the cooking hood. using range guard ul 300 2.5 gallon wet chemical,expired,2009-03-02T00:00:00.000,2007-01-04T00:00:00.000,2007-01-04T00:00:00.000,2007-05-04T00:00:00.000Z,2100,2100,food/beverage hndlng,food/beverage hndlng,2,2,Russian Hill,94133,"{'latitude': '37.808160114437925', 'longitude': '-122.41999826910967', 'human_address': '{""address"": """", ""city"": """", ""state"": """", ""zip"": """"}'}",1.08E+12,,2,2,0,0,5,wood frame (5),5,wood frame (5),,,,,,
5ea1d72feabbc96ff8ab030e,2.01E+11,8,otc alterations permit,2007-01-04T00:00:00.000,1361,20,3923,California,St,kitchen & bathroom were updated prior to  ownership w/o permits. permits are to legalized both kitchen and bathroom (no changes to partitions or windows).,expired,2008-10-27T00:00:00.000,2007-01-04T00:00:00.000,2007-01-04T00:00:00.000,2007-07-04T00:00:00.000Z,16000,16000,2 family dwelling,2 family dwelling,0,1,Inner Richmond,94118,"{'latitude': '37.78537172683489', 'longitude': '-122.46005593994607', 'human_address': '{""address"": """", ""city"": """", ""state"": """", ""zip"": """"}'}",1.08E+11,,3,3,2,2,5,wood frame (5),5,wood frame (5),,,,,,
5ea1d72feabbc96ff8ab030f,2.01E+11,8,otc alterations permit,2007-01-04T00:00:00.000,6356,11,542,Sawyer,St,"replace fire damage one window size 24"" x 36"" at the rear. additional item to pa# 2006/12/21/0346. no change to construction cost.",complete,2007-08-27T00:00:00.000,2007-01-04T00:00:00.000,2007-01-04T00:00:00.000,2007-05-04T00:00:00.000Z,1,1,1 family dwelling,1 family dwelling,0,10,Visitacion Valley,94134,"{'latitude': '37.71083842086488', 'longitude': '-122.41575920096828', 'human_address': '{""address"": """", ""city"": """", ""state"": """", ""zip"": """"}'}",1.08E+12,,1,1,1,1,5,wood frame (5),5,wood frame (5),2007-08-27T00:00:00.000,,,,,
5ea1d72feabbc96ff8ab0310,M52768,8,otc alterations permit,2007-01-04T00:00:00.000,1498,39,542,47th,Av,street space & sidewalk permit,issued,2007-01-04T00:00:00.000,2007-01-04T00:00:00.000,2007-01-04T00:00:00.000,,,0,,,,1,Outer Richmond,94121,"{'latitude': '37.778110600617715', 'longitude': '-122.50790554112474', 'human_address': '{""address"": """", ""city"": """", ""state"": """", ""zip"": """"}'}",1.08E+12,,,,,,,,,,,,,,,
5ea1d72feabbc96ff8ab0311,M52767,8,otc alterations permit,2007-01-04T00:00:00.000,835,2,1438,Market,St,verification and additional address,issued,2007-01-04T00:00:00.000,2007-01-04T00:00:00.000,2007-01-04T00:00:00.000,,,0,,,,6,Tenderloin,94102,"{'latitude': '37.77622045290004', 'longitude': '-122.41843589855435', 'human_address': '{""address"": """", ""city"": """", ""state"": """", ""zip"": """"}'}",1.08E+12,,,,,,,,,,,,,,,
5ea1d72feabbc96ff8ab0312,M52767,8,otc alterations permit,2007-01-04T00:00:00.000,835,2,1440,Market,St,verification and additional address,issued,2007-01-04T00:00:00.000,2007-01-04T00:00:00.000,2007-01-04T00:00:00.000,,,0,,,,6,Tenderloin,94102,"{'latitude': '37.77622045290004', 'longitude': '-122.41843589855435', 'human_address': '{""address"": """", ""city"": """", ""state"": """", ""zip"": """"}'}",1.08E+12,,,,,,,,,,,,,,,
5ea1d72feabbc96ff8ab0313,M52767,8,otc alterations permit,2007-01-04T00:00:00.000,835,2,1442,Market,St,verification and additional address,issued,2007-01-04T00:00:00.000,2007-01-04T00:00:00.000,2007-01-04T00:00:00.000,,,0,,,,6,Tenderloin,94102,"{'latitude': '37.77622045290004', 'longitude': '-122.41843589855435', 'human_address': '{""address"": """", ""city"": """", ""state"": """", ""zip"": """"}'}",1.08E+12,,,,,,,,,,,,,,,
5ea1d72feabbc96ff8ab0314,M52767,8,otc alterations permit,2007-01-04T00:00:00.000,835,2,1444,Market,St,verification and additional address,issued,2007-01-04T00:00:00.000,2007-01-04T00:00:00.000,2007-01-04T00:00:00.000,,,0,,,,6,Tenderloin,94102,"{'latitude': '37.77622045290004', 'longitude': '-122.41843589855435', 'human_address': '{""address"": """", ""city"": """", ""state"": """", ""zip"": """"}'}",1.08E+11,,,,,,,,,,,,,,,
5ea1d72feabbc96ff8ab0315,2.01E+11,8,otc alterations permit,2007-01-04T00:00:00.000,3717,21,150,Spear,St,oti-1  7th floor el me ls sp,complete,2007-07-17T00:00:00.000,2007-01-04T00:00:00.000,2007-01-04T00:00:00.000,2008-01-04T00:00:00.000Z,150000,150000,office,office,2,6,Financial District/South Beach,94105,"{'latitude': '37.79175339067497', 'longitude': '-122.39361386013451', 'human_address': '{""address"": """", ""city"": """", ""state"": """", ""zip"": """"}'}",1.08E+12,,17,17,0,0,1,constr type 1,1,constr type 1,2007-07-17T00:00:00.000,,,,,
5ea1d72feabbc96ff8ab0316,2.01E+11,8,otc alterations permit,2007-01-04T00:00:00.000,1022,23,3233,Sacramento,St,"foundation improvements only under this permit. handicapped access issues to comply with adminnistrative bulletin #ab-017, sfbc '2001",issued,2007-01-04T00:00:00.000,2007-01-04T00:00:00.000,2007-01-04T00:00:00.000,2007-07-04T00:00:00.000Z,20000,20000,office,office,2,2,Presidio Heights,94115,"{'latitude': '37.78801461960107', 'longitude': '-122.44613203865055', 'human_address': '{""address"": """", ""city"": """", ""state"": """", ""zip"": """"}'}",1.08E+11,,2,2,0,0,5,wood frame (5),5,wood frame (5),,,,,,
5ea1d72feabbc96ff8ab0317,2.01E+11,8,otc alterations permit,2007-01-04T00:00:00.000,1022,23,3237,Sacramento,St,"foundation improvements only under this permit. handicapped access issues to comply with adminnistrative bulletin #ab-017, sfbc '2001",issued,2007-01-04T00:00:00.000,2007-01-04T00:00:00.000,2007-01-04T00:00:00.000,2007-07-04T00:00:00.000Z,20000,20000,office,office,2,2,Presidio Heights,94115,"{'latitude': '37.78801461960107', 'longitude': '-122.44613203865055', 'human_address': '{""address"": """", ""city"": """", ""state"": """", ""zip"": """"}'}",1.08E+12,,2,2,0,0,5,wood frame (5),5,wood frame (5),,,,,,
5ea1d72feabbc96ff8ab0318,2.01E+11,8,otc alterations permit,2007-01-04T00:00:00.000,3541,18,2150,15th,St,remodel existing kitchens-3 and baths-4  no change to windows or partitions in each unit.,complete,2007-07-13T00:00:00.000,2007-01-04T00:00:00.000,2007-01-04T00:00:00.000,2008-01-04T00:00:00.000Z,70000,70000,apartments,apartments,0,8,Castro/Upper Market,94114,"{'latitude': '37.76617064210269', 'longitude': '-122.43222256485817', 'human_address': '{""address"": """", ""city"": """", ""state"": """", ""zip"": """"}'}",1.08E+12,,3,3,3,3,5,wood frame (5),5,wood frame (5),2007-07-13T00:00:00.000,,,,,
5ea1d72feabbc96ff8ab0319,2.01E+11,8,otc alterations permit,2007-01-04T00:00:00.000,3541,18,2154,15th,St,remodel existing kitchens-3 and baths-4  no change to windows or partitions in each unit.,complete,2007-07-13T00:00:00.000,2007-01-04T00:00:00.000,2007-01-04T00:00:00.000,2008-01-04T00:00:00.000Z,70000,70000,apartments,apartments,0,8,Castro/Upper Market,94114,"{'latitude': '37.76617064210269', 'longitude': '-122.43222256485817', 'human_address': '{""address"": """", ""city"": """", ""state"": """", ""zip"": """"}'}",1.08E+12,,3,3,3,3,5,wood frame (5),5,wood frame (5),2007-07-13T00:00:00.000,,,,,
5ea1d72feabbc96ff8ab031a,M52769,8,otc alterations permit,2007-01-04T00:00:00.000,3560,15,2298,Market,St,street space & sidewalk permit only.,issued,2007-01-04T00:00:00.000,2007-01-04T00:00:00.000,2007-01-04T00:00:00.000,,,0,,,,8,Castro/Upper Market,94114,"{'latitude': '37.764660433717985', 'longitude': '-122.43292243432423', 'human_address': '{""address"": """", ""city"": """", ""state"": """", ""zip"": """"}'}",1.08E+12,,,,,,,,,,,,,,,
5ea1d72feabbc96ff8ab031b,M52884,8,otc alterations permit,2007-01-04T00:00:00.000,1439,40,637,Clement,St,sidewalk permit only.,issued,2007-01-04T00:00:00.000,2007-01-04T00:00:00.000,2007-01-04T00:00:00.000,,,0,,,,1,Inner Richmond,94118,"{'latitude': '37.78262073805518', 'longitude': '-122.46614333046185', 'human_address': '{""address"": """", ""city"": """", ""state"": """", ""zip"": """"}'}",1.08E+11,,,,,,,,,,,,,,,
5ea1d72feabbc96ff8ab031c,2.01E+11,8,otc alterations permit,2007-01-04T00:00:00.000,2459,26,2626,Wawona,St,remodel kitchen. remove old cuyboards. counters sink-appliances. replace with new. remove old floor tile-replace with new.,expired,2010-07-01T00:00:00.000,2007-01-04T00:00:00.000,2007-01-04T00:00:00.000,2007-07-04T00:00:00.000Z,24000,24000,1 family dwelling,1 family dwelling,0,4,Sunset/Parkside,94116,"{'latitude': '37.736828254628456', 'longitude': '-122.49514045837954', 'human_address': '{""address"": """", ""city"": """", ""state"": """", ""zip"": """"}'}",1.08E+12,,1,1,1,1,5,wood frame (5),5,wood frame (5),,,,,,
5ea1d72feabbc96ff8ab031d,M52770,8,otc alterations permit,2007-01-04T00:00:00.000,2607,34,274,Roosevelt,Wy,street space & sidewalk permit only.,issued,2007-01-04T00:00:00.000,2007-01-04T00:00:00.000,2007-01-04T00:00:00.000,,,0,,,,8,Castro/Upper Market,94117,"{'latitude': '37.76580792219555', 'longitude': '-122.44099150438457', 'human_address': '{""address"": """", ""city"": """", ""state"": """", ""zip"": """"}'}",1.08E+12,,,,,,,,,,,,,,,
5ea1d72feabbc96ff8ab031e,M52771,8,otc alterations permit,2007-01-04T00:00:00.000,7122,8,4140,19th,Av,street space & sidewalk permit only.,issued,2007-01-04T00:00:00.000,2007-01-04T00:00:00.000,2007-01-04T00:00:00.000,,,0,,,,11,Oceanview/Merced/Ingleside,94132,"{'latitude': '37.713725275919025', 'longitude': '-122.469105631897', 'human_address': '{""address"": """", ""city"": """", ""state"": """", ""zip"": """"}'}",1.08E+12,,,,,,,,,,,,,,,
5ea1d72feabbc96ff8ab031f,M52772,8,otc alterations permit,2007-01-04T00:00:00.000,5678,008A,133,Ellert,St,street space permit only.,issued,2007-01-04T00:00:00.000,2007-01-04T00:00:00.000,2007-01-04T00:00:00.000,,,0,,,,9,Bernal Heights,94110,"{'latitude': '37.73846383421109', 'longitude': '-122.41688725720884', 'human_address': '{""address"": """", ""city"": """", ""state"": """", ""zip"": """"}'}",1.08E+12,,,,,,,,,,,,,,,
5ea1d72feabbc96ff8ab0320,2.01E+11,3,additions alterations or repairs,2007-01-04T00:00:00.000,491,1,2001,Chestnut,St,adding entertainment permit to full service restaurant. nned to have planning approval,cancelled,2009-09-16T00:00:00.000,2007-01-04T00:00:00.000,,,1,,food/beverage hndlng,food/beverage hndlng,0,2,Marina,94123,"{'latitude': '37.80055404683153', 'longitude': '-122.43651042613021', 'human_address': '{""address"": """", ""city"": """", ""state"": """", ""zip"": """"}'}",1.08E+11,,1,1,0,0,5,wood frame (5),5,wood frame (5),,,,,,
5ea1d72feabbc96ff8ab0321,M52782,8,otc alterations permit,2007-01-04T00:00:00.000,3545,16,286,Guerrero,St,street space,issued,2007-01-04T00:00:00.000,2007-01-04T00:00:00.000,2007-01-04T00:00:00.000,,,0,,,,8,Mission,94103,"{'latitude': '37.76665914684608', 'longitude': '-122.42460014347957', 'human_address': '{""address"": """", ""city"": """", ""state"": """", ""zip"": """"}'}",1.08E+12,,,,,,,,,,,,,,,
5ea1d72feabbc96ff8ab0322,2.01E+11,3,additions alterations or repairs,2007-01-04T00:00:00.000,2504A,001D,2719,35th,Av,rear yard horizontal addition and vertical addition of new third floor master suite. miscellaneous interior remodeling including new stair  to service all the three levels,cancelled,2011-08-10T00:00:00.000,2007-01-04T00:00:00.000,,,200000,300000,1 family dwelling,1 family dwelling,2,4,Sunset/Parkside,94116,"{'latitude': '37.73653122996039', 'longitude': '-122.49275327250355', 'human_address': '{""address"": """", ""city"": """", ""state"": """", ""zip"": """"}'}",1.08E+12,,2,3,1,1,5,wood frame (5),5,wood frame (5),,Y,Y,,,
5ea1d72feabbc96ff8ab0323,2.01E+11,8,otc alterations permit,2007-01-04T00:00:00.000,1755,23,529,Hugo,St,"remodel of kitchen & bathroom to 533 hugo st. new kitchen cabinets, counter-tops & appliances, new fixtures & tile to bathroom. 50% of kitchen light wattage must be of flourescent. provide flourescent lights or manual on ""occupancy sensor in bathroom.",complete,2007-04-20T00:00:00.000,2007-01-04T00:00:00.000,2007-01-04T00:00:00.000,2008-01-04T00:00:00.000Z,30000,30000,apartments,apartments,0,5,Inner Sunset,94122,"{'latitude': '37.76485550962329', 'longitude': '-122.46372927468245', 'human_address': '{""address"": """", ""city"": """", ""state"": """", ""zip"": """"}'}",1.08E+12,0,3,3,3,3,5,wood frame (5),5,wood frame (5),2007-04-20T00:00:00.000,,,,,
5ea1d72feabbc96ff8ab0324,2.01E+11,8,otc alterations permit,2007-01-04T00:00:00.000,1755,23,531,Hugo,St,"remodel of kitchen & bathroom to 533 hugo st. new kitchen cabinets, counter-tops & appliances, new fixtures & tile to bathroom. 50% of kitchen light wattage must be of flourescent. provide flourescent lights or manual on ""occupancy sensor in bathroom.",complete,2007-04-20T00:00:00.000,2007-01-04T00:00:00.000,2007-01-04T00:00:00.000,2008-01-04T00:00:00.000Z,30000,30000,apartments,apartments,0,5,Inner Sunset,94122,"{'latitude': '37.76485550962329', 'longitude': '-122.46372927468245', 'human_address': '{""address"": """", ""city"": """", ""state"": """", ""zip"": """"}'}",1.08E+12,,3,3,3,3,5,wood frame (5),5,wood frame (5),2007-04-20T00:00:00.000,,,,,
5ea1d72feabbc96ff8ab0325,2.01E+11,8,otc alterations permit,2007-01-04T00:00:00.000,1755,23,533,Hugo,St,"remodel of kitchen & bathroom to 533 hugo st. new kitchen cabinets, counter-tops & appliances, new fixtures & tile to bathroom. 50% of kitchen light wattage must be of flourescent. provide flourescent lights or manual on ""occupancy sensor in bathroom.",complete,2007-04-20T00:00:00.000,2007-01-04T00:00:00.000,2007-01-04T00:00:00.000,2008-01-04T00:00:00.000Z,30000,30000,apartments,apartments,0,5,Inner Sunset,94122,"{'latitude': '37.76485550962329', 'longitude': '-122.46372927468245', 'human_address': '{""address"": """", ""city"": """", ""state"": """", ""zip"": """"}'}",1.08E+12,0,3,3,3,3,5,wood frame (5),5,wood frame (5),2007-04-20T00:00:00.000,,,,,
5ea1d72feabbc96ff8ab0326,2.01E+11,8,otc alterations permit,2007-01-04T00:00:00.000,6652,3,18,Harper,St,"interior remodel: new cabinery, counters, flooring & finishes, new appliances, lighting & plumbing fixtures, infill exisiting and add  new wood sididng, new  non property line windows,new ducts @ kitchen hood & w/p, new skylight, lno work on lany other location or unit on property",issued,2007-01-04T00:00:00.000,2007-01-04T00:00:00.000,2007-01-04T00:00:00.000,2008-01-04T00:00:00.000Z,24000,42000,2 family dwelling,2 family dwelling,2,,,,,1.08E+12,,3,3,2,2,5,wood frame (5),5,wood frame (5),,,,,,
5ea1d72feabbc96ff8ab0327,2.01E+11,8,otc alterations permit,2007-01-04T00:00:00.000,6444,2,26,Seville,St,"legalize rooms at groundfloor level. to comply w/ n.o.v. #200683017. remove bathroom, kitchen & bedroom, dining room on groundfloor.",complete,2007-10-09T00:00:00.000,2007-01-04T00:00:00.000,2007-01-04T00:00:00.000,2007-05-04T00:00:00.000Z,5000,5000,1 family dwelling,1 family dwelling,2,11,Excelsior,94112,"{'latitude': '37.71225172984296', 'longitude': '-122.4347135496256', 'human_address': '{""address"": """", ""city"": """", ""state"": """", ""zip"": """"}'}",1.08E+12,,2,2,1,1,5,wood frame (5),5,wood frame (5),2007-10-09T00:00:00.000,,,,,
5ea1d72feabbc96ff8ab0328,M52783,8,otc alterations permit,2007-01-04T00:00:00.000,5518,004A,47,Powers,Av,street space permit,issued,2007-01-04T00:00:00.000,2007-01-04T00:00:00.000,2007-01-04T00:00:00.000,,,0,,,,9,Bernal Heights,94110,"{'latitude': '37.74593308725132', 'longitude': '-122.41844514362744', 'human_address': '{""address"": """", ""city"": """", ""state"": """", ""zip"": """"}'}",1.08E+12,,,,,,,,,,,,,,,
5ea1d72feabbc96ff8ab0329,M52784,8,otc alterations permit,2007-01-04T00:00:00.000,804,1,699,Webster,St,sidewalk repair,issued,2007-01-04T00:00:00.000,2007-01-04T00:00:00.000,2007-01-04T00:00:00.000,,,0,,,,5,Hayes Valley,94117,"{'latitude': '37.77681862505499', 'longitude': '-122.4299170395994', 'human_address': '{""address"": """", ""city"": """", ""state"": """", ""zip"": """"}'}",1.08E+11,,,,,,,,,,,,,,,
5ea1d72feabbc96ff8ab032a,2.01E+11,8,otc alterations permit,2007-01-04T00:00:00.000,3258,16,380,Santa Ana,Av,work to be done as per pest control report# 06917.,complete,2007-02-05T00:00:00.000,2007-01-04T00:00:00.000,2007-01-04T00:00:00.000,2007-07-04T00:00:00.000Z,6000,6000,1 family dwelling,1 family dwelling,0,7,West of Twin Peaks,94127,"{'latitude': '37.73014298335824', 'longitude': '-122.46851938049694', 'human_address': '{""address"": """", ""city"": """", ""state"": """", ""zip"": """"}'}",1.08E+12,,2,2,1,1,5,wood frame (5),5,wood frame (5),2007-02-05T00:00:00.000,,,,,
5ea1d72feabbc96ff8ab032b,2.01E+11,3,additions alterations or repairs,2007-01-04T00:00:00.000,5706,19,579,Moultrie,St,remodelng of existing two story over garage dwellings new foundation partial and remodeling at lower floor level. reworking  bathroom new bath fixtures and tile work and remodeling part of kitchen area at main floor replacing received second means of egress at rear.,complete,2008-01-25T00:00:00.000,2007-01-04T00:00:00.000,2007-04-18T00:00:00.000,2008-04-18T00:00:00.000Z,35000,135000,2 family dwelling,2 family dwelling,2,9,Bernal Heights,94110,"{'latitude': '37.73747099537671', 'longitude': '-122.41574176641718', 'human_address': '{""address"": """", ""city"": """", ""state"": """", ""zip"": """"}'}",1.08E+12,,3,3,2,2,5,wood frame (5),5,wood frame (5),2008-01-25T00:00:00.000,,,,,
5ea1d72feabbc96ff8ab032c,2.01E+11,8,otc alterations permit,2007-01-04T00:00:00.000,3587,056B,72,Oakwood,St,renew pa# 2004/11/03/8384 for final inspection.,complete,2007-01-17T00:00:00.000,2007-01-04T00:00:00.000,2007-01-04T00:00:00.000,2007-05-04T00:00:00.000Z,1,1,1 family dwelling,1 family dwelling,0,8,Mission,94110,"{'latitude': '37.76049276996192', 'longitude': '-122.42520175506809', 'human_address': '{""address"": """", ""city"": """", ""state"": """", ""zip"": """"}'}",1.08E+12,,2,2,1,1,5,wood frame (5),5,wood frame (5),2007-01-17T00:00:00.000,,,,,
5ea1d72feabbc96ff8ab032d,2.01E+11,8,otc alterations permit,2007-01-04T00:00:00.000,670,17,1485,Bush,St,renew pa#200304253119 & pa#200401224591 to comply with orinance #17202.,complete,2007-01-08T00:00:00.000,2007-01-04T00:00:00.000,2007-01-04T00:00:00.000,2007-05-04T00:00:00.000Z,1,1,residential hotel,residential hotel,0,3,Nob Hill,94109,"{'latitude': '37.78838966132237', 'longitude': '-122.4216065567673', 'human_address': '{""address"": """", ""city"": """", ""state"": """", ""zip"": """"}'}",1.08E+11,,5,5,26,26,4,constr type 4,4,constr type 4,2007-01-08T00:00:00.000,,,,,
5ea1d72feabbc96ff8ab032e,2.01E+11,8,otc alterations permit,2007-01-04T00:00:00.000,309,28,130,Geary,St,"interior tenant improvements to an exist retail store, work incl new architectural finishes, minor interior partition removal & construction new light fixtures and new casework. install a new auto door opening device at entry doors.",complete,2007-05-15T00:00:00.000,2007-01-04T00:00:00.000,2007-01-04T00:00:00.000,2008-01-04T00:00:00.000Z,113200,113200,retail sales,retail sales,2,3,Financial District/South Beach,94108,"{'latitude': '37.78797495990105', 'longitude': '-122.40545562252332', 'human_address': '{""address"": """", ""city"": """", ""state"": """", ""zip"": """"}'}",1.08E+11,,5,5,0,0,3,constr type 3,3,constr type 3,2007-05-15T00:00:00.000,,,,,
5ea1d72feabbc96ff8ab032f,2.01E+11,8,otc alterations permit,2007-01-04T00:00:00.000,6752,65,15,Rotteck,St,to comply with nov# 200685005. install the handrail in front of the house. comply to bldg. code.,complete,2007-03-02T00:00:00.000,2007-01-04T00:00:00.000,2007-01-04T00:00:00.000,2007-05-04T00:00:00.000Z,300,300,1 family dwelling,1 family dwelling,0,8,Outer Mission,94112,"{'latitude': '37.732781332005516', 'longitude': '-122.4308042433541', 'human_address': '{""address"": """", ""city"": """", ""state"": """", ""zip"": """"}'}",1.08E+12,,3,3,1,1,5,wood frame (5),5,wood frame (5),2007-03-02T00:00:00.000,,,,,
5ea1d72feabbc96ff8ab0330,2.01E+11,3,additions alterations or repairs,2007-01-04T00:00:00.000,5673,16,23,Cortland,Av,work to comply with report #3r-4600.,complete,2007-02-08T00:00:00.000,2007-01-04T00:00:00.000,2007-01-10T00:00:00.000,2007-05-10T00:00:00.000Z,700,700,2 family dwelling,2 family dwelling,0,9,Bernal Heights,94110,"{'latitude': '37.740989527337796', 'longitude': '-122.42212119003149', 'human_address': '{""address"": """", ""city"": """", ""state"": """", ""zip"": """"}'}",1.08E+12,,3,3,2,2,5,wood frame (5),5,wood frame (5),2007-02-08T00:00:00.000,,,,,
5ea1d72feabbc96ff8ab0331,2.01E+11,3,additions alterations or repairs,2007-01-04T00:00:00.000,5673,16,25,Cortland,Av,work to comply with report #3r-4600.,complete,2007-02-08T00:00:00.000,2007-01-04T00:00:00.000,2007-01-10T00:00:00.000,2007-05-10T00:00:00.000Z,700,700,2 family dwelling,2 family dwelling,0,9,Bernal Heights,94110,"{'latitude': '37.740989527337796', 'longitude': '-122.42212119003149', 'human_address': '{""address"": """", ""city"": """", ""state"": """", ""zip"": """"}'}",1.08E+12,,3,3,2,2,5,wood frame (5),5,wood frame (5),2007-02-08T00:00:00.000,,,,,
5ea1d72feabbc96ff8ab0332,2.01E+11,3,additions alterations or repairs,2007-01-04T00:00:00.000,1332,22,2526,Lake,St,comply to 3-r report 4680. building and housing inspector reports #4 & #5 for room in garage.,complete,2007-02-28T00:00:00.000,2007-01-04T00:00:00.000,2007-01-29T00:00:00.000,2007-07-29T00:00:00.000Z,2000,8000,2 family dwelling,2 family dwelling,2,2,Seacliff,94121,"{'latitude': '37.78591993757803', 'longitude': '-122.48676880160062', 'human_address': '{""address"": """", ""city"": """", ""state"": """", ""zip"": """"}'}",1.08E+11,,3,3,2,2,5,wood frame (5),5,wood frame (5),2007-02-28T00:00:00.000,,,,,
5ea1d72feabbc96ff8ab0333,2.01E+11,3,additions alterations or repairs,2007-01-04T00:00:00.000,1332,22,2528,Lake,St,comply to 3-r report 4680. building and housing inspector reports #4 & #5 for room in garage.,complete,2007-02-28T00:00:00.000,2007-01-04T00:00:00.000,2007-01-29T00:00:00.000,2007-07-29T00:00:00.000Z,2000,8000,2 family dwelling,2 family dwelling,2,2,Seacliff,94121,"{'latitude': '37.78591993757803', 'longitude': '-122.48676880160062', 'human_address': '{""address"": """", ""city"": """", ""state"": """", ""zip"": """"}'}",1.08E+12,,3,3,2,2,5,wood frame (5),5,wood frame (5),2007-02-28T00:00:00.000,,,,,
5ea1d72feabbc96ff8ab0334,M52822,8,otc alterations permit,2007-01-04T00:00:00.000,6665,51,71,Miguel,St,street space,issued,2007-01-04T00:00:00.000,2007-01-04T00:00:00.000,2007-01-04T00:00:00.000,,,0,,,,8,Glen Park,94131,"{'latitude': '37.739044384830244', 'longitude': '-122.4290875044962', 'human_address': '{""address"": """", ""city"": """", ""state"": """", ""zip"": """"}'}",1.08E+12,,,,,,,,,,,,,,,
5ea1d72feabbc96ff8ab0335,2.01E+11,8,otc alterations permit,2007-01-04T00:00:00.000,1411,15,282,23rd,Av,"revision to app #200604148993. infill the wall at the 2nd floor only. extend 2nd story 2""x8s''",complete,2008-12-22T00:00:00.000,2007-01-04T00:00:00.000,2007-01-04T00:00:00.000,2007-05-04T00:00:00.000Z,400,400,2 family dwelling,2 family dwelling,2,1,Outer Richmond,94121,"{'latitude': '37.782480194612', 'longitude': '-122.48249693223697', 'human_address': '{""address"": """", ""city"": """", ""state"": """", ""zip"": """"}'}",1.08E+11,,2,2,2,2,5,wood frame (5),5,wood frame (5),2008-12-22T00:00:00.000,Y,,,,
5ea1d72feabbc96ff8ab0336,M52803,8,otc alterations permit,2007-01-04T00:00:00.000,1422,6,233,11th,Av,street space,issued,2007-01-04T00:00:00.000,2007-01-04T00:00:00.000,2007-01-04T00:00:00.000,,,0,,,,1,Inner Richmond,94118,"{'latitude': '37.78393455544194', 'longitude': '-122.47019146848605', 'human_address': '{""address"": """", ""city"": """", ""state"": """", ""zip"": """"}'}",1.08E+12,,,,,,,,,,,,,,,
5ea1d72feabbc96ff8ab0337,2.01E+11,8,otc alterations permit,2007-01-04T00:00:00.000,506,39,3132,Laguna,St,cut 36' of 2 x 6 floor repair dry rot replace flooring on ground floor concrete slab due to sewer repairs. new floor joist to be pressure treated.,complete,2007-03-14T00:00:00.000,2007-01-04T00:00:00.000,2007-01-04T00:00:00.000,2007-05-04T00:00:00.000Z,4000,4000,1 family dwelling,1 family dwelling,0,2,Marina,94123,"{'latitude': '37.80009191923437', 'longitude': '-122.43073188052868', 'human_address': '{""address"": """", ""city"": """", ""state"": """", ""zip"": """"}'}",1.08E+11,,1,1,1,1,5,wood frame (5),5,wood frame (5),2007-03-14T00:00:00.000,,,,,
5ea1d72feabbc96ff8ab0338,2.01E+11,3,additions alterations or repairs,2007-01-04T00:00:00.000,130,43,766,Vallejo,St,installation of unmanned telecommunication facility. installation of 3 antennas located on the rooftop of the building. installation of sprint cabinets on the 4th floor. installation of coax cable runs from cabinets to antennas. installation of power & telephone service.,cancelled,2013-06-05T00:00:00.000,2007-01-04T00:00:00.000,,,50000,,prkng garage/public,prkng garage/public,2,3,Chinatown,94133,"{'latitude': '37.79872657122672', 'longitude': '-122.40991067669911', 'human_address': '{""address"": """", ""city"": """", ""state"": """", ""zip"": """"}'}",1.08E+12,,4,4,0,0,2,constr type 2,2,constr type 2,,,,,,
5ea1d72feabbc96ff8ab0339,2.01E+11,3,additions alterations or repairs,2007-01-04T00:00:00.000,3600,005A,748,Church,St,install new retaining wall in front of (e) deteriorated wall in backyard.,complete,2007-08-27T00:00:00.000,2007-01-04T00:00:00.000,2007-02-06T00:00:00.000,2008-02-06T00:00:00.000Z,30000,42000,fence/retaining wall,fence/retaining wall,2,8,Castro/Upper Market,94114,"{'latitude': '37.7586535928751', 'longitude': '-122.42837698054784', 'human_address': '{""address"": """", ""city"": """", ""state"": """", ""zip"": """"}'}",1.08E+12,,0,0,0,0,5,wood frame (5),5,wood frame (5),2007-08-27T00:00:00.000,,,,,
5ea1d72feabbc96ff8ab033a,2.01E+11,8,otc alterations permit,2007-01-04T00:00:00.000,1050,18,1836,Divisadero,St,revision to application #2006/11/13/7535- extension of grease duct 10 ft.,complete,2007-05-03T00:00:00.000,2007-01-04T00:00:00.000,2007-01-04T00:00:00.000,2007-05-04T00:00:00.000Z,100,100,food/beverage hndlng,food/beverage hndlng,2,2,Pacific Heights,94115,"{'latitude': '37.78672451334801', 'longitude': '-122.43978142222043', 'human_address': '{""address"": """", ""city"": """", ""state"": """", ""zip"": """"}'}",1.08E+11,,3,3,2,2,5,wood frame (5),5,wood frame (5),2007-05-03T00:00:00.000,,,,,
5ea1d72feabbc96ff8ab033b,2.01E+11,8,otc alterations permit,2007-01-04T00:00:00.000,1557,19,1348,Balboa,St,reroofing,issued,2007-01-04T00:00:00.000,2007-01-04T00:00:00.000,2007-01-04T00:00:00.000,2007-05-04T00:00:00.000Z,5000,5000,2 family dwelling,2 family dwelling,0,1,Outer Richmond,94118,"{'latitude': '37.77704494837567', 'longitude': '-122.47342879044996', 'human_address': '{""address"": """", ""city"": """", ""state"": """", ""zip"": """"}'}",1.08E+12,,,,,,,,,,,,,,,
5ea1d72feabbc96ff8ab033c,2.01E+11,8,otc alterations permit,2007-01-04T00:00:00.000,3779,94,23,Boardman,Pl,renew app #200510034554 to continue work,complete,2007-11-06T00:00:00.000,2007-01-04T00:00:00.000,2007-01-04T00:00:00.000,2007-07-04T00:00:00.000Z,12000,12000,1 family dwelling,1 family dwelling,0,6,South of Market,94103,"{'latitude': '37.77496346572107', 'longitude': '-122.40301192500526', 'human_address': '{""address"": """", ""city"": """", ""state"": """", ""zip"": """"}'}",1.08E+12,,1,1,1,1,5,wood frame (5),5,wood frame (5),2007-11-06T00:00:00.000,,,,,
5ea1d72feabbc96ff8ab033d,M52862,8,otc alterations permit,2007-01-04T00:00:00.000,1927A,7,1674,17th,Av,sidewalk repair permit,issued,2007-01-04T00:00:00.000,2007-01-04T00:00:00.000,2007-01-04T00:00:00.000,,,0,,,,7,Inner Sunset,94122,"{'latitude': '37.756704319373256', 'longitude': '-122.474204346103', 'human_address': '{""address"": """", ""city"": """", ""state"": """", ""zip"": """"}'}",1.08E+12,,,,,,,,,,,,,,,
5ea1d72feabbc96ff8ab033e,M52863,8,otc alterations permit,2007-01-04T00:00:00.000,654,6,2322,Pine,St,street space & sidewalk permit only.,issued,2007-01-04T00:00:00.000,2007-01-04T00:00:00.000,2007-01-04T00:00:00.000,,,0,,,,2,Pacific Heights,94115,"{'latitude': '37.7881207605749', 'longitude': '-122.43415237226446', 'human_address': '{""address"": """", ""city"": """", ""state"": """", ""zip"": """"}'}",1.08E+11,,,,,,,,,,,,,,,
5ea1d72feabbc96ff8ab033f,2.01E+11,8,otc alterations permit,2007-01-04T00:00:00.000,808,6,406,Hayes,St,upgrade  (e) range gard replace (e) nozzles & tank as /if needed repipe as/if needed for 6 gal. system,expired,2011-03-28T00:00:00.000,2007-01-04T00:00:00.000,2007-01-04T00:00:00.000,2007-05-04T00:00:00.000Z,3500,3500,food/beverage hndlng,food/beverage hndlng,2,5,Hayes Valley,94102,"{'latitude': '37.7770669107761', 'longitude': '-122.42327130488013', 'human_address': '{""address"": """", ""city"": """", ""state"": """", ""zip"": """"}'}",1.08E+11,,1,1,0,0,5,wood frame (5),5,wood frame (5),,,,,,
5ea1d72feabbc96ff8ab0340,2.01E+11,8,otc alterations permit,2007-01-04T00:00:00.000,5670,5,214,Elsie,St,renovation of (e) kitchen & 1/2 bath in upper story unit. replace (e) windows in same (change to double pane insulated) back of house. install flourescent lights in kitchen & 1/2 bath to comply with energy regulations.,complete,2007-06-14T00:00:00.000,2007-01-04T00:00:00.000,2007-01-04T00:00:00.000,2007-07-04T00:00:00.000Z,12000,12000,2 family dwelling,2 family dwelling,0,9,Bernal Heights,94110,"{'latitude': '37.740747731193714', 'longitude': '-122.41929331280254', 'human_address': '{""address"": """", ""city"": """", ""state"": """", ""zip"": """"}'}",1.08E+12,,2,2,2,2,5,wood frame (5),5,wood frame (5),2007-06-14T00:00:00.000,,,,,
5ea1d72feabbc96ff8ab0341,2.01E+11,8,otc alterations permit,2007-01-04T00:00:00.000,3705,42,865,Market,St,alteration to extg fire sprnklr system relocated 37 plug 2,issued,2007-01-04T00:00:00.000,2007-01-04T00:00:00.000,2007-01-04T00:00:00.000,2007-07-04T00:00:00.000Z,5500,5500,retail sales,retail sales,2,6,South of Market,94103,"{'latitude': '37.78394695457302', 'longitude': '-122.40715830829208', 'human_address': '{""address"": """", ""city"": """", ""state"": """", ""zip"": """"}'}",1.08E+12,,5,5,0,0,2,constr type 2,2,constr type 2,,,,,,
5ea1d72feabbc96ff8ab0342,M52864,8,otc alterations permit,2007-01-04T00:00:00.000,942,45,2700,Filbert,St,street space,issued,2007-01-04T00:00:00.000,2007-01-04T00:00:00.000,2007-01-04T00:00:00.000,,,0,,,,2,Marina,94123,"{'latitude': '37.797174701403215', 'longitude': '-122.44417440367648', 'human_address': '{""address"": """", ""city"": """", ""state"": """", ""zip"": """"}'}",1.08E+11,,,,,,,,,,,,,,,
5ea1d72feabbc96ff8ab0343,2.01E+11,3,additions alterations or repairs,2007-01-04T00:00:00.000,1287,29,131,Rivoli,St,revision to pa# 2005/08/05/9555. changes to foundation no indicated on plans & to comply with dbi correction notice dated 12/22/06 to show foundation set back from property line.,issued,2007-06-21T00:00:00.000,2007-01-04T00:00:00.000,2007-06-21T00:00:00.000,2007-10-21T00:00:00.000Z,5000,5000,1 family dwelling,1 family dwelling,2,5,Haight Ashbury,94117,"{'latitude': '37.76220817688374', 'longitude': '-122.4498420397494', 'human_address': '{""address"": """", ""city"": """", ""state"": """", ""zip"": """"}'}",1.08E+11,,3,3,1,1,5,wood frame (5),5,wood frame (5),,,,,,
5ea1d72feabbc96ff8ab0344,M52882,8,otc alterations permit,2007-01-04T00:00:00.000,1126,7,1201,Divisadero,St,sidewalk permit only.,issued,2007-01-04T00:00:00.000,2007-01-04T00:00:00.000,2007-01-04T00:00:00.000,,,0,,,,5,Western Addition,94115,"{'latitude': '37.78072370558168', 'longitude': '-122.43927341774132', 'human_address': '{""address"": """", ""city"": """", ""state"": """", ""zip"": """"}'}",1.08E+12,,,,,,,,,,,,,,,
5ea1d72feabbc96ff8ab0345,2.01E+11,3,additions alterations or repairs,2007-01-04T00:00:00.000,3580,2,514,Church,St,"permit to do work, to comply with 3r report #3r-4727.",complete,2007-02-02T00:00:00.000,2007-01-04T00:00:00.000,2007-01-24T00:00:00.000,2007-05-24T00:00:00.000Z,1000,1000,1 family dwelling,1 family dwelling,0,8,Castro/Upper Market,94114,"{'latitude': '37.76255863737553', 'longitude': '-122.42871383783428', 'human_address': '{""address"": """", ""city"": """", ""state"": """", ""zip"": """"}'}",1.08E+12,0,3,3,3,3,5,wood frame (5),5,wood frame (5),2007-02-02T00:00:00.000,,,,,
5ea1d72feabbc96ff8ab0346,2.01E+11,3,additions alterations or repairs,2007-01-04T00:00:00.000,3580,2,516,Church,St,"permit to do work, to comply with 3r report #3r-4727.",complete,2007-02-02T00:00:00.000,2007-01-04T00:00:00.000,2007-01-24T00:00:00.000,2007-05-24T00:00:00.000Z,1000,1000,1 family dwelling,1 family dwelling,0,8,Castro/Upper Market,94114,"{'latitude': '37.76255863737553', 'longitude': '-122.42871383783428', 'human_address': '{""address"": """", ""city"": """", ""state"": """", ""zip"": """"}'}",1.08E+12,,3,3,3,3,5,wood frame (5),5,wood frame (5),2007-02-02T00:00:00.000,,,,,
5ea1d72feabbc96ff8ab0347,2.01E+11,3,additions alterations or repairs,2007-01-04T00:00:00.000,3580,2,518,Church,St,"permit to do work, to comply with 3r report #3r-4727.",complete,2007-02-02T00:00:00.000,2007-01-04T00:00:00.000,2007-01-24T00:00:00.000,2007-05-24T00:00:00.000Z,1000,1000,1 family dwelling,1 family dwelling,0,8,Castro/Upper Market,94114,"{'latitude': '37.76255863737553', 'longitude': '-122.42871383783428', 'human_address': '{""address"": """", ""city"": """", ""state"": """", ""zip"": """"}'}",1.08E+12,,3,3,3,3,5,wood frame (5),5,wood frame (5),2007-02-02T00:00:00.000,,,,,
5ea1d72feabbc96ff8ab0348,2.01E+11,4,sign - erect,2007-01-04T00:00:00.000,3754,67,1000,Harrison,St,"sign permit - ground, non electric, double faced.",issued,2007-08-07T00:00:00.000,2007-01-04T00:00:00.000,2007-08-07T00:00:00.000,2007-12-07T00:00:00.000Z,1000,,filling/service stn,,2,6,South of Market,94103,"{'latitude': '37.77734832291673', 'longitude': '-122.40465410079608', 'human_address': '{""address"": """", ""city"": """", ""state"": """", ""zip"": """"}'}",1.08E+12,,1,,0,,5,wood frame (5),,,,,,,,
5ea1d72feabbc96ff8ab0349,M52883,8,otc alterations permit,2007-01-04T00:00:00.000,2423,35,2526,23rd,Av,street space permit only.,issued,2007-01-04T00:00:00.000,2007-01-04T00:00:00.000,2007-01-04T00:00:00.000,,,0,,,,4,Sunset/Parkside,94116,"{'latitude': '37.74044639483694', 'longitude': '-122.4794789203212', 'human_address': '{""address"": """", ""city"": """", ""state"": """", ""zip"": """"}'}",1.08E+12,,,,,,,,,,,,,,,
5ea1d72feabbc96ff8ab034a,M52885,8,otc alterations permit,2007-01-04T00:00:00.000,1439,39,645,Clement,St,sidewalk permit only.,issued,2007-01-04T00:00:00.000,2007-01-04T00:00:00.000,2007-01-04T00:00:00.000,,,0,,,,1,Inner Richmond,94118,"{'latitude': '37.78261659472227', 'longitude': '-122.46623430304344', 'human_address': '{""address"": """", ""city"": """", ""state"": """", ""zip"": """"}'}",1.08E+11,,,,,,,,,,,,,,,
5ea1d72feabbc96ff8ab034b,M52885,8,otc alterations permit,2007-01-04T00:00:00.000,1439,39,647,Clement,St,sidewalk permit only.,issued,2007-01-04T00:00:00.000,2007-01-04T00:00:00.000,2007-01-04T00:00:00.000,,,0,,,,1,Inner Richmond,94118,"{'latitude': '37.78261659472227', 'longitude': '-122.46623430304344', 'human_address': '{""address"": """", ""city"": """", ""state"": """", ""zip"": """"}'}",1.08E+12,,,,,,,,,,,,,,,
5ea1d72feabbc96ff8ab034c,2.01E+11,4,sign - erect,2007-01-04T00:00:00.000,3754,67,1000,Harrison,St,"to erect a double-faced, electric, ground sign.",issued,2007-08-23T00:00:00.000,2007-01-04T00:00:00.000,2007-08-23T00:00:00.000,2007-12-23T00:00:00.000Z,1500,1500,filling/service stn,,2,6,South of Market,94103,"{'latitude': '37.77734832291673', 'longitude': '-122.40465410079608', 'human_address': '{""address"": """", ""city"": """", ""state"": """", ""zip"": """"}'}",1.08E+12,,1,,0,,5,wood frame (5),,,,,,,,
5ea1d72feabbc96ff8ab034d,2.01E+11,3,additions alterations or repairs,2007-01-04T00:00:00.000,3754,67,1000,Harrison,St,"cheveron station reimage consisting of replacing signs, replacing existing canopy fascia with new canopy fascia. adding l.e.d. down lighting with valance and paint exterior of bldg earth tones.",issued,2007-08-13T00:00:00.000,2007-01-04T00:00:00.000,2007-08-13T00:00:00.000,2008-08-13T00:00:00.000Z,30500,30500,filling/service stn,filling/service stn,2,6,South of Market,94103,"{'latitude': '37.77734832291673', 'longitude': '-122.40465410079608', 'human_address': '{""address"": """", ""city"": """", ""state"": """", ""zip"": """"}'}",1.08E+12,,1,1,0,0,5,wood frame (5),5,wood frame (5),,,,,,
5ea1d72feabbc96ff8ab034e,2.01E+11,8,otc alterations permit,2007-01-04T00:00:00.000,6561,22,4377,26th,St,"bathroom remodel. new fixtures & fittings. tile at tub / shower walls & wainscot. new operable flat skylight, new fan.",complete,2007-05-30T00:00:00.000,2007-01-04T00:00:00.000,2007-01-04T00:00:00.000,2008-01-04T00:00:00.000Z,26000,26000,1 family dwelling,1 family dwelling,2,8,Noe Valley,94131,"{'latitude': '37.74761900942824', 'longitude': '-122.4376270842976', 'human_address': '{""address"": """", ""city"": """", ""state"": """", ""zip"": """"}'}",1.08E+12,,2,2,1,1,5,wood frame (5),5,wood frame (5),2007-05-30T00:00:00.000,,,,,
5ea1d72feabbc96ff8ab034f,2.01E+11,4,sign - erect,2007-01-04T00:00:00.000,3754,67,1000,Harrison,St,"to erect a single faced, electric, wall sign.",issued,2007-08-23T00:00:00.000,2007-01-04T00:00:00.000,2007-08-23T00:00:00.000,2007-12-23T00:00:00.000Z,3000,3000,filling/service stn,,2,6,South of Market,94103,"{'latitude': '37.77734832291673', 'longitude': '-122.40465410079608', 'human_address': '{""address"": """", ""city"": """", ""state"": """", ""zip"": """"}'}",1.08E+12,,1,,0,,5,wood frame (5),,,,,,,,
5ea1d72feabbc96ff8ab0350,2.01E+11,8,otc alterations permit,2007-01-04T00:00:00.000,3534,14,194,Guerrero,St,"upgrade (e) range guard, replace (e) nozzles, repipe if needed to comply with pipe rules for gal system.",issued,2007-01-04T00:00:00.000,2007-01-04T00:00:00.000,2007-01-04T00:00:00.000,2007-05-04T00:00:00.000Z,3500,3500,food/beverage hndlng,food/beverage hndlng,2,8,Mission,94103,"{'latitude': '37.768139029591104', 'longitude': '-122.4247023054287', 'human_address': '{""address"": """", ""city"": """", ""state"": """", ""zip"": """"}'}",1.08E+12,,3,3,3,3,5,wood frame (5),5,wood frame (5),,,,,,
5ea1d72feabbc96ff8ab0351,2.01E+11,8,otc alterations permit,2007-01-04T00:00:00.000,3534,14,196,Guerrero,St,"upgrade (e) range guard, replace (e) nozzles, repipe if needed to comply with pipe rules for gal system.",issued,2007-01-04T00:00:00.000,2007-01-04T00:00:00.000,2007-01-04T00:00:00.000,2007-05-04T00:00:00.000Z,3500,3500,food/beverage hndlng,food/beverage hndlng,2,8,Mission,94103,"{'latitude': '37.768139029591104', 'longitude': '-122.4247023054287', 'human_address': '{""address"": """", ""city"": """", ""state"": """", ""zip"": """"}'}",1.08E+12,,3,3,3,3,5,wood frame (5),5,wood frame (5),,,,,,
5ea1d72feabbc96ff8ab0352,2.01E+11,8,otc alterations permit,2007-01-04T00:00:00.000,3534,14,198,Guerrero,St,"upgrade (e) range guard, replace (e) nozzles, repipe if needed to comply with pipe rules for gal system.",issued,2007-01-04T00:00:00.000,2007-01-04T00:00:00.000,2007-01-04T00:00:00.000,2007-05-04T00:00:00.000Z,3500,3500,food/beverage hndlng,food/beverage hndlng,2,8,Mission,94103,"{'latitude': '37.768139029591104', 'longitude': '-122.4247023054287', 'human_address': '{""address"": """", ""city"": """", ""state"": """", ""zip"": """"}'}",1.08E+12,,3,3,3,3,5,wood frame (5),5,wood frame (5),,,,,,
5ea1d72feabbc96ff8ab0353,2.01E+11,8,otc alterations permit,2007-01-04T00:00:00.000,6042,38,490,Hamilton,St,add 3 window in () garage.,complete,2007-01-12T00:00:00.000,2007-01-04T00:00:00.000,2007-01-04T00:00:00.000,2007-05-04T00:00:00.000Z,1000,1000,1 family dwelling,1 family dwelling,2,9,Portola,94134,"{'latitude': '37.724957931136444', 'longitude': '-122.4093535876584', 'human_address': '{""address"": """", ""city"": """", ""state"": """", ""zip"": """"}'}",1.08E+12,,2,2,1,1,5,wood frame (5),5,wood frame (5),2007-01-12T00:00:00.000,,,,,
5ea1d72feabbc96ff8ab0354,2.01E+11,4,sign - erect,2007-01-04T00:00:00.000,495,6,1790,Lombard,St,"sign permit - ground, electric, double faced.",cancelled,2007-08-28T00:00:00.000,2007-01-04T00:00:00.000,2007-08-17T00:00:00.000,2007-12-17T00:00:00.000Z,4000,4000,filling/service stn,,2,2,Marina,94123,"{'latitude': '37.80075774469952', 'longitude': '-122.43091096966963', 'human_address': '{""address"": """", ""city"": """", ""state"": """", ""zip"": """"}'}",1.08E+11,,1,,0,,5,wood frame (5),,,,,,,,
5ea1d72feabbc96ff8ab0355,2.01E+11,8,otc alterations permit,2007-01-04T00:00:00.000,1234,21,148,Central,Av,his nov# 200671359. repair rear stair case & add handrails as per inspection report. repair work to less than 50% of (e) stair case.,complete,2007-01-19T00:00:00.000,2007-01-04T00:00:00.000,2007-01-04T00:00:00.000,2007-05-04T00:00:00.000Z,2000,2000,apartments,apartments,0,5,Haight Ashbury,94117,"{'latitude': '37.77087727560811', 'longitude': '-122.44342581890375', 'human_address': '{""address"": """", ""city"": """", ""state"": """", ""zip"": """"}'}",1.08E+11,,4,4,5,5,5,wood frame (5),5,wood frame (5),2007-01-19T00:00:00.000,,,,,
5ea1d72feabbc96ff8ab0356,2.01E+11,8,otc alterations permit,2007-01-04T00:00:00.000,1221,7,111,Lyon,St,"replace kitchen cabinet, new floor, surfaces & sink. replace sink.",expired,2008-03-05T00:00:00.000,2007-01-04T00:00:00.000,2007-01-04T00:00:00.000,2007-05-04T00:00:00.000Z,5000,5000,apartments,apartments,0,5,Haight Ashbury,94117,"{'latitude': '37.77190881831342', 'longitude': '-122.44259251840771', 'human_address': '{""address"": """", ""city"": """", ""state"": """", ""zip"": """"}'}",1.08E+12,,4,4,4,4,5,wood frame (5),5,wood frame (5),,,,,,
5ea1d72feabbc96ff8ab0357,2.01E+11,4,sign - erect,2007-01-04T00:00:00.000,495,6,1790,Lombard,St,"sign permit - ground, non electric, double faced.",issued,2007-08-17T00:00:00.000,2007-01-04T00:00:00.000,2007-08-17T00:00:00.000,2007-12-17T00:00:00.000Z,500,500,filling/service stn,,2,2,Marina,94123,"{'latitude': '37.80075774469952', 'longitude': '-122.43091096966963', 'human_address': '{""address"": """", ""city"": """", ""state"": """", ""zip"": """"}'}",1.08E+11,,1,,0,,5,wood frame (5),,,,,,,,
5ea1d72feabbc96ff8ab0358,2.01E+11,4,sign - erect,2007-01-04T00:00:00.000,495,6,1790,Lombard,St,"sign permit - electric, wall, single faced.",issued,2007-08-17T00:00:00.000,2007-01-04T00:00:00.000,2007-08-17T00:00:00.000,2007-12-17T00:00:00.000Z,1500,1500,filling/service stn,,2,2,Marina,94123,"{'latitude': '37.80075774469952', 'longitude': '-122.43091096966963', 'human_address': '{""address"": """", ""city"": """", ""state"": """", ""zip"": """"}'}",1.08E+11,,1,,0,,5,wood frame (5),,,,,,,,
5ea1d72feabbc96ff8ab0359,2.01E+11,8,otc alterations permit,2007-01-04T00:00:00.000,2703,2,306,Caselli,Av,"repair front stair railing in  kind <50%  repair to stairway bottom rail 2x4 redwood. roiling only-newell posts to remain ballustor 5"" oc 2x2 redwood. top cap mushroom style less than 36"" from treat nose.",complete,2007-01-25T00:00:00.000,2007-01-04T00:00:00.000,2007-01-04T00:00:00.000,2007-07-04T00:00:00.000Z,6300,6300,1 family dwelling,1 family dwelling,0,8,Castro/Upper Market,94114,"{'latitude': '37.75910290425844', 'longitude': '-122.44415951172589', 'human_address': '{""address"": """", ""city"": """", ""state"": """", ""zip"": """"}'}",1.08E+12,,2,2,1,1,5,wood frame (5),5,wood frame (5),2007-01-25T00:00:00.000,,,,,
5ea1d72feabbc96ff8ab035a,2.01E+11,8,otc alterations permit,2007-01-04T00:00:00.000,262,13,255,California,St,"oti-1, 4th floor, suite #b, el, ls, sp",complete,2007-06-14T00:00:00.000,2007-01-04T00:00:00.000,2007-01-04T00:00:00.000,2008-01-04T00:00:00.000Z,42525,42525,office,office,2,3,Financial District/South Beach,94111,"{'latitude': '37.792962974036634', 'longitude': '-122.39950975756949', 'human_address': '{""address"": """", ""city"": """", ""state"": """", ""zip"": """"}'}",1.08E+11,,14,14,0,0,1,constr type 1,1,constr type 1,2007-06-14T00:00:00.000,,,,,
5ea1d72feabbc96ff8ab035b,2.01E+11,3,additions alterations or repairs,2007-01-04T00:00:00.000,7139,3,2950,San Jose,Av,"chevron station reimage consisting of replacing signs, replace (e) canopy fascia with new caanopy fascia, adding l.e.d. lighting with valance and paint the exterior of building earth tones.",issued,2007-08-23T00:00:00.000,2007-01-04T00:00:00.000,2007-08-23T00:00:00.000,2008-02-23T00:00:00.000Z,24000,24000,filling/service stn,filling/service stn,2,11,Oceanview/Merced/Ingleside,94112,"{'latitude': '37.711831232818334', 'longitude': '-122.45560794584307', 'human_address': '{""address"": """", ""city"": """", ""state"": """", ""zip"": """"}'}",1.08E+12,,1,1,0,0,5,wood frame (5),5,wood frame (5),,,,,,
5ea1d72feabbc96ff8ab035c,2.01E+11,8,otc alterations permit,2007-01-04T00:00:00.000,839,18,350,Laguna,St,remodel (e) unit#14. relocate kitchen & create bedrm. @ (e) kit. location-modify (e0 window for egress (top hinge) same profile.,complete,2007-03-08T00:00:00.000,2007-01-04T00:00:00.000,2007-01-04T00:00:00.000,2007-07-04T00:00:00.000Z,8000,8000,apartments,apartments,2,5,Hayes Valley,94102,"{'latitude': '37.774366694408016', 'longitude': '-122.42565945414714', 'human_address': '{""address"": """", ""city"": """", ""state"": """", ""zip"": """"}'}",1.08E+11,,4,4,21,21,5,wood frame (5),5,wood frame (5),2007-03-08T00:00:00.000,,,,,
5ea1d72feabbc96ff8ab035d,2.01E+11,8,otc alterations permit,2007-01-04T00:00:00.000,262,13,255,California,St,"oti-1, 4th floor, suite #a, el, ls, sp",complete,2008-02-21T00:00:00.000,2007-01-04T00:00:00.000,2007-01-04T00:00:00.000,2008-01-04T00:00:00.000Z,95300,95300,office,office,2,3,Financial District/South Beach,94111,"{'latitude': '37.792962974036634', 'longitude': '-122.39950975756949', 'human_address': '{""address"": """", ""city"": """", ""state"": """", ""zip"": """"}'}",1.08E+11,,14,14,0,0,1,constr type 1,1,constr type 1,2008-02-21T00:00:00.000,,,,,
5ea1d72feabbc96ff8ab035e,2.01E+11,3,additions alterations or repairs,2007-01-04T00:00:00.000,495,6,1790,Lombard,St,"chevron station reimage consisting of replacing new canopy signs, replacing existing canopy fascia, adding led down lighting with valance and paint exterior of building earth tones.",issued,2007-08-17T00:00:00.000,2007-01-04T00:00:00.000,2007-08-17T00:00:00.000,2008-08-17T00:00:00.000Z,28000,35000,filling/service stn,filling/service stn,2,2,Marina,94123,"{'latitude': '37.80075774469952', 'longitude': '-122.43091096966963', 'human_address': '{""address"": """", ""city"": """", ""state"": """", ""zip"": """"}'}",1.08E+11,,1,1,0,0,5,wood frame (5),5,wood frame (5),,,,,,
5ea1d72feabbc96ff8ab035f,M52902,8,otc alterations permit,2007-01-04T00:00:00.000,813,6,1390,Market,St,sidewalk repair,issued,2007-01-04T00:00:00.000,2007-01-04T00:00:00.000,2007-01-04T00:00:00.000,,,0,,,,6,Tenderloin,94102,"{'latitude': '37.777142649690035', 'longitude': '-122.41722112719671', 'human_address': '{""address"": """", ""city"": """", ""state"": """", ""zip"": """"}'}",1.08E+12,,,,,,,,,,,,,,,
5ea1d72feabbc96ff8ab0360,2.01E+11,8,otc alterations permit,2007-01-04T00:00:00.000,1271,13,22,Parnassus,Av,remodel of guest bathroom. demo of walls making. room larger new plmg fixture and finishes new lighting and electric 1st floor bathroom all lights on motion detector switches,complete,2007-05-09T00:00:00.000,2007-01-04T00:00:00.000,2007-01-04T00:00:00.000,2007-07-04T00:00:00.000Z,18000,18000,1 family dwelling,1 family dwelling,2,5,Haight Ashbury,94117,"{'latitude': '37.7653434920996', 'longitude': '-122.4482783675009', 'human_address': '{""address"": """", ""city"": """", ""state"": """", ""zip"": """"}'}",1.08E+11,,2,2,1,1,5,wood frame (5),5,wood frame (5),2007-05-09T00:00:00.000,,,,,
5ea1d72feabbc96ff8ab0361,2.01E+11,3,additions alterations or repairs,2007-01-04T00:00:00.000,310,15,100,Grant,Av,"interior non structural tenant improvement of (e) retail store, no exterior work. sprinkler under separate permit.",complete,2007-12-04T00:00:00.000,2007-01-04T00:00:00.000,2007-02-13T00:00:00.000,2008-02-13T00:00:00.000Z,150000,150000,retail sales,retail sales,2,3,Financial District/South Beach,94108,"{'latitude': '37.788050582493206', 'longitude': '-122.4048761520152', 'human_address': '{""address"": """", ""city"": """", ""state"": """", ""zip"": """"}'}",1.08E+11,,6,6,0,0,3,constr type 3,3,constr type 3,2007-12-04T00:00:00.000,,,,,
5ea1d72feabbc96ff8ab0362,2.01E+11,8,otc alterations permit,2007-01-04T00:00:00.000,1009,0,390,Laurel,St,interior ti changing layout of a dental office into a new one separate paermit submitted at the same time for restrooms upgrade.,complete,2007-05-16T00:00:00.000,2007-01-04T00:00:00.000,2007-01-04T00:00:00.000,2008-01-04T00:00:00.000Z,69920,70000,office,office,2,,,,,1.08E+12,,3,3,0,0,5,wood frame (5),5,wood frame (5),2007-05-16T00:00:00.000,,,,,
5ea1d72feabbc96ff8ab0363,2.01E+11,4,sign - erect,2007-01-04T00:00:00.000,7139,10,2950,San Jose,Av,"sign permit - ground, electric, single faced.",issued,2007-08-03T00:00:00.000,2007-01-04T00:00:00.000,2007-08-03T00:00:00.000,2007-12-03T00:00:00.000Z,4000,4000,filling/service stn,,2,11,Oceanview/Merced/Ingleside,94112,"{'latitude': '37.711656081933135', 'longitude': '-122.45569061848774', 'human_address': '{""address"": """", ""city"": """", ""state"": """", ""zip"": """"}'}",1.08E+12,,1,,0,,5,wood frame (5),,,,,,,,
5ea1d72feabbc96ff8ab0364,2.01E+11,3,additions alterations or repairs,2007-01-04T00:00:00.000,690,46,1,Daniel Burnham,Ct,"tenant finish out of 6200 sf, new r.r hvac & electrical. interior finishes, carpet, walls, paint & ceiling.",cancelled,2007-08-13T00:00:00.000,2007-01-04T00:00:00.000,,,345000,,retail sales,retail sales,2,2,Western Addition,94109,"{'latitude': '37.78675523065996', 'longitude': '-122.42249080636066', 'human_address': '{""address"": """", ""city"": """", ""state"": """", ""zip"": """"}'}",1.08E+11,205,1,1,239,239,1,constr type 1,1,constr type 1,,,,,,
5ea1d72feabbc96ff8ab0365,2.01E+11,3,additions alterations or repairs,2007-01-04T00:00:00.000,26,019A,875,North Point,St,shoring & underpining as a result of adjacent new construction appl #200603106437s (889 north point.),complete,2008-02-15T00:00:00.000,2007-01-04T00:00:00.000,2007-08-23T00:00:00.000,2008-02-23T00:00:00.000Z,10000,10000,1 family dwelling,1 family dwelling,2,2,Russian Hill,94109,"{'latitude': '37.80528894938244', 'longitude': '-122.42150615619767', 'human_address': '{""address"": """", ""city"": """", ""state"": """", ""zip"": """"}'}",1.08E+11,,2,2,1,1,5,wood frame (5),5,wood frame (5),2008-02-15T00:00:00.000,,,,,
5ea1d72feabbc96ff8ab0366,2.01E+11,4,sign - erect,2007-01-04T00:00:00.000,7139,10,2950,San Jose,Av,"sign permit - electric, wall, single faced.",issued,2007-08-03T00:00:00.000,2007-01-04T00:00:00.000,2007-08-03T00:00:00.000,2007-12-03T00:00:00.000Z,3000,3000,filling/service stn,,2,11,Oceanview/Merced/Ingleside,94112,"{'latitude': '37.711656081933135', 'longitude': '-122.45569061848774', 'human_address': '{""address"": """", ""city"": """", ""state"": """", ""zip"": """"}'}",1.08E+12,,1,,0,,5,wood frame (5),,,,,,,,
5ea1d72feabbc96ff8ab0367,2.01E+11,4,sign - erect,2007-01-04T00:00:00.000,1732,22,1734,Irving,St,"sign permit - electric, wall, single faced.",complete,2007-10-02T00:00:00.000,2007-01-04T00:00:00.000,2007-08-17T00:00:00.000,2007-12-17T00:00:00.000Z,3000,3000,filling/service stn,,2,4,Inner Sunset,94122,"{'latitude': '37.76382590584381', 'longitude': '-122.4768061142036', 'human_address': '{""address"": """", ""city"": """", ""state"": """", ""zip"": """"}'}",1.08E+12,,1,,0,,5,wood frame (5),,,2007-10-02T00:00:00.000,,,,,
5ea1d72feabbc96ff8ab0368,2.01E+11,3,additions alterations or repairs,2007-01-04T00:00:00.000,1732,22,1734,Irving,St,"chevron station remiage consisting of replacing signs, replacing (e) canoy fasio with new canopy fascia adding l.e.d. down listing with valance and paint extension of boilding earth tones.",complete,2007-10-02T00:00:00.000,2007-01-04T00:00:00.000,2007-08-17T00:00:00.000,2008-08-17T00:00:00.000Z,25000,35000,filling/service stn,filling/service stn,2,4,Inner Sunset,94122,"{'latitude': '37.76382590584381', 'longitude': '-122.4768061142036', 'human_address': '{""address"": """", ""city"": """", ""state"": """", ""zip"": """"}'}",1.08E+12,,1,1,0,0,5,wood frame (5),5,wood frame (5),2007-10-02T00:00:00.000,,,,,
5ea1d72feabbc96ff8ab0369,2.01E+11,3,additions alterations or repairs,2007-01-04T00:00:00.000,830,23,559,Fell,St,legalize basement unit by adding apt to basement. add shower and kitchen.,complete,2007-10-11T00:00:00.000,2007-01-04T00:00:00.000,2007-03-30T00:00:00.000,2008-03-30T00:00:00.000Z,10000,50000,1 family dwelling,2 family dwelling,2,5,Hayes Valley,94102,"{'latitude': '37.77515782054806', 'longitude': '-122.42695537836877', 'human_address': '{""address"": """", ""city"": """", ""state"": """", ""zip"": """"}'}",1.08E+11,,2,2,1,2,5,wood frame (5),5,wood frame (5),2007-10-11T00:00:00.000,,,,,
5ea1d72feabbc96ff8ab036a,2.01E+11,4,sign - erect,2007-01-04T00:00:00.000,1732,22,1734,Irving,St,"sign permit - electric, ground, double faced.",complete,2007-10-02T00:00:00.000,2007-01-04T00:00:00.000,2007-08-17T00:00:00.000,2007-12-17T00:00:00.000Z,4000,4000,filling/service stn,,2,4,Inner Sunset,94122,"{'latitude': '37.76382590584381', 'longitude': '-122.4768061142036', 'human_address': '{""address"": """", ""city"": """", ""state"": """", ""zip"": """"}'}",1.08E+12,,1,,0,,5,wood frame (5),,,2007-10-02T00:00:00.000,,,,,
5ea1d730eabbc96ff8ab036b,2.01E+11,8,otc alterations permit,2007-01-05T00:00:00.000,2750,4,308,Diamond,St,"leak repair of roof, deck & wall at north side of master bedroom including (e) doors. side two french doors. repair in kind, no structural changes. minimal dry rot repair.",complete,2007-09-19T00:00:00.000,2007-01-05T00:00:00.000,2007-01-05T00:00:00.000,2007-05-05T00:00:00.000Z,4800,4800,1 family dwelling,1 family dwelling,2,8,Castro/Upper Market,94114,"{'latitude': '37.757012197525405', 'longitude': '-122.4371587601304', 'human_address': '{""address"": """", ""city"": """", ""state"": """", ""zip"": """"}'}",1.08E+12,,2,2,1,1,5,wood frame (5),5,wood frame (5),2007-09-19T00:00:00.000,,,,,
5ea1d730eabbc96ff8ab036c,M52922,8,otc alterations permit,2007-01-05T00:00:00.000,305,36,620,Jones,St,street space,issued,2007-01-05T00:00:00.000,2007-01-05T00:00:00.000,2007-01-05T00:00:00.000,,,0,,,,3,Tenderloin,94102,"{'latitude': '37.78716029095172', 'longitude': '-122.41288961192863', 'human_address': '{""address"": """", ""city"": """", ""state"": """", ""zip"": """"}'}",1.08E+12,,,,,,,,,,,,,,,
5ea1d730eabbc96ff8ab036d,2.01E+11,8,otc alterations permit,2007-01-05T00:00:00.000,0438A,4,3769,Fillmore,St,reroofing,complete,2007-02-08T00:00:00.000,2007-01-05T00:00:00.000,2007-01-05T00:00:00.000,2007-07-05T00:00:00.000Z,12500,12500,2 family dwelling,2 family dwelling,0,2,Marina,94123,"{'latitude': '37.80552683684263', 'longitude': '-122.4376542472322', 'human_address': '{""address"": """", ""city"": """", ""state"": """", ""zip"": """"}'}",1.08E+11,,,,,,,,,,2007-02-08T00:00:00.000,,,,,
5ea1d730eabbc96ff8ab036e,2.01E+11,8,otc alterations permit,2007-01-05T00:00:00.000,7205,002A,2929,21st,Av,reroofing,issued,2007-01-05T00:00:00.000,2007-01-05T00:00:00.000,2007-01-05T00:00:00.000,2007-07-05T00:00:00.000Z,9380,9380,1 family dwelling,1 family dwelling,0,7,Sunset/Parkside,94132,"{'latitude': '37.73391130441957', 'longitude': '-122.47730430716531', 'human_address': '{""address"": """", ""city"": """", ""state"": """", ""zip"": """"}'}",1.08E+12,,,,,,,,,,,,,,,
5ea1d730eabbc96ff8ab036f,2.01E+11,8,otc alterations permit,2007-01-05T00:00:00.000,2989B,15,1486,Portola,Dr,install new kitchen countertop no structural changed.,complete,2007-01-26T00:00:00.000,2007-01-05T00:00:00.000,2007-01-05T00:00:00.000,2007-05-05T00:00:00.000Z,4324,4324,1 family dwelling,1 family dwelling,0,7,West of Twin Peaks,94127,"{'latitude': '37.73786749934623', 'longitude': '-122.46823300539053', 'human_address': '{""address"": """", ""city"": """", ""state"": """", ""zip"": """"}'}",1.08E+12,,2,2,1,1,5,wood frame (5),5,wood frame (5),2007-01-26T00:00:00.000,,,,,
5ea1d730eabbc96ff8ab0370,2.01E+11,8,otc alterations permit,2007-01-05T00:00:00.000,1673,27,5450,Fulton,St,reroofing,issued,2007-01-05T00:00:00.000,2007-01-05T00:00:00.000,2007-01-05T00:00:00.000,2007-07-05T00:00:00.000Z,6500,6500,1 family dwelling,1 family dwelling,0,1,Outer Richmond,94121,"{'latitude': '37.77247248892203', 'longitude': '-122.49036417862972', 'human_address': '{""address"": """", ""city"": """", ""state"": """", ""zip"": """"}'}",1.08E+12,,,,,,,,,,,,,,,
5ea1d730eabbc96ff8ab0371,2.01E+11,8,otc alterations permit,2007-01-05T00:00:00.000,0438A,4,3771,Fillmore,St,reroofing,complete,2007-02-08T00:00:00.000,2007-01-05T00:00:00.000,2007-01-05T00:00:00.000,2007-07-05T00:00:00.000Z,12500,12500,2 family dwelling,2 family dwelling,0,2,Marina,94123,"{'latitude': '37.80552683684263', 'longitude': '-122.4376542472322', 'human_address': '{""address"": """", ""city"": """", ""state"": """", ""zip"": """"}'}",1.08E+12,,,,,,,,,,2007-02-08T00:00:00.000,,,,,
5ea1d730eabbc96ff8ab0372,2.01E+11,3,additions alterations or repairs,2007-01-05T00:00:00.000,254,24,1075,California,St,"upgrade 3 bathrooms to full accessibility including roll in shower in guest room 709 and accessible tubs in guest rooms 305 and 1101. work includes partitions, plumbing fixtures, electrical fixtures & finishes.",complete,2008-10-08T00:00:00.000,2007-01-05T00:00:00.000,2007-06-20T00:00:00.000,2008-06-20T00:00:00.000Z,60000,60000,tourist hotel/motel,tourist hotel/motel,2,3,Nob Hill,94108,"{'latitude': '37.79136899616078', 'longitude': '-122.41204913750134', 'human_address': '{""address"": """", ""city"": """", ""state"": """", ""zip"": """"}'}",1.08E+12,0,12,12,147,147,1,constr type 1,1,constr type 1,2008-10-08T00:00:00.000,,,,,
5ea1d730eabbc96ff8ab0373,2.01E+11,8,otc alterations permit,2007-01-05T00:00:00.000,3721,4,100,01st,St,renew pa# 2006/06/29/5325 & pa# 2006/06/20/4471 for final inspection only.,complete,2007-01-10T00:00:00.000,2007-01-05T00:00:00.000,2007-01-05T00:00:00.000,2007-05-05T00:00:00.000Z,1,1,office,office,0,6,Financial District/South Beach,94105,"{'latitude': '37.78933252407226', 'longitude': '-122.39739978578936', 'human_address': '{""address"": """", ""city"": """", ""state"": """", ""zip"": """"}'}",1.08E+12,,27,27,0,0,1,constr type 1,1,constr type 1,2007-01-10T00:00:00.000,,,,,
5ea1d730eabbc96ff8ab0374,2.01E+11,3,additions alterations or repairs,2007-01-05T00:00:00.000,3711,12,77,Beale,St,"oti-1, 32nd floor, pg & e, el, ls, sp",expired,2010-10-20T00:00:00.000,2007-01-05T00:00:00.000,2007-04-25T00:00:00.000,2009-04-25T00:00:00.000Z,337000,337000,office,office,2,6,Financial District/South Beach,94105,"{'latitude': '37.791484026022516', 'longitude': '-122.39591566843751', 'human_address': '{""address"": """", ""city"": """", ""state"": """", ""zip"": """"}'}",1.08E+12,,32,32,0,0,1,constr type 1,1,constr type 1,,,,,,
5ea1d730eabbc96ff8ab0375,2.01E+11,8,otc alterations permit,2007-01-05T00:00:00.000,496,001A,3035,Gough,St,remove & replace existing retaining wall @ side yard (south) walkway and add conc. grade beam @ southern side hallway & portion of existing garage area.,complete,2008-02-21T00:00:00.000,2007-01-05T00:00:00.000,2007-01-05T00:00:00.000,2007-07-05T00:00:00.000Z,15000,15000,apartments,apartments,2,2,Marina,94123,"{'latitude': '37.80140526510581', 'longitude': '-122.42828027621671', 'human_address': '{""address"": """", ""city"": """", ""state"": """", ""zip"": """"}'}",1.08E+12,0,4,4,12,12,5,wood frame (5),5,wood frame (5),2008-02-21T00:00:00.000,,,,,
5ea1d730eabbc96ff8ab0376,2.01E+11,3,additions alterations or repairs,2007-01-05T00:00:00.000,231,23,2,Embarcadero Center,,"oti-1, boston consulting grp, 25th/fl el,ls, sp, me",complete,2007-07-27T00:00:00.000,2007-01-05T00:00:00.000,2007-01-30T00:00:00.000,2008-01-30T00:00:00.000Z,180000,230608,office,office,2,3,Financial District/South Beach,94111,"{'latitude': '37.79479859387513', 'longitude': '-122.39847275186533', 'human_address': '{""address"": """", ""city"": """", ""state"": """", ""zip"": """"}'}",1.08E+11,,28,28,0,0,1,constr type 1,1,constr type 1,2007-07-27T00:00:00.000,,,,,
5ea1d730eabbc96ff8ab0377,2.01E+11,8,otc alterations permit,2007-01-05T00:00:00.000,3740,34,221,Main,St,oti-1 15th floor el me ls sp,complete,2007-07-05T00:00:00.000,2007-01-05T00:00:00.000,2007-01-05T00:00:00.000,2008-01-05T00:00:00.000Z,140000,140000,office,office,2,6,Financial District/South Beach,94105,"{'latitude': '37.79034577603179', 'longitude': '-122.39223862434201', 'human_address': '{""address"": """", ""city"": """", ""state"": """", ""zip"": """"}'}",1.08E+12,,16,16,0,0,1,constr type 1,1,constr type 1,2007-07-05T00:00:00.000,,,,,
5ea1d730eabbc96ff8ab0378,2.01E+11,8,otc alterations permit,2007-01-05T00:00:00.000,682,12,2000,Post,St,renew 200307189864 for final inspection.,complete,2007-01-12T00:00:00.000,2007-01-05T00:00:00.000,2007-01-05T00:00:00.000,2007-05-05T00:00:00.000Z,1,1,apartments,apartments,0,5,Japantown,94115,"{'latitude': '37.78543513780336', 'longitude': '-122.43614202260812', 'human_address': '{""address"": """", ""city"": """", ""state"": """", ""zip"": """"}'}",1.08E+12,,4,4,304,304,5,wood frame (5),5,wood frame (5),2007-01-12T00:00:00.000,,,,,
5ea1d730eabbc96ff8ab0379,2.01E+11,8,otc alterations permit,2007-01-05T00:00:00.000,4087,15,878,York,St,reroofing,complete,2007-01-22T00:00:00.000,2007-01-05T00:00:00.000,2007-01-05T00:00:00.000,2007-07-05T00:00:00.000Z,13500,13500,1 family dwelling,1 family dwelling,0,9,Mission,94110,"{'latitude': '37.75808578914124', 'longitude': '-122.40896988126467', 'human_address': '{""address"": """", ""city"": """", ""state"": """", ""zip"": """"}'}",1.08E+12,,,,,,,,,,2007-01-22T00:00:00.000,,,,,
5ea1d730eabbc96ff8ab037a,2.01E+11,8,otc alterations permit,2007-01-05T00:00:00.000,254,24,1075,California,St,upgrade on guestroom bathroom to full accessibility with roll-in shower (room 401). revision to pa# 200510185811 for work in guest room 401 only. note: this project already permitted. this is a revised application which removes 1 bathroom (room 305) from scope.,issued,2007-01-05T00:00:00.000,2007-01-05T00:00:00.000,2007-01-05T00:00:00.000,2007-05-05T00:00:00.000Z,1,1,tourist hotel/motel,tourist hotel/motel,2,3,Nob Hill,94108,"{'latitude': '37.79136899616078', 'longitude': '-122.41204913750134', 'human_address': '{""address"": """", ""city"": """", ""state"": """", ""zip"": """"}'}",1.08E+12,0,12,12,147,147,1,constr type 1,1,constr type 1,,,,,,
5ea1d730eabbc96ff8ab037b,2.01E+11,8,otc alterations permit,2007-01-05T00:00:00.000,2048,10,411,Noriega,St,"minor renovation of non bearing walls on first floor, move opening in bearing wall, add stl c-channel in floor below to reduce deflection, renovate extg kchn",complete,2007-06-28T00:00:00.000,2007-01-05T00:00:00.000,2007-01-05T00:00:00.000,2007-07-05T00:00:00.000Z,20000,20000,1 family dwelling,1 family dwelling,2,7,Inner Sunset,94122,"{'latitude': '37.75450278285374', 'longitude': '-122.46820338134366', 'human_address': '{""address"": """", ""city"": """", ""state"": """", ""zip"": """"}'}",1.08E+12,,2,2,1,1,5,wood frame (5),5,wood frame (5),2007-06-28T00:00:00.000,,,,,
5ea1d730eabbc96ff8ab037c,2.01E+11,8,otc alterations permit,2007-01-05T00:00:00.000,5673,8,370,Coleridge,St,<50% rear deck repair. (2x decking) work in kind. approx 30 sf of rear fence repair due to dry rot.,expired,2010-06-09T00:00:00.000,2007-01-05T00:00:00.000,2007-01-05T00:00:00.000,2007-05-05T00:00:00.000Z,150,150,1 family dwelling,1 family dwelling,0,9,Bernal Heights,94110,"{'latitude': '37.741100842998094', 'longitude': '-122.42171177887877', 'human_address': '{""address"": """", ""city"": """", ""state"": """", ""zip"": """"}'}",1.08E+12,,3,3,1,1,5,wood frame (5),5,wood frame (5),,,,,,
5ea1d730eabbc96ff8ab037d,M52944,8,otc alterations permit,2007-01-05T00:00:00.000,6665,023C,91,Miguel,St,street space,issued,2007-01-05T00:00:00.000,2007-01-05T00:00:00.000,2007-01-05T00:00:00.000,,,0,,,,8,Glen Park,94131,"{'latitude': '37.73882848237491', 'longitude': '-122.4287384570472', 'human_address': '{""address"": """", ""city"": """", ""state"": """", ""zip"": """"}'}",1.08E+12,,,,,,,,,,,,,,,
5ea1d730eabbc96ff8ab037e,M52943,8,otc alterations permit,2007-01-05T00:00:00.000,3514,48,1645,Mission,St,verification and additional address,issued,2007-01-05T00:00:00.000,2007-01-05T00:00:00.000,2007-01-05T00:00:00.000,,,0,,,,6,Mission,94103,"{'latitude': '37.77158216475411', 'longitude': '-122.41882498334044', 'human_address': '{""address"": """", ""city"": """", ""state"": """", ""zip"": """"}'}",1.08E+12,0,,,,,,,,,,,,,,
5ea1d730eabbc96ff8ab037f,M52943,8,otc alterations permit,2007-01-05T00:00:00.000,3514,48,1647,Mission,St,verification and additional address,issued,2007-01-05T00:00:00.000,2007-01-05T00:00:00.000,2007-01-05T00:00:00.000,,,0,,,,6,Mission,94103,"{'latitude': '37.77158216475411', 'longitude': '-122.41882498334044', 'human_address': '{""address"": """", ""city"": """", ""state"": """", ""zip"": """"}'}",1.08E+12,,,,,,,,,,,,,,,
5ea1d730eabbc96ff8ab0380,M52943,8,otc alterations permit,2007-01-05T00:00:00.000,3514,48,1649,Mission,St,verification and additional address,issued,2007-01-05T00:00:00.000,2007-01-05T00:00:00.000,2007-01-05T00:00:00.000,,,0,,,,6,Mission,94103,"{'latitude': '37.77158216475411', 'longitude': '-122.41882498334044', 'human_address': '{""address"": """", ""city"": """", ""state"": """", ""zip"": """"}'}",1.08E+12,,,,,,,,,,,,,,,
5ea1d730eabbc96ff8ab0381,2.01E+11,3,additions alterations or repairs,2007-01-05T00:00:00.000,2954A,37,150,Marietta,Dr,change of use. small family day care.,withdrawn,2007-02-01T00:00:00.000,2007-01-05T00:00:00.000,,,1,,1 family dwelling,1 family dwelling,2,7,West of Twin Peaks,94127,"{'latitude': '37.74037437193816', 'longitude': '-122.44775040189734', 'human_address': '{""address"": """", ""city"": """", ""state"": """", ""zip"": """"}'}",1.08E+12,,2,2,1,1,5,wood frame (5),5,wood frame (5),,,,,,
5ea1d730eabbc96ff8ab0382,M52945,8,otc alterations permit,2007-01-05T00:00:00.000,4098,036E,617,Wisconsin,St,sidewalk,issued,2007-01-05T00:00:00.000,2007-01-05T00:00:00.000,2007-01-05T00:00:00.000,,,0,,,,10,Potrero Hill,94107,"{'latitude': '37.759272752381015', 'longitude': '-122.39881437729044', 'human_address': '{""address"": """", ""city"": """", ""state"": """", ""zip"": """"}'}",1.08E+12,,,,,,,,,,,,,,,
5ea1d730eabbc96ff8ab0383,M52946,8,otc alterations permit,2007-01-05T00:00:00.000,143,14,1052,Montgomery,St,street space,issued,2007-01-05T00:00:00.000,2007-01-05T00:00:00.000,2007-01-05T00:00:00.000,,,0,,,,3,North Beach,94133,"{'latitude': '37.7989842049657', 'longitude': '-122.40380426431781', 'human_address': '{""address"": """", ""city"": """", ""state"": """", ""zip"": """"}'}",1.08E+12,0,,,,,,,,,,,,,,
5ea1d730eabbc96ff8ab0384,M52946,8,otc alterations permit,2007-01-05T00:00:00.000,143,14,1054,Montgomery,St,street space,issued,2007-01-05T00:00:00.000,2007-01-05T00:00:00.000,2007-01-05T00:00:00.000,,,0,,,,3,North Beach,94133,"{'latitude': '37.7989842049657', 'longitude': '-122.40380426431781', 'human_address': '{""address"": """", ""city"": """", ""state"": """", ""zip"": """"}'}",1.08E+12,,,,,,,,,,,,,,,
5ea1d730eabbc96ff8ab0385,2.01E+11,8,otc alterations permit,2007-01-05T00:00:00.000,819,13,580,Fell,St,"repair as per h.r. wellington report# 874836, item# 4b. (see attached termite report) less than 50% of structure.",complete,2007-01-18T00:00:00.000,2007-01-05T00:00:00.000,2007-01-05T00:00:00.000,2007-05-05T00:00:00.000Z,4000,4000,2 family dwelling,2 family dwelling,0,5,Hayes Valley,94102,"{'latitude': '37.77554725925998', 'longitude': '-122.42739447315483', 'human_address': '{""address"": """", ""city"": """", ""state"": """", ""zip"": """"}'}",1.08E+11,,1,1,2,2,5,wood frame (5),5,wood frame (5),2007-01-18T00:00:00.000,,,,,
5ea1d730eabbc96ff8ab0386,2.01E+11,8,otc alterations permit,2007-01-05T00:00:00.000,819,13,582,Fell,St,"repair as per h.r. wellington report# 874836, item# 4b. (see attached termite report) less than 50% of structure.",complete,2007-01-18T00:00:00.000,2007-01-05T00:00:00.000,2007-01-05T00:00:00.000,2007-05-05T00:00:00.000Z,4000,4000,2 family dwelling,2 family dwelling,0,5,Hayes Valley,94102,"{'latitude': '37.77554725925998', 'longitude': '-122.42739447315483', 'human_address': '{""address"": """", ""city"": """", ""state"": """", ""zip"": """"}'}",1.08E+12,,1,1,2,2,5,wood frame (5),5,wood frame (5),2007-01-18T00:00:00.000,,,,,
5ea1d730eabbc96ff8ab0387,2.01E+11,8,otc alterations permit,2007-01-05T00:00:00.000,7005,48,505,Garfield,St,"repair as per h.r. wellington report# 874947, item# 1b, 1c, 1d, 1e, 1g, 1h, 3a, 4a & 11b. (see attached termite report)",complete,2007-01-09T00:00:00.000,2007-01-05T00:00:00.000,2007-01-05T00:00:00.000,2007-05-05T00:00:00.000Z,1500,1500,1 family dwelling,1 family dwelling,0,11,Oceanview/Merced/Ingleside,94132,"{'latitude': '37.719466301527994', 'longitude': '-122.46738826049216', 'human_address': '{""address"": """", ""city"": """", ""state"": """", ""zip"": """"}'}",1.08E+12,,1,1,1,1,5,wood frame (5),5,wood frame (5),2007-01-09T00:00:00.000,,,,,
5ea1d730eabbc96ff8ab0388,2.01E+11,8,otc alterations permit,2007-01-05T00:00:00.000,3710,19,45,Fremont,St,oti-2 b el me,complete,2007-09-05T00:00:00.000,2007-01-05T00:00:00.000,2007-01-05T00:00:00.000,2008-01-05T00:00:00.000Z,27603,27603,office,office,2,6,Financial District/South Beach,94105,"{'latitude': '37.791242409176604', 'longitude': '-122.39713339753926', 'human_address': '{""address"": """", ""city"": """", ""state"": """", ""zip"": """"}'}",1.08E+12,,36,36,0,0,1,constr type 1,1,constr type 1,2007-09-05T00:00:00.000,,,,,
5ea1d730eabbc96ff8ab0389,2.01E+11,8,otc alterations permit,2007-01-05T00:00:00.000,3533,73,45,Brosnan,St,to renew  building permit pa#200410055932.,complete,2007-04-04T00:00:00.000,2007-01-05T00:00:00.000,2007-01-05T00:00:00.000,2007-07-05T00:00:00.000Z,8000,8000,apartments,apartments,0,8,Mission,94103,"{'latitude': '37.76855043225975', 'longitude': '-122.42331806825595', 'human_address': '{""address"": """", ""city"": """", ""state"": """", ""zip"": """"}'}",1.08E+12,,3,3,12,12,5,wood frame (5),5,wood frame (5),2007-04-04T00:00:00.000,,,,,
5ea1d730eabbc96ff8ab038a,2.01E+11,8,otc alterations permit,2007-01-05T00:00:00.000,127,32,999,Green,St,kitchen finishes and fixtures upgrade. electrical and plumbing upgrade. removal of (e) non structural partition wall. no structural work to be done.,complete,2008-01-03T00:00:00.000,2007-01-05T00:00:00.000,2007-01-05T00:00:00.000,2008-01-05T00:00:00.000Z,60000,60000,apartments,apartments,2,3,Nob Hill,94133,"{'latitude': '37.79845073717453', 'longitude': '-122.41521861153946', 'human_address': '{""address"": """", ""city"": """", ""state"": """", ""zip"": """"}'}",1.08E+11,904,31,31,106,106,1,constr type 1,1,constr type 1,2008-01-03T00:00:00.000,,,,,
5ea1d730eabbc96ff8ab038b,2.01E+11,8,otc alterations permit,2007-01-05T00:00:00.000,2882,17,436,Castenada,Av,renewal of pa# 2006/04/21/9597 for final inspection.,complete,2007-01-23T00:00:00.000,2007-01-05T00:00:00.000,2007-01-05T00:00:00.000,2007-05-05T00:00:00.000Z,1,1,1 family dwelling,1 family dwelling,0,7,West of Twin Peaks,94116,"{'latitude': '37.74585067463113', 'longitude': '-122.46660499890821', 'human_address': '{""address"": """", ""city"": """", ""state"": """", ""zip"": """"}'}",1.08E+12,,2,2,1,1,5,wood frame (5),5,wood frame (5),2007-01-23T00:00:00.000,,,,,
5ea1d730eabbc96ff8ab038c,2.01E+11,8,otc alterations permit,2007-01-05T00:00:00.000,3538,115,30,Walter,St,bathroom remodel @ 1st floor unit.,complete,2007-05-03T00:00:00.000,2007-01-05T00:00:00.000,2007-01-05T00:00:00.000,2007-07-05T00:00:00.000Z,15000,15000,2 family dwelling,2 family dwelling,0,8,Castro/Upper Market,94114,"{'latitude': '37.76862771114598', 'longitude': '-122.43268225647348', 'human_address': '{""address"": """", ""city"": """", ""state"": """", ""zip"": """"}'}",1.08E+12,0,2,2,2,2,5,wood frame (5),5,wood frame (5),2007-05-03T00:00:00.000,,,,,
5ea1d730eabbc96ff8ab038d,2.01E+11,8,otc alterations permit,2007-01-05T00:00:00.000,3710,19,45,Fremont,St,oti-1 rev. b,complete,2007-09-24T00:00:00.000,2007-01-05T00:00:00.000,2007-01-05T00:00:00.000,2007-05-05T00:00:00.000Z,2000,2000,office,office,2,6,Financial District/South Beach,94105,"{'latitude': '37.791242409176604', 'longitude': '-122.39713339753926', 'human_address': '{""address"": """", ""city"": """", ""state"": """", ""zip"": """"}'}",1.08E+12,,36,36,0,0,1,constr type 1,1,constr type 1,2007-09-24T00:00:00.000,,,,,
5ea1d730eabbc96ff8ab038e,2.01E+11,8,otc alterations permit,2007-01-05T00:00:00.000,0436C,3,1434,Jefferson,St,"2 bathrooms remodel. new cabinets, tile, shower / tub, toilet, sink, fixtures. (2 baths in one unit) non structural work.",complete,2007-04-09T00:00:00.000,2007-01-05T00:00:00.000,2007-01-05T00:00:00.000,2007-07-05T00:00:00.000Z,20000,20000,2 family dwelling,2 family dwelling,0,2,Marina,94123,"{'latitude': '37.80588809963626', 'longitude': '-122.43622750063143', 'human_address': '{""address"": """", ""city"": """", ""state"": """", ""zip"": """"}'}",1.08E+12,0,2,2,2,2,5,wood frame (5),5,wood frame (5),2007-04-09T00:00:00.000,,,,,
5ea1d730eabbc96ff8ab038f,M52962,8,otc alterations permit,2007-01-05T00:00:00.000,3702,56,1160,Mission,St,street space,issued,2007-01-05T00:00:00.000,2007-01-05T00:00:00.000,2007-01-05T00:00:00.000,,,0,,,,6,South of Market,94103,"{'latitude': '37.778899602203325', 'longitude': '-122.41288383965127', 'human_address': '{""address"": """", ""city"": """", ""state"": """", ""zip"": """"}'}",1.08E+12,,,,,,,,,,,,,,,
5ea1d730eabbc96ff8ab0390,2.01E+11,8,otc alterations permit,2007-01-05T00:00:00.000,684,42,1961,Sutter,St,reroofing,issued,2007-01-05T00:00:00.000,2007-01-05T00:00:00.000,2007-01-05T00:00:00.000,2007-07-05T00:00:00.000Z,22500,22500,apartments,apartments,0,5,Japantown,94115,"{'latitude': '37.78595688098948', 'longitude': '-122.4326170962357', 'human_address': '{""address"": """", ""city"": """", ""state"": """", ""zip"": """"}'}",1.08E+11,,,,,,,,,,,,,,,
5ea1d730eabbc96ff8ab0391,2.01E+11,8,otc alterations permit,2007-01-05T00:00:00.000,684,42,1969,Sutter,St,reroofing,issued,2007-01-05T00:00:00.000,2007-01-05T00:00:00.000,2007-01-05T00:00:00.000,2007-07-05T00:00:00.000Z,22500,22500,apartments,apartments,0,5,Japantown,94115,"{'latitude': '37.78595688098948', 'longitude': '-122.4326170962357', 'human_address': '{""address"": """", ""city"": """", ""state"": """", ""zip"": """"}'}",1.08E+12,,,,,,,,,,,,,,,
5ea1d730eabbc96ff8ab0392,2.01E+11,8,otc alterations permit,2007-01-05T00:00:00.000,6520,16,2896,Folsom,St,reroofing.,issued,2007-01-05T00:00:00.000,2007-01-05T00:00:00.000,2007-01-05T00:00:00.000,2008-01-05T00:00:00.000Z,27000,27000,apartments,apartments,0,9,Mission,94110,"{'latitude': '37.75101965420707', 'longitude': '-122.41424546081164', 'human_address': '{""address"": """", ""city"": """", ""state"": """", ""zip"": """"}'}",1.08E+12,,,,,,,,,,,,,,,
5ea1d730eabbc96ff8ab0393,2.01E+11,8,otc alterations permit,2007-01-05T00:00:00.000,6520,16,2898,Folsom,St,reroofing.,issued,2007-01-05T00:00:00.000,2007-01-05T00:00:00.000,2007-01-05T00:00:00.000,2008-01-05T00:00:00.000Z,27000,27000,apartments,apartments,0,9,Mission,94110,"{'latitude': '37.75101965420707', 'longitude': '-122.41424546081164', 'human_address': '{""address"": """", ""city"": """", ""state"": """", ""zip"": """"}'}",1.08E+12,,,,,,,,,,,,,,,
5ea1d730eabbc96ff8ab0394,2.01E+11,8,otc alterations permit,2007-01-05T00:00:00.000,3588,77,45,Linda,St,repair rear stair case & landings. less than 50% repair in kind.,complete,2007-04-16T00:00:00.000,2007-01-05T00:00:00.000,2007-01-05T00:00:00.000,2007-05-05T00:00:00.000Z,4000,4000,2 family dwelling,2 family dwelling,0,8,Mission,94110,"{'latitude': '37.76099574957879', 'longitude': '-122.42280189332148', 'human_address': '{""address"": """", ""city"": """", ""state"": """", ""zip"": """"}'}",1.08E+12,,2,2,2,2,5,wood frame (5),5,wood frame (5),2007-04-16T00:00:00.000,,,,,
5ea1d730eabbc96ff8ab0395,M52963,8,otc alterations permit,2007-01-05T00:00:00.000,2648,25,73,Diamond,St,street space permit,issued,2007-01-05T00:00:00.000,2007-01-05T00:00:00.000,2007-01-05T00:00:00.000,,,0,,,,8,Castro/Upper Market,94114,"{'latitude': '37.76123884304633', 'longitude': '-122.43690897413354', 'human_address': '{""address"": """", ""city"": """", ""state"": """", ""zip"": """"}'}",1.08E+12,,,,,,,,,,,,,,,
5ea1d730eabbc96ff8ab0396,M52964,8,otc alterations permit,2007-01-05T00:00:00.000,2167,1,2001,47th,Av,street space permit,issued,2007-01-05T00:00:00.000,2007-01-05T00:00:00.000,2007-01-05T00:00:00.000,,,0,,,,4,Sunset/Parkside,94116,"{'latitude': '37.74903036693942', 'longitude': '-122.50646911882275', 'human_address': '{""address"": """", ""city"": """", ""state"": """", ""zip"": """"}'}",1.08E+12,,,,,,,,,,,,,,,
5ea1d730eabbc96ff8ab0397,M52965,8,otc alterations permit,2007-01-05T00:00:00.000,3273,21,725,Darien,Wy,street space & sidewalk permit only.,issued,2007-01-05T00:00:00.000,2007-01-05T00:00:00.000,2007-01-05T00:00:00.000,,,0,,,,7,West of Twin Peaks,94127,"{'latitude': '37.73065073549003', 'longitude': '-122.46401359060258', 'human_address': '{""address"": """", ""city"": """", ""state"": """", ""zip"": """"}'}",1.08E+12,,,,,,,,,,,,,,,
5ea1d730eabbc96ff8ab0398,M52966,8,otc alterations permit,2007-01-05T00:00:00.000,6616,14,36,Valley,St,sidewalk permit only.,issued,2007-01-05T00:00:00.000,2007-01-05T00:00:00.000,2007-01-05T00:00:00.000,,,0,,,,8,Noe Valley,94110,"{'latitude': '37.74496395502768', 'longitude': '-122.42310235545759', 'human_address': '{""address"": """", ""city"": """", ""state"": """", ""zip"": """"}'}",1.08E+12,,,,,,,,,,,,,,,
5ea1d730eabbc96ff8ab0399,2.01E+11,2,new construction wood frame,2007-01-05T00:00:00.000,6942,39,244,Granada,Av,"to erect a new 3-story, two units dwelling with no basement building.",issued,2008-10-09T00:00:00.000,2007-01-05T00:00:00.000,2008-10-09T00:00:00.000,2011-09-24T00:00:00.000Z,280000,437169,,2 family dwelling,2,7,Oceanview/Merced/Ingleside,94112,"{'latitude': '37.7228531780017', 'longitude': '-122.45684952547855', 'human_address': '{""address"": """", ""city"": """", ""state"": """", ""zip"": """"}'}",1.08E+12,,,3,,2,,,5,wood frame (5),,,Y,,2008-10-09T00:00:00.000,
5ea1d730eabbc96ff8ab039a,2.01E+11,3,additions alterations or repairs,2007-01-05T00:00:00.000,1202,002J,616,Divisadero,St,removal of (e) area @fly loft and roof rear & sidewalls to 2nd eastern structural bay within (e) auditorm. new rear wall will be constructed @eastern side of bldg. new basement with parking garage & access to hayes st. permitting vehicle access. the western facade will have the blade and masonee sig,filed,2007-01-05T00:00:00.000,2007-01-05T00:00:00.000,,,400000,,church,office,2,5,Hayes Valley,94117,"{'latitude': '37.775313751422985', 'longitude': '-122.4374623861592', 'human_address': '{""address"": """", ""city"": """", ""state"": """", ""zip"": """"}'}",1.08E+11,,3,3,0,0,1,constr type 1,1,constr type 1,,,Y,,,
5ea1d730eabbc96ff8ab039b,M52982,8,otc alterations permit,2007-01-05T00:00:00.000,4075,18,785,San Bruno,Av,street space,issued,2007-01-05T00:00:00.000,2007-01-05T00:00:00.000,2007-01-05T00:00:00.000,,,0,,,,10,Potrero Hill,94107,"{'latitude': '37.759713835202476', 'longitude': '-122.40468014636045', 'human_address': '{""address"": """", ""city"": """", ""state"": """", ""zip"": """"}'}",1.08E+12,,,,,,,,,,,,,,,
5ea1d730eabbc96ff8ab039c,2.01E+11,5,grade or quarry or fill or excavate,2007-01-05T00:00:00.000,4228,10,1301,Indiana,St,dirt removal as required to level site for new construction #bpn 2002-12-24-4169s.,complete,2008-05-05T00:00:00.000,2007-01-05T00:00:00.000,2007-05-23T00:00:00.000,2008-05-23T00:00:00.000Z,67500,100000,,,2,10,Potrero Hill,94107,"{'latitude': '37.754173905047736', 'longitude': '-122.39034620596833', 'human_address': '{""address"": """", ""city"": """", ""state"": """", ""zip"": """"}'}",1.08E+12,,,,,,,,,,2008-05-05T00:00:00.000,,,,,
5ea1d730eabbc96ff8ab039d,M52983,8,otc alterations permit,2007-01-05T00:00:00.000,39,7,2013,Grant,Av,street space,issued,2007-01-05T00:00:00.000,2007-01-05T00:00:00.000,2007-01-05T00:00:00.000,,,0,,,,3,North Beach,94133,"{'latitude': '37.80553541130805', 'longitude': '-122.40872356719942', 'human_address': '{""address"": """", ""city"": """", ""state"": """", ""zip"": """"}'}",1.08E+11,,,,,,,,,,,,,,,
5ea1d730eabbc96ff8ab039e,M52984,8,otc alterations permit,2007-01-05T00:00:00.000,49,12,2444,Leavenworth,St,street space,issued,2007-01-05T00:00:00.000,2007-01-05T00:00:00.000,2007-01-05T00:00:00.000,,,0,,,,2,Russian Hill,94133,"{'latitude': '37.803782763131125', 'longitude': '-122.41796659180626', 'human_address': '{""address"": """", ""city"": """", ""state"": """", ""zip"": """"}'}",1.08E+12,,,,,,,,,,,,,,,
5ea1d730eabbc96ff8ab039f,2.01E+11,5,grade or quarry or fill or excavate,2007-01-05T00:00:00.000,4228,10,1275,Indiana,St,dirt removal as required to level site for new construction #bpn 2002-12-24-4471.,complete,2008-05-05T00:00:00.000,2007-01-05T00:00:00.000,2007-05-23T00:00:00.000,2008-05-23T00:00:00.000Z,67500,100000,,,2,10,Potrero Hill,94107,"{'latitude': '37.754173905047736', 'longitude': '-122.39034620596833', 'human_address': '{""address"": """", ""city"": """", ""state"": """", ""zip"": """"}'}",1.08E+12,,,,,,,,,,2008-05-05T00:00:00.000,,,,,
5ea1d730eabbc96ff8ab03a0,M52985,8,otc alterations permit,2007-01-05T00:00:00.000,586,14,2513,Pacific,Av,street space,issued,2007-01-05T00:00:00.000,2007-01-05T00:00:00.000,2007-01-05T00:00:00.000,,,0,,,,2,Pacific Heights,94115,"{'latitude': '37.79276909001666', 'longitude': '-122.43714251683652', 'human_address': '{""address"": """", ""city"": """", ""state"": """", ""zip"": """"}'}",1.08E+12,0,,,,,,,,,,,,,,
5ea1d730eabbc96ff8ab03a1,M52986,8,otc alterations permit,2007-01-05T00:00:00.000,744,18,800,Turk,St,sidewalk repair,issued,2007-01-05T00:00:00.000,2007-01-05T00:00:00.000,2007-01-05T00:00:00.000,,,0,,,,5,Western Addition,94102,"{'latitude': '37.78190997723413', 'longitude': '-122.42266836945097', 'human_address': '{""address"": """", ""city"": """", ""state"": """", ""zip"": """"}'}",1.08E+11,,,,,,,,,,,,,,,
5ea1d730eabbc96ff8ab03a2,2.01E+11,5,grade or quarry or fill or excavate,2007-01-05T00:00:00.000,279,14,1299,Bush,St,temporary shoring & underpinning as required for bpn# 2005-03-10-7166. work under this permit to be an underpinning piers & soldier beams except underpinning piers #27 to #31 as shown on street #sp1,complete,2009-10-16T00:00:00.000,2007-01-05T00:00:00.000,2008-03-13T00:00:00.000,2010-03-13T00:00:00.000Z,100000,432300,,,2,3,Nob Hill,94109,"{'latitude': '37.788708778323645', 'longitude': '-122.41839815030428', 'human_address': '{""address"": """", ""city"": """", ""state"": """", ""zip"": """"}'}",1.08E+12,0,,,,,,,,,2009-10-16T00:00:00.000,,,,,
5ea1d730eabbc96ff8ab03a3,2.01E+11,8,otc alterations permit,2007-01-05T00:00:00.000,1762,26,1382,08th,Av,replace two windows in kind at front of house. alluminum to vinyl. .67 u factor min. comply with (his nov#200677707 & #200675397),complete,2007-02-01T00:00:00.000,2007-01-05T00:00:00.000,2007-01-05T00:00:00.000,2007-05-05T00:00:00.000Z,1200,1200,apartments,apartments,0,5,Inner Sunset,94122,"{'latitude': '37.762582967948525', 'longitude': '-122.46486983244503', 'human_address': '{""address"": """", ""city"": """", ""state"": """", ""zip"": """"}'}",1.08E+12,0,3,3,3,3,5,wood frame (5),5,wood frame (5),2007-02-01T00:00:00.000,,,,,
5ea1d730eabbc96ff8ab03a4,2.01E+11,8,otc alterations permit,2007-01-05T00:00:00.000,2861,31,2238,09th,Av,remodel kitchen on level 'a' and refurbish existing stairway with open handrail,complete,2007-06-01T00:00:00.000,2007-01-05T00:00:00.000,2007-01-05T00:00:00.000,2007-07-05T00:00:00.000Z,25000,25000,1 family dwelling,1 family dwelling,2,7,West of Twin Peaks,94116,"{'latitude': '37.74732650535603', 'longitude': '-122.46555073484286', 'human_address': '{""address"": """", ""city"": """", ""state"": """", ""zip"": """"}'}",1.08E+12,,2,2,1,1,5,wood frame (5),5,wood frame (5),2007-06-01T00:00:00.000,,,,,
5ea1d730eabbc96ff8ab03a5,2.01E+11,8,otc alterations permit,2007-01-05T00:00:00.000,321,32,765,Ofarrell,St,"total of 8 units. this is a  revision to pa# 2006/08/07/8815. repair wiring, plumbing, partial walls painting etc. for unit# 4, #7, #22, #31, #32, #37, #41 & #43. bath room, kitchen, 1 in each unit. minimum upgrade.",complete,2007-01-29T00:00:00.000,2007-01-05T00:00:00.000,2007-01-05T00:00:00.000,2007-05-05T00:00:00.000Z,1,1,apartments,apartments,0,6,Tenderloin,94109,"{'latitude': '37.784967277951175', 'longitude': '-122.41725672531369', 'human_address': '{""address"": """", ""city"": """", ""state"": """", ""zip"": """"}'}",1.08E+11,,4,4,33,33,5,wood frame (5),5,wood frame (5),2007-01-29T00:00:00.000,,,,,
5ea1d730eabbc96ff8ab03a6,M53002,8,otc alterations permit,2007-01-05T00:00:00.000,7112,006A,20,Sadowa,St,street space & sidewalk,issued,2007-01-05T00:00:00.000,2007-01-05T00:00:00.000,2007-01-05T00:00:00.000,,,0,,,,11,Oceanview/Merced/Ingleside,94112,"{'latitude': '37.712578241446195', 'longitude': '-122.45502045341854', 'human_address': '{""address"": """", ""city"": """", ""state"": """", ""zip"": """"}'}",1.08E+12,,,,,,,,,,,,,,,
5ea1d730eabbc96ff8ab03a7,2.01E+11,3,additions alterations or repairs,2007-01-05T00:00:00.000,279,15,1283,Bush,St,underpinning as required by adjacent. new construction 2005-03-10-7166s.,withdrawn,2007-11-05T00:00:00.000,2007-01-05T00:00:00.000,,,25000,252500,apartments,apartments,2,3,Nob Hill,94109,"{'latitude': '37.78872703093541', 'longitude': '-122.41825701981622', 'human_address': '{""address"": """", ""city"": """", ""state"": """", ""zip"": """"}'}",1.08E+12,0,4,4,8,8,5,wood frame (5),5,wood frame (5),,,,,,
5ea1d730eabbc96ff8ab03a8,2.01E+11,4,sign - erect,2007-01-05T00:00:00.000,3705,42,865,Market,St,to erect electrical sign,issued,2007-01-05T00:00:00.000,2007-01-05T00:00:00.000,2007-01-05T00:00:00.000,2007-05-05T00:00:00.000Z,,4000,retail sales,,2,6,South of Market,94103,"{'latitude': '37.78394695457302', 'longitude': '-122.40715830829208', 'human_address': '{""address"": """", ""city"": """", ""state"": """", ""zip"": """"}'}",1.08E+12,,6,,0,,3,constr type 3,,,,,,,,
5ea1d730eabbc96ff8ab03a9,M53003,8,otc alterations permit,2007-01-05T00:00:00.000,1232,23,1567,Page,St,street space,issued,2007-01-05T00:00:00.000,2007-01-05T00:00:00.000,2007-01-05T00:00:00.000,,,0,,,,5,Haight Ashbury,94117,"{'latitude': '37.77077091593777', 'longitude': '-122.44660871824203', 'human_address': '{""address"": """", ""city"": """", ""state"": """", ""zip"": """"}'}",1.08E+12,,,,,,,,,,,,,,,
5ea1d730eabbc96ff8ab03aa,M53004,8,otc alterations permit,2007-01-05T00:00:00.000,5685,18,355,Banks,St,street space,issued,2007-01-05T00:00:00.000,2007-01-05T00:00:00.000,2007-01-05T00:00:00.000,,,0,,,,9,Bernal Heights,94110,"{'latitude': '37.73864515727059', 'longitude': '-122.41252448699053', 'human_address': '{""address"": """", ""city"": """", ""state"": """", ""zip"": """"}'}",1.08E+12,,,,,,,,,,,,,,,
5ea1d730eabbc96ff8ab03ab,2.01E+11,3,additions alterations or repairs,2007-01-05T00:00:00.000,279,12,1144,Larkin,St,underpinning as required by adjacent new construction 2005-03-10-7166s.,complete,2009-10-16T00:00:00.000,2007-01-05T00:00:00.000,2008-02-27T00:00:00.000,2009-02-27T00:00:00.000Z,10000,43000,apartments,apartments,2,3,Nob Hill,94109,"{'latitude': '37.788527586779594', 'longitude': '-122.41831373627939', 'human_address': '{""address"": """", ""city"": """", ""state"": """", ""zip"": """"}'}",1.08E+11,,3,3,16,16,5,wood frame (5),5,wood frame (5),2009-10-16T00:00:00.000,,,,,
5ea1d730eabbc96ff8ab03ac,2.01E+11,8,otc alterations permit,2007-01-05T00:00:00.000,4150,15,2868,23rd,St,complaint 3200681897. stairs repair less than 50% of structure.,complete,2007-03-07T00:00:00.000,2007-01-05T00:00:00.000,2007-01-05T00:00:00.000,2007-05-05T00:00:00.000Z,500,500,apartments,apartments,0,9,Mission,94110,"{'latitude': '37.75459529763203', 'longitude': '-122.40973764782687', 'human_address': '{""address"": """", ""city"": """", ""state"": """", ""zip"": """"}'}",1.08E+12,0,2,2,4,4,5,wood frame (5),5,wood frame (5),2007-03-07T00:00:00.000,,,,,
5ea1d730eabbc96ff8ab03ad,2.01E+11,8,otc alterations permit,2007-01-05T00:00:00.000,2984,14,45,Allston,Wy,reenforce bay window section at rear of house (n) partitions at garage to create (n) storage rooms (two) voluntary strengthen garage wall. no calcs no spec insp.,issued,2007-01-05T00:00:00.000,2007-01-05T00:00:00.000,2007-01-05T00:00:00.000,2007-07-05T00:00:00.000Z,8000,8000,1 family dwelling,1 family dwelling,2,7,West of Twin Peaks,94127,"{'latitude': '37.74144783654101', 'longitude': '-122.46266408986418', 'human_address': '{""address"": """", ""city"": """", ""state"": """", ""zip"": """"}'}",1.08E+12,,2,2,1,1,5,wood frame (5),5,wood frame (5),,,,,,
5ea1d730eabbc96ff8ab03ae,2.01E+11,6,demolitions,2007-01-05T00:00:00.000,3776,92,246,Ritch,St,to demolish 1 story storage building,withdrawn,2010-12-01T00:00:00.000,2007-01-05T00:00:00.000,,,,,"warehouse,no frnitur",,0,6,South of Market,94107,"{'latitude': '37.780218861178675', 'longitude': '-122.39581632031391', 'human_address': '{""address"": """", ""city"": """", ""state"": """", ""zip"": """"}'}",1.08E+12,,1,,0,,5,wood frame (5),,,,,,,,
5ea1d730eabbc96ff8ab03af,2.01E+11,8,otc alterations permit,2007-01-05T00:00:00.000,94,5,1100,Filbert,St,reactivate job permit#200509132712. seismic improvement work to complete.,expired,2014-08-19T00:00:00.000,2007-01-05T00:00:00.000,2007-01-05T00:00:00.000,2007-07-05T00:00:00.000Z,15000,15000,apartments,apartments,0,2,Russian Hill,94109,"{'latitude': '37.80045478404231', 'longitude': '-122.41788437239934', 'human_address': '{""address"": """", ""city"": """", ""state"": """", ""zip"": """"}'}",1.08E+12,0,3,3,3,3,5,wood frame (5),5,wood frame (5),,,,,,
5ea1d730eabbc96ff8ab03b0,2.01E+11,8,otc alterations permit,2007-01-05T00:00:00.000,94,5,1112,Filbert,St,reactivate job permit#200509132712. seismic improvement work to complete.,expired,2014-08-19T00:00:00.000,2007-01-05T00:00:00.000,2007-01-05T00:00:00.000,2007-07-05T00:00:00.000Z,15000,15000,apartments,apartments,0,2,Russian Hill,94109,"{'latitude': '37.80045478404231', 'longitude': '-122.41788437239934', 'human_address': '{""address"": """", ""city"": """", ""state"": """", ""zip"": """"}'}",1.08E+12,,3,3,3,3,5,wood frame (5),5,wood frame (5),,,,,,
5ea1d730eabbc96ff8ab03b1,2.01E+11,8,otc alterations permit,2007-01-05T00:00:00.000,5612,32,91,Winfield,St,reroofing.,complete,2007-05-23T00:00:00.000,2007-01-05T00:00:00.000,2007-01-05T00:00:00.000,2007-07-05T00:00:00.000Z,7940,7940,1 family dwelling,1 family dwelling,0,9,Bernal Heights,94110,"{'latitude': '37.74366476902927', 'longitude': '-122.41761907508271', 'human_address': '{""address"": """", ""city"": """", ""state"": """", ""zip"": """"}'}",1.08E+12,,,,,,,,,,2007-05-23T00:00:00.000,,,,,
5ea1d730eabbc96ff8ab03b2,2.01E+11,2,new construction wood frame,2007-01-05T00:00:00.000,3776,92,246,Ritch,St,to erect a new 5 story 19 dwelling unit,complete,2014-02-06T00:00:00.000,2007-01-05T00:00:00.000,2012-04-20T00:00:00.000,2015-04-05T00:00:00.000Z,1800000,1891285,,apartments,2,6,South of Market,94107,"{'latitude': '37.780218861178675', 'longitude': '-122.39581632031391', 'human_address': '{""address"": """", ""city"": """", ""state"": """", ""zip"": """"}'}",1.08E+12,,,5,,19,,,5,wood frame (5),2014-02-06T00:00:00.000,,Y,,2012-08-14T00:00:00.000,
5ea1d730eabbc96ff8ab03b3,2.01E+11,3,additions alterations or repairs,2007-01-05T00:00:00.000,266,9,1,Front,St,"oti-1, aetna, 6/fl, el,, me, ls, sp.",complete,2007-06-22T00:00:00.000,2007-01-05T00:00:00.000,2007-01-29T00:00:00.000,2009-01-29T00:00:00.000Z,308000,308000,office,office,2,3,Financial District/South Beach,94111,"{'latitude': '37.79175821447036', 'longitude': '-122.39891194475122', 'human_address': '{""address"": """", ""city"": """", ""state"": """", ""zip"": """"}'}",1.08E+12,,38,38,0,0,1,constr type 1,1,constr type 1,2007-06-22T00:00:00.000,,,,,
5ea1d730eabbc96ff8ab03b4,2.01E+11,8,otc alterations permit,2007-01-05T00:00:00.000,2199,003C,2147,18th,Av,reroofing.,issued,2007-01-05T00:00:00.000,2007-01-05T00:00:00.000,2007-01-05T00:00:00.000,2007-05-05T00:00:00.000Z,4800,4800,1 family dwelling,1 family dwelling,0,7,West of Twin Peaks,94116,"{'latitude': '37.74778375279827', 'longitude': '-122.47524676987994', 'human_address': '{""address"": """", ""city"": """", ""state"": """", ""zip"": """"}'}",1.08E+12,,,,,,,,,,,,,,,
5ea1d730eabbc96ff8ab03b5,2.01E+11,8,otc alterations permit,2007-01-05T00:00:00.000,1662,45,754,20th,Av,reroofing.,issued,2007-01-05T00:00:00.000,2007-01-05T00:00:00.000,2007-01-05T00:00:00.000,2007-05-05T00:00:00.000Z,4800,4800,2 family dwelling,2 family dwelling,0,1,Outer Richmond,94121,"{'latitude': '37.773661165865164', 'longitude': '-122.4785658160331', 'human_address': '{""address"": """", ""city"": """", ""state"": """", ""zip"": """"}'}",1.08E+12,,,,,,,,,,,,,,,
5ea1d730eabbc96ff8ab03b6,2.01E+11,3,additions alterations or repairs,2007-01-05T00:00:00.000,266,9,1,Front,St,"oti-2, aetna, 6/fl, el, me, ls.",complete,2007-06-22T00:00:00.000,2007-01-05T00:00:00.000,2007-02-12T00:00:00.000,2008-02-12T00:00:00.000Z,80000,100000,office,office,2,3,Financial District/South Beach,94111,"{'latitude': '37.79175821447036', 'longitude': '-122.39891194475122', 'human_address': '{""address"": """", ""city"": """", ""state"": """", ""zip"": """"}'}",1.08E+12,,33,33,0,0,1,constr type 1,1,constr type 1,2007-06-22T00:00:00.000,,,,,
5ea1d730eabbc96ff8ab03b7,2.01E+11,8,otc alterations permit,2007-01-05T00:00:00.000,0026T,289A,2655,Hyde,St,"remove & replace exterior cement plaster approx 2400 sqft, interior gypsum board around window and sliding glass doors. 26 windows and 4 sliding glass doors (same size, same location), & water damaged framing and sheating at the south wall units#107,106,105,104,207,206,205,204,307,306,305,304. 12 un",complete,2007-03-29T00:00:00.000,2007-01-05T00:00:00.000,2007-01-05T00:00:00.000,2008-01-05T00:00:00.000Z,75000,75000,apartments,apartments,2,2,Russian Hill,94109,"{'latitude': '37.8054734094747', 'longitude': '-122.42059704496393', 'human_address': '{""address"": """", ""city"": """", ""state"": """", ""zip"": """"}'}",1.08E+12,0,3,3,24,24,5,wood frame (5),5,wood frame (5),2007-03-29T00:00:00.000,,,,,0
5ea1d730eabbc96ff8ab03b8,2.01E+11,8,otc alterations permit,2007-01-05T00:00:00.000,1662,45,756,20th,Av,reroofing.,issued,2007-01-05T00:00:00.000,2007-01-05T00:00:00.000,2007-01-05T00:00:00.000,2007-05-05T00:00:00.000Z,4800,4800,2 family dwelling,2 family dwelling,0,1,Outer Richmond,94121,"{'latitude': '37.773661165865164', 'longitude': '-122.4785658160331', 'human_address': '{""address"": """", ""city"": """", ""state"": """", ""zip"": """"}'}",1.08E+12,,,,,,,,,,,,,,,
5ea1d730eabbc96ff8ab03b9,2.01E+11,8,otc alterations permit,2007-01-05T00:00:00.000,268,6,220,Bush,St,"oti-1   8th floor el, l/s, sp",complete,2007-06-19T00:00:00.000,2007-01-05T00:00:00.000,2007-01-05T00:00:00.000,2008-01-05T00:00:00.000Z,80000,80000,office,office,2,3,Financial District/South Beach,94104,"{'latitude': '37.79139224704139', 'longitude': '-122.40130698499809', 'human_address': '{""address"": """", ""city"": """", ""state"": """", ""zip"": """"}'}",1.08E+11,,22,22,0,0,1,constr type 1,1,constr type 1,2007-06-19T00:00:00.000,,,,,
5ea1d730eabbc96ff8ab03ba,M53022,8,otc alterations permit,2007-01-05T00:00:00.000,961,4,2515,Scott,St,street space,issued,2007-01-05T00:00:00.000,2007-01-05T00:00:00.000,2007-01-05T00:00:00.000,,,0,,,,2,Pacific Heights,94115,"{'latitude': '37.79307710747633', 'longitude': '-122.44006974346662', 'human_address': '{""address"": """", ""city"": """", ""state"": """", ""zip"": """"}'}",1.08E+11,,,,,,,,,,,,,,,
5ea1d730eabbc96ff8ab03bb,2.01E+11,8,otc alterations permit,2007-01-05T00:00:00.000,2704,56,381,Corbett,Av,demo and remodel: kitchen and bathroom at ground level,expired,2007-07-30T00:00:00.000,2007-01-05T00:00:00.000,2007-01-05T00:00:00.000,2007-07-05T00:00:00.000Z,10000,10000,apartments,apartments,0,8,Castro/Upper Market,94114,"{'latitude': '37.7593171602773', 'longitude': '-122.44561879010135', 'human_address': '{""address"": """", ""city"": """", ""state"": """", ""zip"": """"}'}",1.08E+12,0,3,3,3,3,5,wood frame (5),5,wood frame (5),,,,,,
5ea1d730eabbc96ff8ab03bc,2.01E+11,8,otc alterations permit,2007-01-05T00:00:00.000,3251,6,250,San Fernando,Wy,reroofing,complete,2007-01-17T00:00:00.000,2007-01-05T00:00:00.000,2007-01-05T00:00:00.000,2007-07-05T00:00:00.000Z,18527,18527,1 family dwelling,1 family dwelling,0,7,West of Twin Peaks,94127,"{'latitude': '37.7324148199799', 'longitude': '-122.4698654023569', 'human_address': '{""address"": """", ""city"": """", ""state"": """", ""zip"": """"}'}",1.08E+12,,,,,,,,,,2007-01-17T00:00:00.000,,,,,
5ea1d730eabbc96ff8ab03bd,2.01E+11,8,otc alterations permit,2007-01-05T00:00:00.000,1114,8,45,Encanto,Av,reroofing,complete,2007-01-17T00:00:00.000,2007-01-05T00:00:00.000,2007-01-05T00:00:00.000,2007-07-05T00:00:00.000Z,13674,13674,1 family dwelling,1 family dwelling,0,2,Lone Mountain/USF,94115,"{'latitude': '37.780403040504375', 'longitude': '-122.44386520813573', 'human_address': '{""address"": """", ""city"": """", ""state"": """", ""zip"": """"}'}",1.08E+11,,,,,,,,,,2007-01-17T00:00:00.000,,,,,
5ea1d730eabbc96ff8ab03be,2.01E+11,3,additions alterations or repairs,2007-01-05T00:00:00.000,3729,74,1269,Howard,St,"revise pa# 200610195527-install wheel chair lift, provide structural details for installation skylight.",issued,2007-02-13T00:00:00.000,2007-01-05T00:00:00.000,2007-02-13T00:00:00.000,2008-02-13T00:00:00.000Z,35000,35000,office,office,2,6,South of Market,94103,"{'latitude': '37.775158468223474', 'longitude': '-122.41238465243752', 'human_address': '{""address"": """", ""city"": """", ""state"": """", ""zip"": """"}'}",1.08E+12,,2,2,0,0,5,wood frame (5),5,wood frame (5),,,,,,
5ea1d730eabbc96ff8ab03bf,2.01E+11,8,otc alterations permit,2007-01-05T00:00:00.000,678,126,2295,Bush,St,"1 at 11' 2"" wide x 3' projection x 4' drop and 1 corner at 12' wide, 8' wide corner panel, 12' wide x 3' projection x 4 4' drop",issued,2007-01-05T00:00:00.000,2007-01-05T00:00:00.000,2007-01-05T00:00:00.000,,,0,,,2,5,Pacific Heights,94115,"{'latitude': '37.786572696599826', 'longitude': '-122.4347131457043', 'human_address': '{""address"": """", ""city"": """", ""state"": """", ""zip"": """"}'}",1.08E+12,0,,,,,,,,,,,,,,
5ea1d730eabbc96ff8ab03c0,2.01E+11,8,otc alterations permit,2007-01-05T00:00:00.000,59,121,150,Lombard,St,"remodel one kitchen w/new appliance & cabinets/countertops, retile bathroom new vanity &* bath tub - no stuctrual work in kind",complete,2007-03-02T00:00:00.000,2007-01-05T00:00:00.000,2007-01-05T00:00:00.000,2007-07-05T00:00:00.000Z,10000,10000,apartments,apartments,0,3,Financial District/South Beach,94111,"{'latitude': '37.80442696445743', 'longitude': '-122.40426517628732', 'human_address': '{""address"": """", ""city"": """", ""state"": """", ""zip"": """"}'}",1.08E+11,509,9,9,72,72,2,constr type 2,2,constr type 2,2007-03-02T00:00:00.000,,,,,
5ea1d730eabbc96ff8ab03c1,M53042,8,otc alterations permit,2007-01-05T00:00:00.000,3584,32,3976,19th,St,street space permit,issued,2007-01-05T00:00:00.000,2007-01-05T00:00:00.000,2007-01-05T00:00:00.000,,,0,,,,8,Castro/Upper Market,94114,"{'latitude': '37.75970572983867', 'longitude': '-122.43202607528404', 'human_address': '{""address"": """", ""city"": """", ""state"": """", ""zip"": """"}'}",1.08E+12,,,,,,,,,,,,,,,
5ea1d730eabbc96ff8ab03c2,2.01E+11,3,additions alterations or repairs,2007-01-05T00:00:00.000,6546,38,4239,25th,St,front horizontal addition & new front entry (one story) addition to an (e) single family structure. remodel (2) bedrooms & family room & entry.,complete,2008-03-24T00:00:00.000,2007-01-05T00:00:00.000,2007-07-17T00:00:00.000,2008-07-17T00:00:00.000Z,75000,75000,1 family dwelling,1 family dwelling,2,8,Noe Valley,94114,"{'latitude': '37.74938468025206', 'longitude': '-122.43501167737475', 'human_address': '{""address"": """", ""city"": """", ""state"": """", ""zip"": """"}'}",1.08E+12,,2,2,1,1,5,wood frame (5),5,wood frame (5),2008-03-24T00:00:00.000,Y,Y,,2007-07-17T00:00:00.000,
5ea1d730eabbc96ff8ab03c3,2.01E+11,8,otc alterations permit,2007-01-05T00:00:00.000,4104,35,545,Pennsylvania,Av,reroofing,complete,2007-01-10T00:00:00.000,2007-01-05T00:00:00.000,2007-01-05T00:00:00.000,2007-07-05T00:00:00.000Z,7400,7400,2 family dwelling,2 family dwelling,0,10,Potrero Hill,94107,"{'latitude': '37.75961804522055', 'longitude': '-122.39297877811363', 'human_address': '{""address"": """", ""city"": """", ""state"": """", ""zip"": """"}'}",1.08E+12,,,,,,,,,,2007-01-10T00:00:00.000,,,,,
5ea1d730eabbc96ff8ab03c4,2.01E+11,8,otc alterations permit,2007-01-05T00:00:00.000,4104,36,547,Pennsylvania,Av,reroofing,complete,2007-01-10T00:00:00.000,2007-01-05T00:00:00.000,2007-01-05T00:00:00.000,2007-07-05T00:00:00.000Z,7400,7400,2 family dwelling,2 family dwelling,0,10,Potrero Hill,94107,"{'latitude': '37.75961804522055', 'longitude': '-122.39297877811363', 'human_address': '{""address"": """", ""city"": """", ""state"": """", ""zip"": """"}'}",1.08E+12,547,,,,,,,,,2007-01-10T00:00:00.000,,,,,
5ea1d730eabbc96ff8ab03c5,2.01E+11,8,otc alterations permit,2007-01-05T00:00:00.000,4145,9,2320,Bryant,St,rvision to appl #200611298674. add 2 skylight at dinining room and playroom area. 2x4 size,complete,2007-01-08T00:00:00.000,2007-01-05T00:00:00.000,2007-01-05T00:00:00.000,2007-05-05T00:00:00.000Z,1,1,1 family dwelling,1 family dwelling,0,9,Mission,94110,"{'latitude': '37.75687802305521', 'longitude': '-122.4098382298529', 'human_address': '{""address"": """", ""city"": """", ""state"": """", ""zip"": """"}'}",1.08E+12,,2,2,1,1,5,wood frame (5),5,wood frame (5),2007-01-08T00:00:00.000,,,,,
5ea1d730eabbc96ff8ab03c6,2.01E+11,8,otc alterations permit,2007-01-05T00:00:00.000,1840,014B,1483,Funston,Av,reroofing,complete,2007-02-14T00:00:00.000,2007-01-05T00:00:00.000,2007-01-05T00:00:00.000,2007-07-05T00:00:00.000Z,14000,14000,1 family dwelling,1 family dwelling,0,7,Inner Sunset,94122,"{'latitude': '37.760457517817436', 'longitude': '-122.47068810136602', 'human_address': '{""address"": """", ""city"": """", ""state"": """", ""zip"": """"}'}",1.08E+12,,,,,,,,,,2007-02-14T00:00:00.000,,,,,
5ea1d730eabbc96ff8ab03c7,2.01E+11,8,otc alterations permit,2007-01-05T00:00:00.000,818,1,449,Octavia,St,"fabricate and install 1 awning, free hanging valance and awning will not extend passed window opening",expired,2008-11-17T00:00:00.000,2007-01-05T00:00:00.000,2007-01-05T00:00:00.000,2007-05-05T00:00:00.000Z,700,700,retail sales,retail sales,2,5,Hayes Valley,94102,"{'latitude': '37.77639338632711', 'longitude': '-122.42475605739483', 'human_address': '{""address"": """", ""city"": """", ""state"": """", ""zip"": """"}'}",1.08E+12,,3,3,14,14,5,wood frame (5),5,wood frame (5),,,,,,
5ea1d730eabbc96ff8ab03c8,2.01E+11,8,otc alterations permit,2007-01-05T00:00:00.000,5523,14,3264,Folsom,St,reroofing,complete,2007-02-07T00:00:00.000,2007-01-05T00:00:00.000,2007-01-05T00:00:00.000,2007-07-05T00:00:00.000Z,15000,15000,1 family dwelling,1 family dwelling,0,9,Bernal Heights,94110,"{'latitude': '37.745819643396594', 'longitude': '-122.41372275692359', 'human_address': '{""address"": """", ""city"": """", ""state"": """", ""zip"": """"}'}",1.08E+12,,,,,,,,,,2007-02-07T00:00:00.000,,,,,
5ea1d730eabbc96ff8ab03c9,2.01E+11,8,otc alterations permit,2007-01-05T00:00:00.000,693,10,946,Geary,St,reroofing,expired,2011-02-25T00:00:00.000,2007-01-05T00:00:00.000,2007-01-05T00:00:00.000,2007-07-05T00:00:00.000Z,6000,6000,apartments,apartments,0,6,Tenderloin,94109,"{'latitude': '37.78626385389539', 'longitude': '-122.41887130268813', 'human_address': '{""address"": """", ""city"": """", ""state"": """", ""zip"": """"}'}",1.08E+12,,,,,,,,,,,,,,,
5ea1d730eabbc96ff8ab03ca,2.01E+11,8,otc alterations permit,2007-01-05T00:00:00.000,6112,23,681,University,St,to renew expired permit #200603086256 for final inpsecition only,issued,2007-01-05T00:00:00.000,2007-01-05T00:00:00.000,2007-01-05T00:00:00.000,2007-05-05T00:00:00.000Z,1,1,1 family dwelling,1 family dwelling,0,9,Portola,94134,"{'latitude': '37.72175511446843', 'longitude': '-122.41185922545053', 'human_address': '{""address"": """", ""city"": """", ""state"": """", ""zip"": """"}'}",1.08E+12,,2,2,1,1,5,wood frame (5),5,wood frame (5),2007-01-05T00:00:00.000,,,,,
5ea1d730eabbc96ff8ab03cb,M53062,8,otc alterations permit,2007-01-05T00:00:00.000,1619,006F,767,25th,Av,street space permit,issued,2007-01-05T00:00:00.000,2007-01-05T00:00:00.000,2007-01-05T00:00:00.000,,,0,,,,1,Outer Richmond,94121,"{'latitude': '37.774976854610216', 'longitude': '-122.48469510504466', 'human_address': '{""address"": """", ""city"": """", ""state"": """", ""zip"": """"}'}",1.08E+12,,,,,,,,,,,,,,,
5ea1d730eabbc96ff8ab03cc,2.01E+11,8,otc alterations permit,2007-01-05T00:00:00.000,2610,42,105,Alpine,Tr,"legalize ""habitable space"" at 1st floor and provide full bathroom. remodel kitchen. fill in 2 lightwells at 3rd floor. add new bathrooms. add steel beam at garage. remodel 3rd floor bathroom. new vanity at 2nd floor.",complete,2008-03-19T00:00:00.000,2007-01-05T00:00:00.000,2007-01-05T00:00:00.000,2008-01-05T00:00:00.000Z,99000,99000,1 family dwelling,1 family dwelling,2,8,Castro/Upper Market,94117,"{'latitude': '37.7688781735904', 'longitude': '-122.43728491404069', 'human_address': '{""address"": """", ""city"": """", ""state"": """", ""zip"": """"}'}",1.08E+12,,3,3,1,1,5,wood frame (5),5,wood frame (5),2008-03-19T00:00:00.000,Y,,,,
5ea1d730eabbc96ff8ab03cd,M53063,8,otc alterations permit,2007-01-05T00:00:00.000,5719,15,105,Richland,Av,street space permit only.,issued,2007-01-05T00:00:00.000,2007-01-05T00:00:00.000,2007-01-05T00:00:00.000,,,0,,,,9,Bernal Heights,94110,"{'latitude': '37.736149628078195', 'longitude': '-122.42410384857304', 'human_address': '{""address"": """", ""city"": """", ""state"": """", ""zip"": """"}'}",1.08E+12,,,,,,,,,,,,,,,
5ea1d730eabbc96ff8ab03ce,2.01E+11,8,otc alterations permit,2007-01-05T00:00:00.000,2359,1,2301,30th,Av,reroofing.,issued,2007-01-05T00:00:00.000,2007-01-05T00:00:00.000,2007-01-05T00:00:00.000,2007-07-05T00:00:00.000Z,7500,7500,1 family dwelling,1 family dwelling,0,4,Sunset/Parkside,94116,"{'latitude': '37.744239662427184', 'longitude': '-122.48788151268484', 'human_address': '{""address"": """", ""city"": """", ""state"": """", ""zip"": """"}'}",1.08E+12,,,,,,,,,,,,,,,
5ea1d730eabbc96ff8ab03cf,M53082,8,otc alterations permit,2007-01-05T00:00:00.000,1245,1,1501,Haight,St,sidewalk permit only.,issued,2007-01-05T00:00:00.000,2007-01-05T00:00:00.000,2007-01-05T00:00:00.000,,,0,,,,5,Haight Ashbury,94117,"{'latitude': '37.76976308868339', 'longitude': '-122.4471153332011', 'human_address': '{""address"": """", ""city"": """", ""state"": """", ""zip"": """"}'}",1.08E+11,,,,,,,,,,,,,,,
5ea1d730eabbc96ff8ab03d0,M53082,8,otc alterations permit,2007-01-05T00:00:00.000,1245,1,1509,Haight,St,sidewalk permit only.,issued,2007-01-05T00:00:00.000,2007-01-05T00:00:00.000,2007-01-05T00:00:00.000,,,0,,,,5,Haight Ashbury,94117,"{'latitude': '37.76976308868339', 'longitude': '-122.4471153332011', 'human_address': '{""address"": """", ""city"": """", ""state"": """", ""zip"": """"}'}",1.08E+12,,,,,,,,,,,,,,,
5ea1d730eabbc96ff8ab03d1,2.01E+11,8,otc alterations permit,2007-01-05T00:00:00.000,315,3,201,Powell,St,renew for final 200104197205,complete,2007-01-30T00:00:00.000,2007-01-05T00:00:00.000,2007-01-05T00:00:00.000,2007-05-05T00:00:00.000Z,1,1,tourist hotel/motel,tourist hotel/motel,0,3,Tenderloin,94102,"{'latitude': '37.78675094386961', 'longitude': '-122.40846710769029', 'human_address': '{""address"": """", ""city"": """", ""state"": """", ""zip"": """"}'}",1.08E+11,,7,7,183,183,2,constr type 2,2,constr type 2,2007-01-30T00:00:00.000,,,,,
5ea1d730eabbc96ff8ab03d2,2.01E+11,8,otc alterations permit,2007-01-05T00:00:00.000,1222,19,1484,Page,St,kitchen remodel. replace kitchen cabinets & flooring. (no structural work) up date plumbing & electrical seperate permits. 50% or more lighting will be fluorscent.,complete,2007-04-16T00:00:00.000,2007-01-05T00:00:00.000,2007-01-05T00:00:00.000,2008-01-05T00:00:00.000Z,60000,60000,1 family dwelling,1 family dwelling,0,5,Haight Ashbury,94117,"{'latitude': '37.77140195873266', 'longitude': '-122.44534195749844', 'human_address': '{""address"": """", ""city"": """", ""state"": """", ""zip"": """"}'}",1.08E+12,,2,2,1,1,5,wood frame (5),5,wood frame (5),2007-04-16T00:00:00.000,,,,,
5ea1d730eabbc96ff8ab03d3,M52942,8,otc alterations permit,2007-01-05T00:00:00.000,495,3,3127,Octavia,St,street space permit only.,issued,2007-01-05T00:00:00.000,2007-01-05T00:00:00.000,2007-01-05T00:00:00.000,,,0,,,,2,Marina,94123,"{'latitude': '37.801040654033585', 'longitude': '-122.42984918010609', 'human_address': '{""address"": """", ""city"": """", ""state"": """", ""zip"": """"}'}",1.08E+11,,,,,,,,,,,,,,,
5ea1d730eabbc96ff8ab03d4,2.01E+11,8,otc alterations permit,2007-01-05T00:00:00.000,74,7,850,Greenwich,St,work @ 852 & 854 only. replace roof deck railing with a stainless steel post & wire railing system. remove & replace deteriorated deck boards. less than 50%. remodel kitchen & bathroom in (852 greenwich) install new kitchen counter tops & gas range in 854 greenwich.,complete,2007-11-06T00:00:00.000,2007-01-05T00:00:00.000,2007-01-05T00:00:00.000,2007-07-05T00:00:00.000Z,20000,20000,2 family dwelling,2 family dwelling,0,3,Russian Hill,94133,"{'latitude': '37.801937270905064', 'longitude': '-122.41381004222117', 'human_address': '{""address"": """", ""city"": """", ""state"": """", ""zip"": """"}'}",1.08E+11,,4,4,2,2,5,wood frame (5),5,wood frame (5),2007-11-06T00:00:00.000,,,,,
5ea1d730eabbc96ff8ab03d5,2.01E+11,8,otc alterations permit,2007-01-05T00:00:00.000,74,7,852,Greenwich,St,work @ 852 & 854 only. replace roof deck railing with a stainless steel post & wire railing system. remove & replace deteriorated deck boards. less than 50%. remodel kitchen & bathroom in (852 greenwich) install new kitchen counter tops & gas range in 854 greenwich.,complete,2007-11-06T00:00:00.000,2007-01-05T00:00:00.000,2007-01-05T00:00:00.000,2007-07-05T00:00:00.000Z,20000,20000,2 family dwelling,2 family dwelling,0,3,Russian Hill,94133,"{'latitude': '37.801937270905064', 'longitude': '-122.41381004222117', 'human_address': '{""address"": """", ""city"": """", ""state"": """", ""zip"": """"}'}",1.08E+12,,4,4,2,2,5,wood frame (5),5,wood frame (5),2007-11-06T00:00:00.000,,,,,
5ea1d730eabbc96ff8ab03d6,2.01E+11,8,otc alterations permit,2007-01-05T00:00:00.000,74,7,854,Greenwich,St,work @ 852 & 854 only. replace roof deck railing with a stainless steel post & wire railing system. remove & replace deteriorated deck boards. less than 50%. remodel kitchen & bathroom in (852 greenwich) install new kitchen counter tops & gas range in 854 greenwich.,complete,2007-11-06T00:00:00.000,2007-01-05T00:00:00.000,2007-01-05T00:00:00.000,2007-07-05T00:00:00.000Z,20000,20000,2 family dwelling,2 family dwelling,0,3,Russian Hill,94133,"{'latitude': '37.801937270905064', 'longitude': '-122.41381004222117', 'human_address': '{""address"": """", ""city"": """", ""state"": """", ""zip"": """"}'}",1.08E+12,,4,4,2,2,5,wood frame (5),5,wood frame (5),2007-11-06T00:00:00.000,,,,,
5ea1d730eabbc96ff8ab03d7,2.01E+11,8,otc alterations permit,2007-01-05T00:00:00.000,5377,22,174,Elmira,St,"to add 2 bedroom, 2 full bath room, 2 storage, laundry room on extg ground floor per plan. foundation work per plans.",complete,2007-05-22T00:00:00.000,2007-01-05T00:00:00.000,2007-01-05T00:00:00.000,2008-01-05T00:00:00.000Z,26000,26000,1 family dwelling,1 family dwelling,2,10,Bayview Hunters Point,94124,"{'latitude': '37.7349111578019', 'longitude': '-122.40390369599608', 'human_address': '{""address"": """", ""city"": """", ""state"": """", ""zip"": """"}'}",1.08E+12,,2,2,1,1,5,wood frame (5),5,wood frame (5),2007-05-22T00:00:00.000,,,,,
5ea1d730eabbc96ff8ab03d8,2.01E+11,8,otc alterations permit,2007-01-05T00:00:00.000,233,44,4,Embarcadero Center,,renewal of p# 2006/04/17/9159 & pa# 2006/04/13/8881 for final inspection only.,complete,2007-02-12T00:00:00.000,2007-01-05T00:00:00.000,2007-01-05T00:00:00.000,2007-05-05T00:00:00.000Z,1,1,office,office,0,3,Financial District/South Beach,94111,"{'latitude': '37.79506002552974', 'longitude': '-122.39593224461805', 'human_address': '{""address"": """", ""city"": """", ""state"": """", ""zip"": """"}'}",1.08E+11,,40,40,0,0,1,constr type 1,1,constr type 1,2007-02-12T00:00:00.000,,,,,
5ea1d730eabbc96ff8ab03d9,2.01E+11,8,otc alterations permit,2007-01-05T00:00:00.000,6407,001C,920,Madrid,St,"to add 2 bed room, one full bth room, 2 storage and laundry room on extg ground floor per plan",complete,2007-08-01T00:00:00.000,2007-01-05T00:00:00.000,2007-01-05T00:00:00.000,2007-07-05T00:00:00.000Z,20000,20000,1 family dwelling,1 family dwelling,2,11,Excelsior,94112,"{'latitude': '37.71580857859612', 'longitude': '-122.4375267484772', 'human_address': '{""address"": """", ""city"": """", ""state"": """", ""zip"": """"}'}",1.08E+12,,2,2,1,1,5,wood frame (5),5,wood frame (5),2007-08-01T00:00:00.000,,,,,
5ea1d730eabbc96ff8ab03da,2.01E+11,8,otc alterations permit,2007-01-05T00:00:00.000,3095,030A,236,Ridgewood,Av,renovate in place (e) bedroom. relocate (e) lower floor bathroom and laundry room. relocate (e) forced air unit & hot water heater. replace finishes and relocate window at upper floor bathroom. three new skylights.,complete,2007-12-12T00:00:00.000,2007-01-05T00:00:00.000,2007-01-05T00:00:00.000,2008-01-05T00:00:00.000Z,70000,70000,1 family dwelling,1 family dwelling,2,7,West of Twin Peaks,94127,"{'latitude': '37.73210755654028', 'longitude': '-122.45317830408335', 'human_address': '{""address"": """", ""city"": """", ""state"": """", ""zip"": """"}'}",1.08E+12,,2,2,1,1,5,wood frame (5),5,wood frame (5),2007-12-12T00:00:00.000,,,,,
5ea1d730eabbc96ff8ab03db,2.01E+11,8,otc alterations permit,2007-01-05T00:00:00.000,1881,27,1584,36th,Av,"remodeling existing bathroom (change tiles, repainting only)",issued,2007-01-05T00:00:00.000,2007-01-05T00:00:00.000,2007-01-05T00:00:00.000,2007-05-05T00:00:00.000Z,600,600,1 family dwelling,1 family dwelling,0,4,Sunset/Parkside,94122,"{'latitude': '37.75749719100628', 'longitude': '-122.49468862714257', 'human_address': '{""address"": """", ""city"": """", ""state"": """", ""zip"": """"}'}",1.08E+12,,3,3,1,1,5,wood frame (5),5,wood frame (5),,,,,,
5ea1d730eabbc96ff8ab03dc,2.01E+11,8,otc alterations permit,2007-01-05T00:00:00.000,4005,7,1555,Mariposa,St,renew expired pa#200408131528,issued,2007-01-05T00:00:00.000,2007-01-05T00:00:00.000,2007-01-05T00:00:00.000,2007-05-05T00:00:00.000Z,1,1,school,school,0,10,Potrero Hill,94107,"{'latitude': '37.76345787869204', 'longitude': '-122.39942687367368', 'human_address': '{""address"": """", ""city"": """", ""state"": """", ""zip"": """"}'}",1.08E+12,0,3,3,0,0,5,wood frame (5),5,wood frame (5),,,,,,
5ea1d730eabbc96ff8ab03dd,2.01E+11,8,otc alterations permit,2007-01-05T00:00:00.000,2024,44,1722,26th,Av,reroofing.,complete,2007-01-26T00:00:00.000,2007-01-05T00:00:00.000,2007-01-05T00:00:00.000,2007-05-05T00:00:00.000Z,5000,5000,1 family dwelling,1 family dwelling,0,4,Sunset/Parkside,94122,"{'latitude': '37.75530918479115', 'longitude': '-122.48374235585807', 'human_address': '{""address"": """", ""city"": """", ""state"": """", ""zip"": """"}'}",1.08E+12,,,,,,,,,,2007-01-26T00:00:00.000,,,,,
5ea1d730eabbc96ff8ab03de,2.01E+11,8,otc alterations permit,2007-01-05T00:00:00.000,2607,56,45,Upper,Tr,renew app #9724503/9802096/20000201715 for final inspection,complete,2007-01-16T00:00:00.000,2007-01-05T00:00:00.000,2007-01-05T00:00:00.000,2007-05-05T00:00:00.000Z,1,1,1 family dwelling,1 family dwelling,0,8,Castro/Upper Market,94117,"{'latitude': '37.76551260498125', 'longitude': '-122.44308504626758', 'human_address': '{""address"": """", ""city"": """", ""state"": """", ""zip"": """"}'}",1.08E+12,,3,3,1,1,5,wood frame (5),5,wood frame (5),2007-01-16T00:00:00.000,,,,,
5ea1d730eabbc96ff8ab03df,2.01E+11,8,otc alterations permit,2007-01-05T00:00:00.000,5411,35,37,Thornton,Av,"renew pa3200212193945,3200511087637 for final inspection.",complete,2007-04-23T00:00:00.000,2007-01-05T00:00:00.000,2007-01-05T00:00:00.000,2007-05-05T00:00:00.000Z,1,1,1 family dwelling,1 family dwelling,0,10,Bayview Hunters Point,94124,"{'latitude': '37.73056293141833', 'longitude': '-122.39307178891697', 'human_address': '{""address"": """", ""city"": """", ""state"": """", ""zip"": """"}'}",1.08E+12,,2,2,1,1,5,wood frame (5),5,wood frame (5),2007-04-23T00:00:00.000,,,,,
5ea1d730eabbc96ff8ab03e0,2.01E+11,8,otc alterations permit,2007-01-05T00:00:00.000,4969,35,1071,Ingerson,Av,"renew application #2005102266545, 200601122056 for final inpsection (permt#1076576)",complete,2007-02-12T00:00:00.000,2007-01-05T00:00:00.000,2007-01-05T00:00:00.000,2007-05-05T00:00:00.000Z,1,1,1 family dwelling,1 family dwelling,0,10,Bayview Hunters Point,94124,"{'latitude': '37.71964505897376', 'longitude': '-122.39449852111072', 'human_address': '{""address"": """", ""city"": """", ""state"": """", ""zip"": """"}'}",1.08E+12,,2,2,1,1,5,wood frame (5),5,wood frame (5),2007-02-12T00:00:00.000,,,,,
5ea1d730eabbc96ff8ab03e1,M53103,8,otc alterations permit,2007-01-05T00:00:00.000,6074,11,945,Persia,Av,street space & sidewalk permit only.,issued,2007-01-05T00:00:00.000,2007-01-05T00:00:00.000,2007-01-05T00:00:00.000,,,0,,,,11,Excelsior,94112,"{'latitude': '37.719579817616456', 'longitude': '-122.42798920948817', 'human_address': '{""address"": """", ""city"": """", ""state"": """", ""zip"": """"}'}",1.08E+12,,,,,,,,,,,,,,,
5ea1d730eabbc96ff8ab03e2,2.01E+11,8,otc alterations permit,2007-01-05T00:00:00.000,6051,1,500,Brussels,St,revise to 200605192076 to remove storage rooms.,issued,2007-01-05T00:00:00.000,2007-01-05T00:00:00.000,2007-01-05T00:00:00.000,2007-05-05T00:00:00.000Z,1,1,1 family dwelling,1 family dwelling,2,9,Portola,94134,"{'latitude': '37.72570764767235', 'longitude': '-122.40527246632894', 'human_address': '{""address"": """", ""city"": """", ""state"": """", ""zip"": """"}'}",1.08E+12,,2,2,1,1,5,wood frame (5),5,wood frame (5),,,,,,
5ea1d730eabbc96ff8ab03e3,2.01E+11,8,otc alterations permit,2007-01-05T00:00:00.000,1363,24,4132,California,St,front stairs re-construction. install railings in all appropriate place where required.,complete,2007-03-05T00:00:00.000,2007-01-05T00:00:00.000,2007-01-05T00:00:00.000,2007-05-05T00:00:00.000Z,5000,5000,2 family dwelling,2 family dwelling,2,2,Inner Richmond,94118,"{'latitude': '37.78557942491377', 'longitude': '-122.46201496440175', 'human_address': '{""address"": """", ""city"": """", ""state"": """", ""zip"": """"}'}",1.08E+11,,2,2,2,2,5,wood frame (5),5,wood frame (5),2007-03-05T00:00:00.000,,,,,
5ea1d730eabbc96ff8ab03e4,2.01E+11,8,otc alterations permit,2007-01-05T00:00:00.000,1363,24,4134,California,St,front stairs re-construction. install railings in all appropriate place where required.,complete,2007-03-05T00:00:00.000,2007-01-05T00:00:00.000,2007-01-05T00:00:00.000,2007-05-05T00:00:00.000Z,5000,5000,2 family dwelling,2 family dwelling,2,2,Inner Richmond,94118,"{'latitude': '37.78557942491377', 'longitude': '-122.46201496440175', 'human_address': '{""address"": """", ""city"": """", ""state"": """", ""zip"": """"}'}",1.08E+12,,2,2,2,2,5,wood frame (5),5,wood frame (5),2007-03-05T00:00:00.000,,,,,
5ea1d730eabbc96ff8ab03e5,2.01E+11,8,otc alterations permit,2007-01-05T00:00:00.000,6052,20,521,Somerset,St,convert ground floor into a laundry room family and bathroom,expired,2008-10-01T00:00:00.000,2007-01-05T00:00:00.000,2007-01-05T00:00:00.000,2008-01-05T00:00:00.000Z,26000,26000,1 family dwelling,1 family dwelling,2,9,Portola,94134,"{'latitude': '37.72515486608263', 'longitude': '-122.40669461829215', 'human_address': '{""address"": """", ""city"": """", ""state"": """", ""zip"": """"}'}",1.08E+12,,2,2,1,1,5,wood frame (5),5,wood frame (5),,,,,,
5ea1d730eabbc96ff8ab03e6,2.01E+11,3,additions alterations or repairs,2007-01-05T00:00:00.000,3705,42,865,Market,St,revision to original app #200607318139.,complete,2007-03-06T00:00:00.000,2007-01-05T00:00:00.000,2007-02-14T00:00:00.000,2007-08-14T00:00:00.000Z,10000,10000,retail sales,retail sales,2,6,South of Market,94103,"{'latitude': '37.78394695457302', 'longitude': '-122.40715830829208', 'human_address': '{""address"": """", ""city"": """", ""state"": """", ""zip"": """"}'}",1.08E+12,,8,8,0,0,1,constr type 1,1,constr type 1,2007-03-06T00:00:00.000,,,,,
5ea1d730eabbc96ff8ab03e7,2.01E+11,8,otc alterations permit,2007-01-05T00:00:00.000,6753,50,9,Lyell,St,remodelilng basement  adding onemaster suite  one excersise room & a bath at basement  as per plans,complete,2007-06-27T00:00:00.000,2007-01-05T00:00:00.000,2007-01-05T00:00:00.000,2008-01-05T00:00:00.000Z,35000,35000,1 family dwelling,1 family dwelling,2,8,Outer Mission,94112,"{'latitude': '37.73283270447031', 'longitude': '-122.4316863834413', 'human_address': '{""address"": """", ""city"": """", ""state"": """", ""zip"": """"}'}",1.08E+12,,2,2,1,1,5,wood frame (5),5,wood frame (5),2007-06-27T00:00:00.000,,,,,
5ea1d730eabbc96ff8ab03e8,M53104,8,otc alterations permit,2007-01-05T00:00:00.000,339,17,217,Eddy,St,street space & sidewalk,issued,2007-01-05T00:00:00.000,2007-01-05T00:00:00.000,2007-01-05T00:00:00.000,,,0,,,,6,Tenderloin,94102,"{'latitude': '37.78391561505234', 'longitude': '-122.41126882680521', 'human_address': '{""address"": """", ""city"": """", ""state"": """", ""zip"": """"}'}",1.08E+12,,,,,,,,,,,,,,,
5ea1d730eabbc96ff8ab03e9,M53105,8,otc alterations permit,2007-01-05T00:00:00.000,3603,54,526,Liberty,St,street space permit only.,issued,2007-01-05T00:00:00.000,2007-01-05T00:00:00.000,2007-01-05T00:00:00.000,,,0,,,,8,Castro/Upper Market,94114,"{'latitude': '37.7572272184635', 'longitude': '-122.43304304185777', 'human_address': '{""address"": """", ""city"": """", ""state"": """", ""zip"": """"}'}",1.08E+12,,,,,,,,,,,,,,,
5ea1d730eabbc96ff8ab03ea,2.01E+11,8,otc alterations permit,2007-01-05T00:00:00.000,4710,60,1550,La Salle,Av,"basement expansion 494 ft - (n) ret. wall & slab at basement, (n) electrical/plumbing with bathroom to comply with n.o.v. #200685916",complete,2007-08-21T00:00:00.000,2007-01-05T00:00:00.000,2007-01-05T00:00:00.000,2008-01-05T00:00:00.000Z,30000,30000,1 family dwelling,1 family dwelling,2,10,Bayview Hunters Point,94124,"{'latitude': '37.73614514857685', 'longitude': '-122.38759205712786', 'human_address': '{""address"": """", ""city"": """", ""state"": """", ""zip"": """"}'}",1.08E+12,,2,2,1,1,5,wood frame (5),5,wood frame (5),2007-08-21T00:00:00.000,,,,,
5ea1d730eabbc96ff8ab03eb,M53106,8,otc alterations permit,2007-01-05T00:00:00.000,1229,13,1786,Haight,St,sidewalk,issued,2007-01-05T00:00:00.000,2007-01-05T00:00:00.000,2007-01-05T00:00:00.000,,,0,,,,5,Haight Ashbury,94117,"{'latitude': '37.76964459338371', 'longitude': '-122.4516276281377', 'human_address': '{""address"": """", ""city"": """", ""state"": """", ""zip"": """"}'}",1.08E+12,,,,,,,,,,,,,,,
5ea1d730eabbc96ff8ab03ec,M53106,8,otc alterations permit,2007-01-05T00:00:00.000,1229,13,1790,Haight,St,sidewalk,issued,2007-01-05T00:00:00.000,2007-01-05T00:00:00.000,2007-01-05T00:00:00.000,,,0,,,,5,Haight Ashbury,94117,"{'latitude': '37.76964459338371', 'longitude': '-122.4516276281377', 'human_address': '{""address"": """", ""city"": """", ""state"": """", ""zip"": """"}'}",1.08E+12,,,,,,,,,,,,,,,
5ea1d730eabbc96ff8ab03ed,2.01E+11,8,otc alterations permit,2007-01-05T00:00:00.000,2928,7,134,Taraval,St,"revision to pa 200611178035, move two bathrms toward bedrm & replace a 6x12 beam @ liv rm/din rm area.",complete,2007-02-27T00:00:00.000,2007-01-05T00:00:00.000,2007-01-05T00:00:00.000,2007-05-05T00:00:00.000Z,600,600,1 family dwelling,1 family dwelling,2,7,West of Twin Peaks,94116,"{'latitude': '37.74374305845112', 'longitude': '-122.46679352682838', 'human_address': '{""address"": """", ""city"": """", ""state"": """", ""zip"": """"}'}",1.08E+12,0,3,3,1,1,5,wood frame (5),5,wood frame (5),2007-02-27T00:00:00.000,,,,,
5ea1d730eabbc96ff8ab03ee,2.01E+11,8,otc alterations permit,2007-01-05T00:00:00.000,3713,7,1,Market,St,"25th floor - demolistion of non-structural partitions, ceilings finishes in prep for t.i. buildout.",issued,2007-01-05T00:00:00.000,2007-01-05T00:00:00.000,2007-01-05T00:00:00.000,2008-01-05T00:00:00.000Z,41000,41000,office,office,2,6,Financial District/South Beach,94105,"{'latitude': '37.79335913762533', 'longitude': '-122.39421238195644', 'human_address': '{""address"": """", ""city"": """", ""state"": """", ""zip"": """"}'}",1.08E+12,,30,30,0,0,1,constr type 1,1,constr type 1,,,,,,
5ea1d730eabbc96ff8ab03ef,2.01E+11,8,otc alterations permit,2007-01-05T00:00:00.000,2149,001I,2039,29th,Av,"first fl, relocate existing kitchen & remodel bathrm, ground fl, relocate/remodel bathrm, re-arrange stair to first fl & upgrade foundation, comply with nov 200343728",complete,2007-10-25T00:00:00.000,2007-01-05T00:00:00.000,2007-01-05T00:00:00.000,2008-01-05T00:00:00.000Z,30000,30000,1 family dwelling,1 family dwelling,2,4,Sunset/Parkside,94116,"{'latitude': '37.74926187552728', 'longitude': '-122.48719935847359', 'human_address': '{""address"": """", ""city"": """", ""state"": """", ""zip"": """"}'}",1.08E+12,,2,2,1,1,5,wood frame (5),5,wood frame (5),2007-10-25T00:00:00.000,,,,,
5ea1d730eabbc96ff8ab03f0,2.01E+11,8,otc alterations permit,2007-01-05T00:00:00.000,1913,21,2432,Moraga,St,remodeling basement adding a new study with exercise oom & new bath at basemet converting existisng family room to new master suite at basement as per plan.,complete,2007-04-26T00:00:00.000,2007-01-05T00:00:00.000,2007-01-05T00:00:00.000,2008-01-05T00:00:00.000Z,35000,35000,1 family dwelling,1 family dwelling,2,4,Sunset/Parkside,94122,"{'latitude': '37.75580835844543', 'longitude': '-122.48902582537832', 'human_address': '{""address"": """", ""city"": """", ""state"": """", ""zip"": """"}'}",1.08E+12,,2,2,1,1,5,wood frame (5),5,wood frame (5),2007-04-26T00:00:00.000,,,,,
5ea1d730eabbc96ff8ab03f1,2.01E+11,8,otc alterations permit,2007-01-05T00:00:00.000,6015,25,277,London,St,demolition and replacement of section of foundation which has failed,expired,2008-12-16T00:00:00.000,2007-01-05T00:00:00.000,2007-01-05T00:00:00.000,2007-07-05T00:00:00.000Z,6500,6500,1 family dwelling,1 family dwelling,2,11,Excelsior,94112,"{'latitude': '37.7245315854452', 'longitude': '-122.43352406897762', 'human_address': '{""address"": """", ""city"": """", ""state"": """", ""zip"": """"}'}",1.08E+12,,1,1,1,1,5,wood frame (5),5,wood frame (5),,,,,,
5ea1d730eabbc96ff8ab03f2,M53122,8,otc alterations permit,2007-01-05T00:00:00.000,3656,15,4050,24th,St,sidewalk permit only.,issued,2007-01-05T00:00:00.000,2007-01-05T00:00:00.000,2007-01-05T00:00:00.000,,,0,,,,8,Noe Valley,94114,"{'latitude': '37.751604375538356', 'longitude': '-122.43300116657886', 'human_address': '{""address"": """", ""city"": """", ""state"": """", ""zip"": """"}'}",1.08E+12,,,,,,,,,,,,,,,
5ea1d730eabbc96ff8ab03f3,2.01E+11,8,otc alterations permit,2007-01-05T00:00:00.000,2183,10,2422,Rivera,St,"remodel 2nd floor kitchen, a new bedroom and a new bathroom, a family room on 1st floor.",complete,2008-09-22T00:00:00.000,2007-01-05T00:00:00.000,2007-01-05T00:00:00.000,2008-01-05T00:00:00.000Z,30000,30000,1 family dwelling,1 family dwelling,2,4,Sunset/Parkside,94116,"{'latitude': '37.74629859533029', 'longitude': '-122.49249347819057', 'human_address': '{""address"": """", ""city"": """", ""state"": """", ""zip"": """"}'}",1.08E+12,,2,2,1,1,5,wood frame (5),5,wood frame (5),2008-09-22T00:00:00.000,,,,,
5ea1d730eabbc96ff8ab03f4,2.01E+11,8,otc alterations permit,2007-01-05T00:00:00.000,1153,3,1045,Divisadero,St,"renew pa#200606265068,pa#200412232036,#200512190623 to continue work.",complete,2007-06-26T00:00:00.000,2007-01-05T00:00:00.000,2007-01-05T00:00:00.000,2007-07-05T00:00:00.000Z,20000,20000,apartments,apartments,0,5,Western Addition,94115,"{'latitude': '37.7792447829728', 'longitude': '-122.43902116409453', 'human_address': '{""address"": """", ""city"": """", ""state"": """", ""zip"": """"}'}",1.08E+11,,2,2,3,3,5,wood frame (5),5,wood frame (5),2007-06-26T00:00:00.000,,,,,
5ea1d730eabbc96ff8ab03f5,2.01E+11,3,additions alterations or repairs,2007-01-05T00:00:00.000,2378,46,3721,Taraval,St,"rear addition  & remodel, add bay windows @ front",cancelled,2020-01-17T00:00:00.000,2007-01-05T00:00:00.000,,,100000,,1 family dwelling,1 family dwelling,2,4,Sunset/Parkside,94116,"{'latitude': '37.74153017778559', 'longitude': '-122.50608484191203', 'human_address': '{""address"": """", ""city"": """", ""state"": """", ""zip"": """"}'}",1.08E+12,,2,2,1,1,5,wood frame (5),5,wood frame (5),,Y,Y,,,
5ea1d730eabbc96ff8ab03f6,2.01E+11,8,otc alterations permit,2007-01-05T00:00:00.000,451,58,1000,North Point,St,"replace kitchen/bath fixtures, kitchen 50% lighting must be fluorescent, bathroom fluorescent or controlled by motion sensors (no structural in kind)",complete,2007-07-05T00:00:00.000,2007-01-05T00:00:00.000,2007-01-05T00:00:00.000,2007-07-05T00:00:00.000Z,18000,18000,apartments,apartments,0,2,Russian Hill,94109,"{'latitude': '37.80550991810889', 'longitude': '-122.42415736860318', 'human_address': '{""address"": """", ""city"": """", ""state"": """", ""zip"": """"}'}",1.08E+11,804,19,19,258,258,5,wood frame (5),5,wood frame (5),2007-07-05T00:00:00.000,,,,,
5ea1d732eabbc96ff8ab03f7,2.01E+11,8,otc alterations permit,2007-01-08T00:00:00.000,530,7,1800,Union,St,reroofing,cancelled,2007-07-18T00:00:00.000,2007-01-08T00:00:00.000,2007-01-08T00:00:00.000,2008-01-08T00:00:00.000Z,34460,34460,2 family dwelling,2 family dwelling,0,2,Marina,94123,"{'latitude': '37.79810645483765', 'longitude': '-122.42911776935273', 'human_address': '{""address"": """", ""city"": """", ""state"": """", ""zip"": """"}'}",1.08E+12,0,3,3,2,2,5,wood frame (5),5,wood frame (5),,,,,,
5ea1d732eabbc96ff8ab03f8,2.01E+11,8,otc alterations permit,2007-01-08T00:00:00.000,229,18,450,Sansome,St,"oti-2, 12th floor, el, me",complete,2007-04-27T00:00:00.000,2007-01-08T00:00:00.000,2007-01-08T00:00:00.000,2008-01-08T00:00:00.000Z,93938,93938,office,office,2,3,Chinatown,94111,"{'latitude': '37.79464307306962', 'longitude': '-122.40114430265209', 'human_address': '{""address"": """", ""city"": """", ""state"": """", ""zip"": """"}'}",1.08E+12,0,16,16,0,0,2,constr type 2,2,constr type 2,2007-04-27T00:00:00.000,,,,,
5ea1d732eabbc96ff8ab03f9,2.01E+11,8,otc alterations permit,2007-01-08T00:00:00.000,2075,003B,1831,38th,Av,kitchen remodel only in kind. no structural changes. sink faucet dishwasher. no door or window work,complete,2007-02-28T00:00:00.000,2007-01-08T00:00:00.000,2007-01-08T00:00:00.000,2007-07-08T00:00:00.000Z,5000,7300,1 family dwelling,1 family dwelling,0,4,Sunset/Parkside,94122,"{'latitude': '37.752705724032964', 'longitude': '-122.49711837855976', 'human_address': '{""address"": """", ""city"": """", ""state"": """", ""zip"": """"}'}",1.08E+12,,2,2,1,1,5,wood frame (5),5,wood frame (5),2007-02-28T00:00:00.000,,,,,
5ea1d732eabbc96ff8ab03fa,2.01E+11,8,otc alterations permit,2007-01-08T00:00:00.000,6981,11,143,Brighton,Av,reroofing.,expired,2011-01-27T00:00:00.000,2007-01-08T00:00:00.000,2007-01-08T00:00:00.000,2007-07-08T00:00:00.000Z,9880,9880,2 family dwelling,2 family dwelling,0,11,Oceanview/Merced/Ingleside,94112,"{'latitude': '37.72083870612274', 'longitude': '-122.45543284322557', 'human_address': '{""address"": """", ""city"": """", ""state"": """", ""zip"": """"}'}",1.08E+12,,,,,,,,,,,,,,,
5ea1d732eabbc96ff8ab03fb,2.01E+11,8,otc alterations permit,2007-01-08T00:00:00.000,618,4,1890,Clay,St,unit#1104. kitchen/bath remodel in kind. no structural changes sinks faucets shower value & electrical code upgrades no window or door work.,complete,2007-09-05T00:00:00.000,2007-01-08T00:00:00.000,2007-01-08T00:00:00.000,2007-07-08T00:00:00.000Z,10000,10000,apartments,apartments,0,2,Pacific Heights,94109,"{'latitude': '37.792189466278046', 'longitude': '-122.42402443478369', 'human_address': '{""address"": """", ""city"": """", ""state"": """", ""zip"": """"}'}",1.08E+11,,13,13,74,74,1,constr type 1,1,constr type 1,2007-09-05T00:00:00.000,,,,,
5ea1d732eabbc96ff8ab03fc,2.01E+11,8,otc alterations permit,2007-01-08T00:00:00.000,2406,27,2446,20th,Av,reroofing.,complete,2007-01-24T00:00:00.000,2007-01-08T00:00:00.000,2007-01-08T00:00:00.000,2007-07-08T00:00:00.000Z,9680,9680,2 family dwelling,2 family dwelling,0,4,Sunset/Parkside,94116,"{'latitude': '37.74212884927921', 'longitude': '-122.47637050139886', 'human_address': '{""address"": """", ""city"": """", ""state"": """", ""zip"": """"}'}",1.08E+12,,,,,,,,,,2007-01-24T00:00:00.000,,,,,
5ea1d732eabbc96ff8ab03fd,2.01E+11,8,otc alterations permit,2007-01-08T00:00:00.000,1679,001F,814,37th,Av,install new counter top in kind. no structural changes. hook up sink & faucet.,expired,2017-05-31T00:00:00.000,2007-01-08T00:00:00.000,2007-01-08T00:00:00.000,2007-07-08T00:00:00.000Z,6837,6837,1 family dwelling,1 family dwelling,0,1,Outer Richmond,94121,"{'latitude': '37.77351521662464', 'longitude': '-122.49689855735637', 'human_address': '{""address"": """", ""city"": """", ""state"": """", ""zip"": """"}'}",1.08E+12,,2,2,1,1,5,wood frame (5),5,wood frame (5),,,,,,
5ea1d732eabbc96ff8ab03fe,2.01E+11,8,otc alterations permit,2007-01-08T00:00:00.000,6251,4,48,Peabody,St,reroofing,complete,2007-01-19T00:00:00.000,2007-01-08T00:00:00.000,2007-01-08T00:00:00.000,2007-05-08T00:00:00.000Z,4000,4000,1 family dwelling,1 family dwelling,0,10,Visitacion Valley,94134,"{'latitude': '37.71179665298588', 'longitude': '-122.4070588578092', 'human_address': '{""address"": """", ""city"": """", ""state"": """", ""zip"": """"}'}",1.08E+12,,,,,,,,,,2007-01-19T00:00:00.000,,,,,
5ea1d733eabbc96ff8ab03ff,2.01E+11,8,otc alterations permit,2007-01-08T00:00:00.000,6324,22,45,Esquina,Dr,"retrofit 3 windows in kind, 2 visable from street. no structural changes, white vinyl.",expired,2007-11-16T00:00:00.000,2007-01-08T00:00:00.000,2007-01-08T00:00:00.000,2007-05-08T00:00:00.000Z,2000,2000,1 family dwelling,1 family dwelling,0,10,Visitacion Valley,94134,"{'latitude': '37.70945359008236', 'longitude': '-122.42107771093524', 'human_address': '{""address"": """", ""city"": """", ""state"": """", ""zip"": """"}'}",1.08E+12,,2,2,1,1,5,wood frame (5),5,wood frame (5),,,,,,
5ea1d733eabbc96ff8ab0400,M53142,8,otc alterations permit,2007-01-08T00:00:00.000,605,1,2315,Jackson,St,street space,issued,2007-01-08T00:00:00.000,2007-01-08T00:00:00.000,2007-01-08T00:00:00.000,,,0,,,,2,Pacific Heights,94115,"{'latitude': '37.7925191786814', 'longitude': '-122.43315667082581', 'human_address': '{""address"": """", ""city"": """", ""state"": """", ""zip"": """"}'}",1.08E+12,,,,,,,,,,,,,,,
5ea1d733eabbc96ff8ab0401,M53142,8,otc alterations permit,2007-01-08T00:00:00.000,605,1,2317,Jackson,St,street space,issued,2007-01-08T00:00:00.000,2007-01-08T00:00:00.000,2007-01-08T00:00:00.000,,,0,,,,2,Pacific Heights,94115,"{'latitude': '37.7925191786814', 'longitude': '-122.43315667082581', 'human_address': '{""address"": """", ""city"": """", ""state"": """", ""zip"": """"}'}",1.08E+12,0,,,,,,,,,,,,,,
5ea1d733eabbc96ff8ab0402,2.01E+11,8,otc alterations permit,2007-01-08T00:00:00.000,4038,3,328,Mississippi,St,reroofing.,expired,2010-05-26T00:00:00.000,2007-01-08T00:00:00.000,2007-01-08T00:00:00.000,2007-05-08T00:00:00.000Z,3500,3500,1 family dwelling,1 family dwelling,0,10,Potrero Hill,94107,"{'latitude': '37.762207942049535', 'longitude': '-122.39485879979074', 'human_address': '{""address"": """", ""city"": """", ""state"": """", ""zip"": """"}'}",1.08E+12,,,,,,,,,,,,,,,
5ea1d733eabbc96ff8ab0403,2.01E+11,8,otc alterations permit,2007-01-08T00:00:00.000,3190,19,174,Southwood,Dr,reroofing,expired,2007-08-08T00:00:00.000,2007-01-08T00:00:00.000,2007-01-08T00:00:00.000,2007-07-08T00:00:00.000Z,9000,9000,1 family dwelling,1 family dwelling,0,7,West of Twin Peaks,94112,"{'latitude': '37.72576766795124', 'longitude': '-122.45943005571719', 'human_address': '{""address"": """", ""city"": """", ""state"": """", ""zip"": """"}'}",1.08E+12,,,,,,,,,,,,,,,
5ea1d733eabbc96ff8ab0404,2.01E+11,8,otc alterations permit,2007-01-08T00:00:00.000,2202,20,2106,16th,Av,reroofing.,expired,2007-12-27T00:00:00.000,2007-01-08T00:00:00.000,2007-01-08T00:00:00.000,2007-07-08T00:00:00.000Z,7000,7000,1 family dwelling,1 family dwelling,0,7,West of Twin Peaks,94116,"{'latitude': '37.7485448073237', 'longitude': '-122.4725649247247', 'human_address': '{""address"": """", ""city"": """", ""state"": """", ""zip"": """"}'}",1.08E+12,,,,,,,,,,,,,,,
5ea1d733eabbc96ff8ab0405,2.01E+11,8,otc alterations permit,2007-01-08T00:00:00.000,1392,37,7070,California,St,"new 10'-1-"" high modular  walls in existing open officd space revision to approved buildling permit 200606063342",complete,2007-03-22T00:00:00.000,2007-01-08T00:00:00.000,2007-01-08T00:00:00.000,2007-07-08T00:00:00.000Z,23956,23956,office,office,2,2,Seacliff,94121,"{'latitude': '37.78501580391795', 'longitude': '-122.49317726948173', 'human_address': '{""address"": """", ""city"": """", ""state"": """", ""zip"": """"}'}",1.08E+12,,1,1,0,0,5,wood frame (5),5,wood frame (5),2007-03-22T00:00:00.000,,,,,
5ea1d733eabbc96ff8ab0406,2.01E+11,8,otc alterations permit,2007-01-08T00:00:00.000,6619,32,382,29th,St,reroofing,expired,2007-08-24T00:00:00.000,2007-01-08T00:00:00.000,2007-01-08T00:00:00.000,2007-07-08T00:00:00.000Z,8000,8000,2 family dwelling,2 family dwelling,0,8,Noe Valley,94131,"{'latitude': '37.74374865837039', 'longitude': '-122.42845710342003', 'human_address': '{""address"": """", ""city"": """", ""state"": """", ""zip"": """"}'}",1.08E+12,,,,,,,,,,,,,,,
5ea1d733eabbc96ff8ab0407,M53143,8,otc alterations permit,2007-01-08T00:00:00.000,3703,62,1073,Market,St,street space permit only.,issued,2007-01-08T00:00:00.000,2007-01-08T00:00:00.000,2007-01-08T00:00:00.000,,,0,,,,6,South of Market,94103,"{'latitude': '37.780644163573946', 'longitude': '-122.41161526145584', 'human_address': '{""address"": """", ""city"": """", ""state"": """", ""zip"": """"}'}",1.08E+12,,,,,,,,,,,,,,,
5ea1d733eabbc96ff8ab0408,M53143,8,otc alterations permit,2007-01-08T00:00:00.000,3703,62,1079,Market,St,street space permit only.,issued,2007-01-08T00:00:00.000,2007-01-08T00:00:00.000,2007-01-08T00:00:00.000,,,0,,,,6,South of Market,94103,"{'latitude': '37.780644163573946', 'longitude': '-122.41161526145584', 'human_address': '{""address"": """", ""city"": """", ""state"": """", ""zip"": """"}'}",1.08E+12,,,,,,,,,,,,,,,
5ea1d733eabbc96ff8ab0409,2.01E+11,8,otc alterations permit,2007-01-08T00:00:00.000,7344,1,331,Font,Bl,reroofing,expired,2010-03-19T00:00:00.000,2007-01-08T00:00:00.000,2007-01-08T00:00:00.000,2007-07-08T00:00:00.000Z,5040,5040,1 family dwelling,1 family dwelling,0,7,Lakeshore,94132,"{'latitude': '37.71678918173822', 'longitude': '-122.47688406461731', 'human_address': '{""address"": """", ""city"": """", ""state"": """", ""zip"": """"}'}",1.08E+12,,2,2,1,1,5,wood frame (5),5,wood frame (5),,,,,,
5ea1d733eabbc96ff8ab040a,2.01E+11,8,otc alterations permit,2007-01-08T00:00:00.000,282,13,969,Bush,St,"remodel 1 kitchen unit 305. new cabinets, countertop,sink",complete,2007-02-28T00:00:00.000,2007-01-08T00:00:00.000,2007-01-08T00:00:00.000,2007-07-08T00:00:00.000Z,10000,10000,apartments,apartments,0,3,Nob Hill,94109,"{'latitude': '37.78932537765852', 'longitude': '-122.41307932544825', 'human_address': '{""address"": """", ""city"": """", ""state"": """", ""zip"": """"}'}",1.08E+11,,5,5,29,29,5,wood frame (5),5,wood frame (5),2007-02-28T00:00:00.000,,,,,
5ea1d733eabbc96ff8ab040b,2.01E+11,8,otc alterations permit,2007-01-08T00:00:00.000,1011,17,332,Spruce,St,work @ unit# 334 only. kitchen remodel. remove (e) cabinets & appliances. upgrade electrical. replace the d/h windows in kind. not visable from street. install new cabients & appliances. no structural alterations. lighting over 50% flourescent.,complete,2007-03-28T00:00:00.000,2007-01-08T00:00:00.000,2007-01-08T00:00:00.000,2007-07-08T00:00:00.000Z,19000,19000,2 family dwelling,2 family dwelling,0,2,Presidio Heights,94118,"{'latitude': '37.78777683346362', 'longitude': '-122.4533611154876', 'human_address': '{""address"": """", ""city"": """", ""state"": """", ""zip"": """"}'}",1.08E+11,,2,2,2,2,5,wood frame (5),5,wood frame (5),2007-03-28T00:00:00.000,,,,,
5ea1d733eabbc96ff8ab040c,2.01E+11,8,otc alterations permit,2007-01-08T00:00:00.000,1011,17,334,Spruce,St,work @ unit# 334 only. kitchen remodel. remove (e) cabinets & appliances. upgrade electrical. replace the d/h windows in kind. not visable from street. install new cabients & appliances. no structural alterations. lighting over 50% flourescent.,complete,2007-03-28T00:00:00.000,2007-01-08T00:00:00.000,2007-01-08T00:00:00.000,2007-07-08T00:00:00.000Z,19000,19000,2 family dwelling,2 family dwelling,0,2,Presidio Heights,94118,"{'latitude': '37.78777683346362', 'longitude': '-122.4533611154876', 'human_address': '{""address"": """", ""city"": """", ""state"": """", ""zip"": """"}'}",1.08E+12,,2,2,2,2,5,wood frame (5),5,wood frame (5),2007-03-28T00:00:00.000,,,,,
5ea1d733eabbc96ff8ab040d,2.01E+11,8,otc alterations permit,2007-01-08T00:00:00.000,804,1,699,Webster,St,renew appl#200607247328 for final only.,expired,2008-03-11T00:00:00.000,2007-01-08T00:00:00.000,2007-01-08T00:00:00.000,2007-05-08T00:00:00.000Z,1,1,1 family dwelling,1 family dwelling,0,5,Hayes Valley,94117,"{'latitude': '37.77681862505499', 'longitude': '-122.4299170395994', 'human_address': '{""address"": """", ""city"": """", ""state"": """", ""zip"": """"}'}",1.08E+11,,2,2,1,1,5,wood frame (5),5,wood frame (5),,,,,,
5ea1d733eabbc96ff8ab040e,2.01E+11,8,otc alterations permit,2007-01-08T00:00:00.000,319,18,500,Hyde,St,apt3208 (1) kitchen and (1) bathroom remodel. apt#604 (1) bathroom remodel (1) kitchen floor tile-electrical work counter. no structural. no lighting changes.,expired,2008-02-07T00:00:00.000,2007-01-08T00:00:00.000,2007-01-08T00:00:00.000,2007-07-08T00:00:00.000Z,20000,20000,apartments,apartments,0,6,Tenderloin,94109,"{'latitude': '37.78562397670944', 'longitude': '-122.41607623686672', 'human_address': '{""address"": """", ""city"": """", ""state"": """", ""zip"": """"}'}",1.08E+11,,6,6,50,50,1,constr type 1,1,constr type 1,,,,,,
5ea1d733eabbc96ff8ab040f,2.01E+11,8,otc alterations permit,2007-01-08T00:00:00.000,2749,012A,358,Eureka,St,"alteration to (e) bsmt laundry &mech rooms to create in-home office area.1/2 bath to be install, furnace to be relocated.laundry equip to be relocated, deteriorated 2 windows & (2) doors to be replaced, 162 sq ft of (n) slab flooring, (n) lighting fixtures.",complete,2007-05-10T00:00:00.000,2007-01-08T00:00:00.000,2007-01-08T00:00:00.000,2008-01-08T00:00:00.000Z,28000,28000,2 family dwelling,2 family dwelling,2,8,Castro/Upper Market,94114,"{'latitude': '37.75632465987269', 'longitude': '-122.43817547476425', 'human_address': '{""address"": """", ""city"": """", ""state"": """", ""zip"": """"}'}",1.08E+12,,2,2,2,2,5,wood frame (5),5,wood frame (5),2007-05-10T00:00:00.000,,,,,
5ea1d733eabbc96ff8ab0410,2.01E+11,8,otc alterations permit,2007-01-08T00:00:00.000,277,7,1126,Bush,St,apt#304 (1) kitchen and (1) bathroom remodel. no structural no lighting work.,complete,2007-05-09T00:00:00.000,2007-01-08T00:00:00.000,2007-01-08T00:00:00.000,2007-07-08T00:00:00.000Z,15000,15000,apartments,apartments,0,3,Nob Hill,94109,"{'latitude': '37.7894864810893', 'longitude': '-122.41591765235897', 'human_address': '{""address"": """", ""city"": """", ""state"": """", ""zip"": """"}'}",1.08E+12,,6,6,33,33,5,wood frame (5),5,wood frame (5),2007-05-09T00:00:00.000,,,,,
5ea1d733eabbc96ff8ab0411,2.01E+11,8,otc alterations permit,2007-01-08T00:00:00.000,2087,22,4326,Pacheco,St,renew pa# 2006/02/22/5093 to complete work.,issued,2007-01-08T00:00:00.000,2007-01-08T00:00:00.000,2007-01-08T00:00:00.000,2007-05-08T00:00:00.000Z,5000,5000,1 family dwelling,1 family dwelling,0,4,Sunset/Parkside,94116,"{'latitude': '37.74941084547781', 'longitude': '-122.5067610514356', 'human_address': '{""address"": """", ""city"": """", ""state"": """", ""zip"": """"}'}",1.08E+12,,2,2,1,1,5,wood frame (5),5,wood frame (5),,,,,,
5ea1d733eabbc96ff8ab0412,2.01E+11,8,otc alterations permit,2007-01-08T00:00:00.000,1644,41,847,Arguello,Bl,"bathroom (2( replace floor, tub, toilet (w/low flush), vanity + countertop, sink appliances. no structural work-finishes only.",complete,2007-04-04T00:00:00.000,2007-01-08T00:00:00.000,2007-01-08T00:00:00.000,2007-07-08T00:00:00.000Z,7500,7500,apartments,apartments,0,1,Inner Richmond,94118,"{'latitude': '37.77496359776053', 'longitude': '-122.4588062110226', 'human_address': '{""address"": """", ""city"": """", ""state"": """", ""zip"": """"}'}",1.08E+12,1,4,4,6,6,5,wood frame (5),5,wood frame (5),2007-04-04T00:00:00.000,,,,,
5ea1d733eabbc96ff8ab0413,2.01E+11,8,otc alterations permit,2007-01-08T00:00:00.000,1599,035A,722,46th,Av,revised drawings per building inspectors correction notice dated 11-29-06 to show complete ground floor plan that includes full bath including fixtures and stall,complete,2007-02-15T00:00:00.000,2007-01-08T00:00:00.000,2007-01-08T00:00:00.000,2007-05-08T00:00:00.000Z,1,1,1 family dwelling,1 family dwelling,2,1,Outer Richmond,94121,"{'latitude': '37.77479966502466', 'longitude': '-122.5065935591276', 'human_address': '{""address"": """", ""city"": """", ""state"": """", ""zip"": """"}'}",1.08E+12,,2,2,1,1,5,wood frame (5),5,wood frame (5),2007-02-15T00:00:00.000,,,,,
5ea1d733eabbc96ff8ab0414,2.01E+11,8,otc alterations permit,2007-01-08T00:00:00.000,4095,65,811,Rhode Island,St,revision to pa# 2003/10/02/6442. replace approx 2000 sq. ft. of siding on north side of building with new siding sheer & membrance. visible from street. replacement siding in-kind. from wood to wood.,expired,2007-12-10T00:00:00.000,2007-01-08T00:00:00.000,2007-01-08T00:00:00.000,2007-05-08T00:00:00.000Z,5000,5000,1 family dwelling,2 family dwelling,0,10,Potrero Hill,94107,"{'latitude': '37.75945699817214', 'longitude': '-122.40174820426529', 'human_address': '{""address"": """", ""city"": """", ""state"": """", ""zip"": """"}'}",1.08E+12,,2,4,1,2,5,wood frame (5),5,wood frame (5),,,,,,
5ea1d733eabbc96ff8ab0415,2.01E+11,8,otc alterations permit,2007-01-08T00:00:00.000,6655,54,21,Whitney,St,"revision to pa# 200510125373, deck dry rot repair exceeded 50% or less.",complete,2007-01-31T00:00:00.000,2007-01-08T00:00:00.000,2007-01-08T00:00:00.000,2007-05-08T00:00:00.000Z,1500,1500,1 family dwelling,1 family dwelling,2,8,Glen Park,94131,"{'latitude': '37.74143250338799', 'longitude': '-122.42752022467842', 'human_address': '{""address"": """", ""city"": """", ""state"": """", ""zip"": """"}'}",1.08E+12,,2,2,1,1,5,wood frame (5),5,wood frame (5),2007-01-31T00:00:00.000,Y,,,,
5ea1d733eabbc96ff8ab0416,2.01E+11,8,otc alterations permit,2007-01-08T00:00:00.000,3590,054A,369,Capp,St,to renew for final only pa#200602235244.,complete,2007-01-09T00:00:00.000,2007-01-08T00:00:00.000,2007-01-08T00:00:00.000,2007-05-08T00:00:00.000Z,1,1,apartments,apartments,0,9,Mission,94110,"{'latitude': '37.760829832047804', 'longitude': '-122.41785168254937', 'human_address': '{""address"": """", ""city"": """", ""state"": """", ""zip"": """"}'}",1.08E+12,,3,3,4,4,5,wood frame (5),5,wood frame (5),2007-01-09T00:00:00.000,,,,,
5ea1d733eabbc96ff8ab0417,2.01E+11,8,otc alterations permit,2007-01-08T00:00:00.000,3590,054A,371,Capp,St,to renew for final only pa#200602235244.,complete,2007-01-09T00:00:00.000,2007-01-08T00:00:00.000,2007-01-08T00:00:00.000,2007-05-08T00:00:00.000Z,1,1,apartments,apartments,0,9,Mission,94110,"{'latitude': '37.760829832047804', 'longitude': '-122.41785168254937', 'human_address': '{""address"": """", ""city"": """", ""state"": """", ""zip"": """"}'}",1.08E+12,,3,3,4,4,5,wood frame (5),5,wood frame (5),2007-01-09T00:00:00.000,,,,,
5ea1d733eabbc96ff8ab0418,2.01E+11,8,otc alterations permit,2007-01-08T00:00:00.000,690,43,1,Daniel Burnham,Ct,demo of one office and closet/construction of demising wall,expired,2008-01-25T00:00:00.000,2007-01-08T00:00:00.000,2007-01-08T00:00:00.000,2007-07-08T00:00:00.000Z,8000,8000,office,office,2,2,Western Addition,94109,"{'latitude': '37.78675523065996', 'longitude': '-122.42249080636066', 'human_address': '{""address"": """", ""city"": """", ""state"": """", ""zip"": """"}'}",1.08E+12,,17,17,239,239,1,constr type 1,1,constr type 1,,,,,,
5ea1d733eabbc96ff8ab0419,2.01E+11,8,otc alterations permit,2007-01-08T00:00:00.000,7555,101,305,Arbor,St,final inspection on pa# 200510216285.,complete,2007-01-25T00:00:00.000,2007-01-08T00:00:00.000,2007-01-09T00:00:00.000,2007-05-09T00:00:00.000Z,1,1,apartments,apartments,0,8,Glen Park,94131,"{'latitude': '37.737505895880645', 'longitude': '-122.43899380525221', 'human_address': '{""address"": """", ""city"": """", ""state"": """", ""zip"": """"}'}",1.08E+12,,2,2,6,6,5,wood frame (5),5,wood frame (5),2007-01-25T00:00:00.000,,,,,
5ea1d733eabbc96ff8ab041a,2.01E+11,8,otc alterations permit,2007-01-08T00:00:00.000,7555,101,335,Arbor,St,final inspection on pa# 200510216285.,complete,2007-01-25T00:00:00.000,2007-01-08T00:00:00.000,2007-01-09T00:00:00.000,2007-05-09T00:00:00.000Z,1,1,apartments,apartments,0,8,Glen Park,94131,"{'latitude': '37.737505895880645', 'longitude': '-122.43899380525221', 'human_address': '{""address"": """", ""city"": """", ""state"": """", ""zip"": """"}'}",1.08E+12,,2,2,6,6,5,wood frame (5),5,wood frame (5),2007-01-25T00:00:00.000,,,,,
5ea1d733eabbc96ff8ab041b,M53162,8,otc alterations permit,2007-01-08T00:00:00.000,270,40,555,Pine,St,street space permit only.,issued,2007-01-08T00:00:00.000,2007-01-08T00:00:00.000,2007-01-08T00:00:00.000,,,0,,,,3,Financial District/South Beach,94108,"{'latitude': '37.79130230111784', 'longitude': '-122.40501064822386', 'human_address': '{""address"": """", ""city"": """", ""state"": """", ""zip"": """"}'}",1.08E+12,,,,,,,,,,,,,,,
5ea1d733eabbc96ff8ab041c,2.01E+11,8,otc alterations permit,2007-01-08T00:00:00.000,690,17,1,Daniel Burnham,Ct,demo of one office and closet/construction of demising wall,expired,2008-01-25T00:00:00.000,2007-01-08T00:00:00.000,2007-01-08T00:00:00.000,2007-07-08T00:00:00.000Z,8000,8000,office,office,2,2,Western Addition,94109,"{'latitude': '37.78675523065996', 'longitude': '-122.42249080636066', 'human_address': '{""address"": """", ""city"": """", ""state"": """", ""zip"": """"}'}",1.08E+11,1,17,17,239,239,1,constr type 1,1,constr type 1,,,,,,
5ea1d733eabbc96ff8ab041d,2.01E+11,8,otc alterations permit,2007-01-08T00:00:00.000,228,38,475,Sansome,St,unit#530.non structural demo only.,complete,2007-05-22T00:00:00.000,2007-01-08T00:00:00.000,2007-01-08T00:00:00.000,2008-01-08T00:00:00.000Z,75000,75000,office,office,2,3,Chinatown,94111,"{'latitude': '37.794710133911494', 'longitude': '-122.40194964215002', 'human_address': '{""address"": """", ""city"": """", ""state"": """", ""zip"": """"}'}",1.08E+11,,21,21,0,0,1,constr type 1,1,constr type 1,2007-05-22T00:00:00.000,,,,,
5ea1d733eabbc96ff8ab041e,2.01E+11,8,otc alterations permit,2007-01-08T00:00:00.000,7262,15,134,Clearfield,Dr,reroofing,expired,2011-01-31T00:00:00.000,2007-01-08T00:00:00.000,2007-01-08T00:00:00.000,2007-05-08T00:00:00.000Z,5000,5000,1 family dwelling,1 family dwelling,0,7,Sunset/Parkside,94132,"{'latitude': '37.731142968619075', 'longitude': '-122.49111657716674', 'human_address': '{""address"": """", ""city"": """", ""state"": """", ""zip"": """"}'}",1.08E+12,,,,,,,,,,,,,,,
5ea1d733eabbc96ff8ab041f,M53182,8,otc alterations permit,2007-01-08T00:00:00.000,742,3,640,Turk,St,street space permit only.,issued,2007-01-08T00:00:00.000,2007-01-08T00:00:00.000,2007-01-08T00:00:00.000,,,0,,,,6,Tenderloin,94102,"{'latitude': '37.7823578813542', 'longitude': '-122.41977932878726', 'human_address': '{""address"": """", ""city"": """", ""state"": """", ""zip"": """"}'}",1.08E+11,,,,,,,,,,,,,,,
5ea1d733eabbc96ff8ab0420,2.01E+11,3,additions alterations or repairs,2007-01-08T00:00:00.000,5644,18,249,Prospect,Av,add 2 dormer roofs to create additional bedroom. add rear stair.,complete,2008-10-10T00:00:00.000,2007-01-08T00:00:00.000,2008-01-15T00:00:00.000,2009-01-15T00:00:00.000Z,40000,40000,1 family dwelling,1 family dwelling,2,9,Bernal Heights,94110,"{'latitude': '37.741644790554936', 'longitude': '-122.41968356356871', 'human_address': '{""address"": """", ""city"": """", ""state"": """", ""zip"": """"}'}",1.08E+12,,2,2,1,1,5,wood frame (5),5,wood frame (5),2008-10-10T00:00:00.000,Y,Y,,2008-01-15T00:00:00.000,
5ea1d733eabbc96ff8ab0421,2.01E+11,8,otc alterations permit,2007-01-08T00:00:00.000,1203,34,1225,Hayes,St,perform repairs as per lingruen assoc. termite report# 48924. item# 3a.,complete,2007-01-19T00:00:00.000,2007-01-08T00:00:00.000,2007-01-08T00:00:00.000,2007-05-08T00:00:00.000Z,2500,2500,2 family dwelling,2 family dwelling,0,5,Hayes Valley,94117,"{'latitude': '37.77486170611278', 'longitude': '-122.4365764423386', 'human_address': '{""address"": """", ""city"": """", ""state"": """", ""zip"": """"}'}",1.08E+11,,2,2,2,2,5,wood frame (5),5,wood frame (5),2007-01-19T00:00:00.000,,,,,
5ea1d733eabbc96ff8ab0422,2.01E+11,8,otc alterations permit,2007-01-08T00:00:00.000,6532,20,3662,26th,St,renew app #200608301020,expired,2009-09-10T00:00:00.000,2007-01-08T00:00:00.000,2007-01-08T00:00:00.000,2007-05-08T00:00:00.000Z,1,1,1 family dwelling,1 family dwelling,0,8,Mission,94110,"{'latitude': '37.74901708455152', 'longitude': '-122.42228648879625', 'human_address': '{""address"": """", ""city"": """", ""state"": """", ""zip"": """"}'}",1.08E+12,,1,1,1,1,5,wood frame (5),5,wood frame (5),2007-01-09T00:00:00.000,,,,,
5ea1d733eabbc96ff8ab0423,2.01E+11,8,otc alterations permit,2007-01-08T00:00:00.000,1203,34,1227,Hayes,St,perform repairs as per lingruen assoc. termite report# 48924. item# 3a.,complete,2007-01-19T00:00:00.000,2007-01-08T00:00:00.000,2007-01-08T00:00:00.000,2007-05-08T00:00:00.000Z,2500,2500,2 family dwelling,2 family dwelling,0,5,Hayes Valley,94117,"{'latitude': '37.77486170611278', 'longitude': '-122.4365764423386', 'human_address': '{""address"": """", ""city"": """", ""state"": """", ""zip"": """"}'}",1.08E+12,,2,2,2,2,5,wood frame (5),5,wood frame (5),2007-01-19T00:00:00.000,,,,,
5ea1d733eabbc96ff8ab0424,2.01E+11,8,otc alterations permit,2007-01-08T00:00:00.000,632,39,2595,Clay,St,reroofing,issued,2007-01-08T00:00:00.000,2007-01-08T00:00:00.000,2007-01-08T00:00:00.000,2007-07-08T00:00:00.000Z,24705,24705,1 family dwelling,1 family dwelling,0,2,Pacific Heights,94115,"{'latitude': '37.78988116693102', 'longitude': '-122.43892093230457', 'human_address': '{""address"": """", ""city"": """", ""state"": """", ""zip"": """"}'}",1.08E+12,,,,,,,,,,,,,,,
5ea1d733eabbc96ff8ab0425,2.01E+11,8,otc alterations permit,2007-01-08T00:00:00.000,3273,25,775,Darien,Wy,replace stucco on south side of house approx 20'x30' . visible from street.,expired,2007-12-14T00:00:00.000,2007-01-08T00:00:00.000,2007-01-08T00:00:00.000,2007-07-08T00:00:00.000Z,6000,6000,1 family dwelling,1 family dwelling,0,7,West of Twin Peaks,94127,"{'latitude': '37.73024991634443', 'longitude': '-122.4636124295593', 'human_address': '{""address"": """", ""city"": """", ""state"": """", ""zip"": """"}'}",1.08E+12,,2,2,1,1,5,wood frame (5),5,wood frame (5),,,,,,
5ea1d733eabbc96ff8ab0426,2.01E+11,8,otc alterations permit,2007-01-08T00:00:00.000,6728,20,554,Laidley,St,reroofing,complete,2007-02-08T00:00:00.000,2007-01-08T00:00:00.000,2007-01-08T00:00:00.000,2007-07-08T00:00:00.000Z,21950,21950,1 family dwelling,1 family dwelling,0,8,Glen Park,94131,"{'latitude': '37.73545746530039', 'longitude': '-122.43216555423922', 'human_address': '{""address"": """", ""city"": """", ""state"": """", ""zip"": """"}'}",1.08E+12,,,,,,,,,,2007-02-08T00:00:00.000,,,,,
5ea1d733eabbc96ff8ab0427,M53183,8,otc alterations permit,2007-01-08T00:00:00.000,7548,1,212,Bemis,St,street space permit only.,issued,2007-01-08T00:00:00.000,2007-01-08T00:00:00.000,2007-01-08T00:00:00.000,,,0,,,,8,Glen Park,94131,"{'latitude': '37.73670924657093', 'longitude': '-122.43164686980317', 'human_address': '{""address"": """", ""city"": """", ""state"": """", ""zip"": """"}'}",1.08E+12,,,,,,,,,,,,,,,
5ea1d733eabbc96ff8ab0428,2.01E+11,8,otc alterations permit,2007-01-08T00:00:00.000,716,8,965,Geary,St,install 30 feet of underpinning at west property line,issued,2007-01-08T00:00:00.000,2007-01-08T00:00:00.000,2007-01-08T00:00:00.000,2007-07-08T00:00:00.000Z,25000,25000,apartments,apartments,2,6,Tenderloin,94109,"{'latitude': '37.785719638825206', 'longitude': '-122.41906224628175', 'human_address': '{""address"": """", ""city"": """", ""state"": """", ""zip"": """"}'}",1.08E+11,,5,5,45,45,3,constr type 3,3,constr type 3,,,,,,
5ea1d733eabbc96ff8ab0429,2.01E+11,2,new construction wood frame,2007-01-08T00:00:00.000,6634,15,1629,Dolores,St,to erect 3 dwelling units with 4 story new condominium bldg,complete,2012-03-28T00:00:00.000,2007-01-08T00:00:00.000,2010-07-19T00:00:00.000,2013-07-03T00:00:00.000Z,975000,975000,,apartments,2,8,Noe Valley,94110,"{'latitude': '37.74339221916862', 'longitude': '-122.42396223589145', 'human_address': '{""address"": """", ""city"": """", ""state"": """", ""zip"": """"}'}",1.08E+12,,,4,,3,,,5,wood frame (5),2012-03-28T00:00:00.000,,Y,,2010-07-07T00:00:00.000,
5ea1d733eabbc96ff8ab042a,M53184,8,otc alterations permit,2007-01-08T00:00:00.000,819,2,517,Laguna,St,street space & sidewalk repair,issued,2007-01-08T00:00:00.000,2007-01-08T00:00:00.000,2007-01-08T00:00:00.000,,,0,,,,5,Hayes Valley,94102,"{'latitude': '37.77609581740966', 'longitude': '-122.4263606919171', 'human_address': '{""address"": """", ""city"": """", ""state"": """", ""zip"": """"}'}",1.08E+11,,,,,,,,,,,,,,,
5ea1d733eabbc96ff8ab042b,M53184,8,otc alterations permit,2007-01-08T00:00:00.000,819,2,523,Laguna,St,street space & sidewalk repair,issued,2007-01-08T00:00:00.000,2007-01-08T00:00:00.000,2007-01-08T00:00:00.000,,,0,,,,5,Hayes Valley,94102,"{'latitude': '37.77609581740966', 'longitude': '-122.4263606919171', 'human_address': '{""address"": """", ""city"": """", ""state"": """", ""zip"": """"}'}",1.08E+12,,,,,,,,,,,,,,,
5ea1d733eabbc96ff8ab042c,2.01E+11,8,otc alterations permit,2007-01-08T00:00:00.000,2040,5,1723,09th,Av,reroofing,expired,2007-10-24T00:00:00.000,2007-01-08T00:00:00.000,2007-01-08T00:00:00.000,2007-07-08T00:00:00.000Z,6800,6800,1 family dwelling,1 family dwelling,0,7,Inner Sunset,94122,"{'latitude': '37.75606489812163', 'longitude': '-122.46608363069605', 'human_address': '{""address"": """", ""city"": """", ""state"": """", ""zip"": """"}'}",1.08E+12,,,,,,,,,,,,,,,
5ea1d733eabbc96ff8ab042d,2.01E+11,8,otc alterations permit,2007-01-08T00:00:00.000,5540,13,328,Rutledge,St,to compl with nov 200685913 revision to permit application 200401083651 partial removal o f damaged walls @ proptery line @ mnain level wall previously shown to remain replace,expired,2007-07-31T00:00:00.000,2007-01-08T00:00:00.000,2007-01-08T00:00:00.000,2007-05-08T00:00:00.000Z,1000,1000,1 family dwelling,1 family dwelling,2,9,Bernal Heights,94110,"{'latitude': '37.745125398688046', 'longitude': '-122.40989656046935', 'human_address': '{""address"": """", ""city"": """", ""state"": """", ""zip"": """"}'}",1.08E+12,,3,3,1,1,5,wood frame (5),5,wood frame (5),,,,,,
5ea1d733eabbc96ff8ab042e,2.01E+11,6,demolitions,2007-01-08T00:00:00.000,6634,15,1629,Dolores,St,"to demolish 1 dwelling unit, tw0 story building.",complete,2012-03-26T00:00:00.000,2007-01-08T00:00:00.000,2010-07-19T00:00:00.000,2011-01-15T00:00:00.000Z,10000,10000,1 family dwelling,,2,8,Noe Valley,94110,"{'latitude': '37.74339221916862', 'longitude': '-122.42396223589145', 'human_address': '{""address"": """", ""city"": """", ""state"": """", ""zip"": """"}'}",1.08E+12,,2,,1,,5,wood frame (5),,,2012-03-26T00:00:00.000,,,,,
5ea1d733eabbc96ff8ab042f,2.01E+11,3,additions alterations or repairs,2007-01-08T00:00:00.000,1047,4,1613,Baker,St,make all changes/corrections outlined in inspection report 3r-4334.,complete,2007-05-02T00:00:00.000,2007-01-08T00:00:00.000,2007-01-22T00:00:00.000,2007-05-22T00:00:00.000Z,5000,5000,2 family dwelling,2 family dwelling,0,2,Presidio Heights,94115,"{'latitude': '37.786301054447364', 'longitude': '-122.44376566457862', 'human_address': '{""address"": """", ""city"": """", ""state"": """", ""zip"": """"}'}",1.08E+11,,2,2,2,2,5,wood frame (5),5,wood frame (5),2007-05-02T00:00:00.000,,,,,
5ea1d733eabbc96ff8ab0430,2.01E+11,8,otc alterations permit,2007-01-08T00:00:00.000,288,32,333,Bush,St,this permit is for the renewal of pa#200601182370  for final sign off only.,complete,2007-02-22T00:00:00.000,2007-01-08T00:00:00.000,2007-01-08T00:00:00.000,2007-05-08T00:00:00.000Z,1,1,office,office,0,3,Financial District/South Beach,94108,"{'latitude': '37.79057472898199', 'longitude': '-122.4031096060195', 'human_address': '{""address"": """", ""city"": """", ""state"": """", ""zip"": """"}'}",1.08E+12,,34,34,0,0,1,constr type 1,1,constr type 1,2007-02-22T00:00:00.000,,,,,
5ea1d733eabbc96ff8ab0431,2.01E+11,8,otc alterations permit,2007-01-08T00:00:00.000,3740,34,221,Main,St,"oti-2, 13/fl el, me",expired,2009-02-09T00:00:00.000,2007-01-08T00:00:00.000,2007-01-08T00:00:00.000,2008-01-08T00:00:00.000Z,43200,43200,office,office,2,6,Financial District/South Beach,94105,"{'latitude': '37.79034577603179', 'longitude': '-122.39223862434201', 'human_address': '{""address"": """", ""city"": """", ""state"": """", ""zip"": """"}'}",1.08E+12,,16,16,0,0,1,constr type 1,1,constr type 1,,,,,,
5ea1d733eabbc96ff8ab0432,2.01E+11,8,otc alterations permit,2007-01-08T00:00:00.000,288,32,333,Bush,St,"this permit is for the renewal of pa#200601051574,#200512210802 and pa#200601051571  for final sign off only.",complete,2007-03-21T00:00:00.000,2007-01-08T00:00:00.000,2007-01-08T00:00:00.000,2007-05-08T00:00:00.000Z,1,1,office,office,0,3,Financial District/South Beach,94108,"{'latitude': '37.79057472898199', 'longitude': '-122.4031096060195', 'human_address': '{""address"": """", ""city"": """", ""state"": """", ""zip"": """"}'}",1.08E+12,,34,34,0,0,1,constr type 1,1,constr type 1,2007-03-21T00:00:00.000,,,,,
5ea1d733eabbc96ff8ab0433,2.01E+11,8,otc alterations permit,2007-01-08T00:00:00.000,1659,44,1545,Cabrillo,St,repalce6 windows - custom made - wood visible from street,complete,2007-03-02T00:00:00.000,2007-01-08T00:00:00.000,2007-01-08T00:00:00.000,2007-05-08T00:00:00.000Z,2900,2900,apartments,apartments,0,1,Outer Richmond,94118,"{'latitude': '37.77469581187435', 'longitude': '-122.47548312034465', 'human_address': '{""address"": """", ""city"": """", ""state"": """", ""zip"": """"}'}",1.08E+12,,3,3,4,4,5,wood frame (5),5,wood frame (5),2007-03-02T00:00:00.000,,,,,
5ea1d733eabbc96ff8ab0434,2.01E+11,8,otc alterations permit,2007-01-08T00:00:00.000,557,2,2737,Webster,St,"remodel kitchen- replace cabinet, sink, stove, lighting. 1 bathroom remodel- replace tile, shower pan, faucet, toilet, lighting and painting. non structural.",complete,2007-04-20T00:00:00.000,2007-01-08T00:00:00.000,2007-01-08T00:00:00.000,2007-07-08T00:00:00.000Z,22000,22000,apartments,apartments,0,2,Marina,94123,"{'latitude': '37.79590341630617', 'longitude': '-122.43387038171086', 'human_address': '{""address"": """", ""city"": """", ""state"": """", ""zip"": """"}'}",1.08E+12,,3,3,4,4,5,wood frame (5),5,wood frame (5),2007-04-20T00:00:00.000,,,,,
5ea1d733eabbc96ff8ab0435,2.01E+11,8,otc alterations permit,2007-01-08T00:00:00.000,1875,11,1555,29th,Av,reroofing,complete,2007-01-12T00:00:00.000,2007-01-08T00:00:00.000,2007-01-08T00:00:00.000,2007-07-08T00:00:00.000Z,6500,6500,1 family dwelling,1 family dwelling,0,4,Sunset/Parkside,94122,"{'latitude': '37.75831539596605', 'longitude': '-122.48783449070798', 'human_address': '{""address"": """", ""city"": """", ""state"": """", ""zip"": """"}'}",1.08E+12,,,,,,,,,,2007-01-12T00:00:00.000,,,,,
5ea1d733eabbc96ff8ab0436,2.01E+11,8,otc alterations permit,2007-01-08T00:00:00.000,6778,2,2,San Gabriel,Av,repair wood damage in exterior stairs 2 x 6 x 8 in damage (brick masonry some brick) tile some tile. repair 7' x 6' stucco is damage in plywood on the wall exterior close to stairs. repair in kind. repair 40% of job. visible from street.,complete,2007-03-20T00:00:00.000,2007-01-08T00:00:00.000,2007-01-08T00:00:00.000,2007-07-08T00:00:00.000Z,6000,6000,1 family dwelling,1 family dwelling,0,11,Outer Mission,94112,"{'latitude': '37.72938497352087', 'longitude': '-122.43803947488404', 'human_address': '{""address"": """", ""city"": """", ""state"": """", ""zip"": """"}'}",1.08E+12,,2,2,1,1,5,wood frame (5),5,wood frame (5),2007-03-20T00:00:00.000,,,,,
5ea1d733eabbc96ff8ab0437,M53202,8,otc alterations permit,2007-01-08T00:00:00.000,1652,19,766,10th,Av,street space,issued,2007-01-08T00:00:00.000,2007-01-08T00:00:00.000,2007-01-08T00:00:00.000,,,0,,,,1,Inner Richmond,94118,"{'latitude': '37.77393437890497', 'longitude': '-122.46773860907612', 'human_address': '{""address"": """", ""city"": """", ""state"": """", ""zip"": """"}'}",1.08E+12,,,,,,,,,,,,,,,
5ea1d733eabbc96ff8ab0438,2.01E+11,8,otc alterations permit,2007-01-08T00:00:00.000,311,6,690,Market,St,revision to approved  00308051235's' delete roof hatch at stqir 1 per cbc 1003.3.3.12,expired,2008-06-30T00:00:00.000,2007-01-08T00:00:00.000,2007-01-08T00:00:00.000,2007-05-08T00:00:00.000Z,1,1,office,office,2,3,Financial District/South Beach,94104,"{'latitude': '37.788243570664264', 'longitude': '-122.4031986984264', 'human_address': '{""address"": """", ""city"": """", ""state"": """", ""zip"": """"}'}",1.08E+12,,25,25,101,101,1,constr type 1,1,constr type 1,,,,,,
5ea1d733eabbc96ff8ab0439,M53203,8,otc alterations permit,2007-01-08T00:00:00.000,1652,20,762,10th,Av,street space & sidewalk,issued,2007-01-08T00:00:00.000,2007-01-08T00:00:00.000,2007-01-08T00:00:00.000,,,0,,,,1,Inner Richmond,94118,"{'latitude': '37.77400292452137', 'longitude': '-122.4677435712311', 'human_address': '{""address"": """", ""city"": """", ""state"": """", ""zip"": """"}'}",1.08E+12,,,,,,,,,,,,,,,
5ea1d733eabbc96ff8ab043a,M53204,8,otc alterations permit,2007-01-08T00:00:00.000,6717,014A,470,Chenery,St,sidewalk permit only.,issued,2007-01-08T00:00:00.000,2007-01-08T00:00:00.000,2007-01-08T00:00:00.000,,,0,,,,8,Glen Park,94131,"{'latitude': '37.73598032343025', 'longitude': '-122.43000685287117', 'human_address': '{""address"": """", ""city"": """", ""state"": """", ""zip"": """"}'}",1.08E+12,,,,,,,,,,,,,,,
5ea1d733eabbc96ff8ab043b,2.01E+11,8,otc alterations permit,2007-01-08T00:00:00.000,2618,38,409,Roosevelt,Wy,"in unit 409:minor bath remodel, remove existing cast iron tub, replace w new tub, demo ex plaster/lath walls, insulate ( sound proof) and rpelace w/drywall. relocate toilet approx 4'6' away from existing location. no structural changes",expired,2008-05-08T00:00:00.000,2007-01-08T00:00:00.000,2007-01-08T00:00:00.000,2007-05-08T00:00:00.000Z,4500,4500,apartments,apartments,0,8,Castro/Upper Market,94114,"{'latitude': '37.764537167509374', 'longitude': '-122.44292936635722', 'human_address': '{""address"": """", ""city"": """", ""state"": """", ""zip"": """"}'}",1.08E+12,,4,4,3,3,5,wood frame (5),5,wood frame (5),,,,,,
5ea1d733eabbc96ff8ab043c,M53205,8,otc alterations permit,2007-01-08T00:00:00.000,515,3,3151,Fillmore,St,street space & sidewalk permit only.,issued,2007-01-08T00:00:00.000,2007-01-08T00:00:00.000,2007-01-08T00:00:00.000,,,0,,,,2,Marina,94123,"{'latitude': '37.798660663699174', 'longitude': '-122.43610322597983', 'human_address': '{""address"": """", ""city"": """", ""state"": """", ""zip"": """"}'}",1.08E+11,,,,,,,,,,,,,,,
5ea1d733eabbc96ff8ab043d,M53205,8,otc alterations permit,2007-01-08T00:00:00.000,515,3,3155,Fillmore,St,street space & sidewalk permit only.,issued,2007-01-08T00:00:00.000,2007-01-08T00:00:00.000,2007-01-08T00:00:00.000,,,0,,,,2,Marina,94123,"{'latitude': '37.798660663699174', 'longitude': '-122.43610322597983', 'human_address': '{""address"": """", ""city"": """", ""state"": """", ""zip"": """"}'}",1.08E+12,,,,,,,,,,,,,,,
5ea1d733eabbc96ff8ab043e,M53206,8,otc alterations permit,2007-01-08T00:00:00.000,1276,001F,1137,Shrader,St,street space,issued,2007-01-08T00:00:00.000,2007-01-08T00:00:00.000,2007-01-08T00:00:00.000,,,0,,,,,,,,1.08E+11,,,,,,,,,,,,,,,
5ea1d733eabbc96ff8ab043f,2.01E+11,8,otc alterations permit,2007-01-08T00:00:00.000,491,21,3348,Steiner,St,"renew pa#200107204144,#200102132025,#98212425 for final inspection.",complete,2007-01-10T00:00:00.000,2007-01-08T00:00:00.000,2007-01-08T00:00:00.000,2007-05-08T00:00:00.000Z,1,1,food/beverage hndlng,food/beverage hndlng,0,2,Marina,94123,"{'latitude': '37.800380816885585', 'longitude': '-122.43754823981648', 'human_address': '{""address"": """", ""city"": """", ""state"": """", ""zip"": """"}'}",1.08E+11,,2,2,0,0,5,wood frame (5),5,wood frame (5),2007-01-10T00:00:00.000,,,,,
5ea1d733eabbc96ff8ab0440,M53206,8,otc alterations permit,2007-01-08T00:00:00.000,1276,33,1139,Shrader,St,street space,issued,2007-01-08T00:00:00.000,2007-01-08T00:00:00.000,2007-01-08T00:00:00.000,,,0,,,,5,Haight Ashbury,94117,"{'latitude': '37.76412636852139', 'longitude': '-122.45138033022036', 'human_address': '{""address"": """", ""city"": """", ""state"": """", ""zip"": """"}'}",1.08E+12,,,,,,,,,,,,,,,
5ea1d733eabbc96ff8ab0441,2.01E+11,8,otc alterations permit,2007-01-08T00:00:00.000,491,21,3348,Steiner,St,"renew pa#200507218280,#200303038678,#200110251696 for final inspection.",complete,2007-01-10T00:00:00.000,2007-01-08T00:00:00.000,2007-01-08T00:00:00.000,2007-05-08T00:00:00.000Z,1,1,food/beverage hndlng,food/beverage hndlng,0,2,Marina,94123,"{'latitude': '37.800380816885585', 'longitude': '-122.43754823981648', 'human_address': '{""address"": """", ""city"": """", ""state"": """", ""zip"": """"}'}",1.08E+11,,2,2,0,0,5,wood frame (5),5,wood frame (5),2007-01-10T00:00:00.000,,,,,
5ea1d733eabbc96ff8ab0442,2.01E+11,8,otc alterations permit,2007-01-08T00:00:00.000,1421,27,222,Funston,Av,"revision to appl#200601182355 of stairway from 2/f to 1/f on lower unit. change spiral stair to conventional stairs, relocate water heater.",expired,2007-11-28T00:00:00.000,2007-01-08T00:00:00.000,2007-01-08T00:00:00.000,2007-05-08T00:00:00.000Z,1,1,2 family dwelling,2 family dwelling,2,1,Inner Richmond,94118,"{'latitude': '37.78400543308157', 'longitude': '-122.47168792281715', 'human_address': '{""address"": """", ""city"": """", ""state"": """", ""zip"": """"}'}",1.08E+11,,3,3,2,2,5,wood frame (5),5,wood frame (5),,,,,,
5ea1d733eabbc96ff8ab0443,2.01E+11,8,otc alterations permit,2007-01-08T00:00:00.000,1421,27,224,Funston,Av,"revision to appl#200601182355 of stairway from 2/f to 1/f on lower unit. change spiral stair to conventional stairs, relocate water heater.",expired,2007-11-28T00:00:00.000,2007-01-08T00:00:00.000,2007-01-08T00:00:00.000,2007-05-08T00:00:00.000Z,1,1,2 family dwelling,2 family dwelling,2,1,Inner Richmond,94118,"{'latitude': '37.78400543308157', 'longitude': '-122.47168792281715', 'human_address': '{""address"": """", ""city"": """", ""state"": """", ""zip"": """"}'}",1.08E+12,,3,3,2,2,5,wood frame (5),5,wood frame (5),,,,,,
5ea1d733eabbc96ff8ab0444,2.01E+11,8,otc alterations permit,2007-01-08T00:00:00.000,2618,38,411,Roosevelt,Wy,"in unit 409:minor bath remodel, remove existing cast iron tub, replace w new tub, demo ex plaster/lath walls, insulate ( sound proof) and rpelace w/drywall. relocate toilet approx 4'6' away from existing location. no structural changes",expired,2008-05-08T00:00:00.000,2007-01-08T00:00:00.000,2007-01-08T00:00:00.000,2007-05-08T00:00:00.000Z,4500,4500,apartments,apartments,0,8,Castro/Upper Market,94114,"{'latitude': '37.764537167509374', 'longitude': '-122.44292936635722', 'human_address': '{""address"": """", ""city"": """", ""state"": """", ""zip"": """"}'}",1.08E+12,,4,4,3,3,5,wood frame (5),5,wood frame (5),,,,,,
5ea1d733eabbc96ff8ab0445,M53207,8,otc alterations permit,2007-01-08T00:00:00.000,294,13,340,Stockton,St,street space permit only.,issued,2007-01-08T00:00:00.000,2007-01-08T00:00:00.000,2007-01-08T00:00:00.000,,,0,,,,3,Financial District/South Beach,94108,"{'latitude': '37.78915819813288', 'longitude': '-122.4065562484993', 'human_address': '{""address"": """", ""city"": """", ""state"": """", ""zip"": """"}'}",1.08E+11,,,,,,,,,,,,,,,
5ea1d733eabbc96ff8ab0446,2.01E+11,3,additions alterations or repairs,2007-01-08T00:00:00.000,1047,4,1613,Baker,St,make all changes/corrections outlined in inspection report 3r-4334.,complete,2007-05-02T00:00:00.000,2007-01-08T00:00:00.000,2007-01-22T00:00:00.000,2007-05-22T00:00:00.000Z,5000,5000,2 family dwelling,2 family dwelling,0,2,Presidio Heights,94115,"{'latitude': '37.786301054447364', 'longitude': '-122.44376566457862', 'human_address': '{""address"": """", ""city"": """", ""state"": """", ""zip"": """"}'}",1.08E+12,,2,2,2,2,5,wood frame (5),5,wood frame (5),2007-05-02T00:00:00.000,,,A,,
5ea1d733eabbc96ff8ab0447,2.01E+11,8,otc alterations permit,2007-01-08T00:00:00.000,1774,1,1809,Irving,St,revision to appl#200612089473 work includes modification of existing ceiling and lighting and t24 energy compliance.,issued,2007-01-08T00:00:00.000,2007-01-08T00:00:00.000,2007-01-08T00:00:00.000,2007-07-08T00:00:00.000Z,13000,13000,office,office,2,4,Sunset/Parkside,94122,"{'latitude': '37.76337396397431', 'longitude': '-122.47738806135217', 'human_address': '{""address"": """", ""city"": """", ""state"": """", ""zip"": """"}'}",1.08E+12,,2,2,0,0,5,wood frame (5),5,wood frame (5),,,,,,
5ea1d733eabbc96ff8ab0448,2.01E+11,8,otc alterations permit,2007-01-08T00:00:00.000,1774,1,1301,19th,Av,revision to appl#200612089473 work includes modification of existing ceiling and lighting and t24 energy compliance.,issued,2007-01-08T00:00:00.000,2007-01-08T00:00:00.000,2007-01-08T00:00:00.000,2007-07-08T00:00:00.000Z,13000,13000,office,office,2,4,Sunset/Parkside,94122,"{'latitude': '37.76337396397431', 'longitude': '-122.47738806135217', 'human_address': '{""address"": """", ""city"": """", ""state"": """", ""zip"": """"}'}",1.08E+12,,2,2,0,0,5,wood frame (5),5,wood frame (5),,,,,,
5ea1d733eabbc96ff8ab0449,M53243,8,otc alterations permit,2007-01-08T00:00:00.000,6570,13,3019,Mission,St,sidewalk,issued,2007-01-08T00:00:00.000,2007-01-08T00:00:00.000,2007-01-08T00:00:00.000,,,0,,,,9,Mission,94110,"{'latitude': '37.74883212994004', 'longitude': '-122.41771864365369', 'human_address': '{""address"": """", ""city"": """", ""state"": """", ""zip"": """"}'}",1.08E+12,0,,,,,,,,,,,,,,
5ea1d733eabbc96ff8ab044a,2.01E+11,8,otc alterations permit,2007-01-08T00:00:00.000,4099,50,553,Arkansas,St,add plywood walls to basement for voluntory improvement. 2 new foundation under shearwalls.,complete,2007-03-19T00:00:00.000,2007-01-08T00:00:00.000,2007-01-08T00:00:00.000,2007-07-08T00:00:00.000Z,25000,25000,1 family dwelling,1 family dwelling,2,10,Potrero Hill,94107,"{'latitude': '37.75915781779637', 'longitude': '-122.39783151478035', 'human_address': '{""address"": """", ""city"": """", ""state"": """", ""zip"": """"}'}",1.08E+12,,2,2,1,1,5,wood frame (5),5,wood frame (5),2007-03-19T00:00:00.000,,,,,
5ea1d733eabbc96ff8ab044b,2.01E+11,8,otc alterations permit,2007-01-08T00:00:00.000,1845,32,1456,09th,Av,application review. board of apeals conditions. appeal no. 06-148.,expired,2011-04-20T00:00:00.000,2007-01-08T00:00:00.000,2007-01-08T00:00:00.000,2007-05-08T00:00:00.000Z,1,1,2 family dwelling,2 family dwelling,2,5,Inner Sunset,94122,"{'latitude': '37.76115540257781', 'longitude': '-122.46578019180727', 'human_address': '{""address"": """", ""city"": """", ""state"": """", ""zip"": """"}'}",1.08E+12,,2,2,2,2,5,wood frame (5),5,wood frame (5),,,,,,
5ea1d733eabbc96ff8ab044c,2.01E+11,8,otc alterations permit,2007-01-08T00:00:00.000,251,1,1059,Leavenworth,St,complete work startion on pa# 2006/06/16/4213.,expired,2009-08-24T00:00:00.000,2007-01-08T00:00:00.000,2007-01-08T00:00:00.000,2007-07-08T00:00:00.000Z,7000,7000,apartments,apartments,0,3,Nob Hill,94109,"{'latitude': '37.7909824067472', 'longitude': '-122.41592972473308', 'human_address': '{""address"": """", ""city"": """", ""state"": """", ""zip"": """"}'}",1.08E+11,,4,4,21,21,5,wood frame (5),5,wood frame (5),,,,,,
5ea1d733eabbc96ff8ab044d,2.01E+11,8,otc alterations permit,2007-01-08T00:00:00.000,85,27,237,Greenwich,St,voluntary strengthening and upgrade repiar work to extg crawl space and breeze way area. replace extg beams and posts as necess. add foundation section & footings. repair extg redwood decking & guard rail,complete,2007-06-07T00:00:00.000,2007-01-08T00:00:00.000,2007-01-08T00:00:00.000,2008-01-08T00:00:00.000Z,28000,28000,2 family dwelling,2 family dwelling,2,3,North Beach,94133,"{'latitude': '37.802771316048094', 'longitude': '-122.40410505438679', 'human_address': '{""address"": """", ""city"": """", ""state"": """", ""zip"": """"}'}",1.08E+12,,1,1,2,2,1,constr type 1,1,constr type 1,2007-06-07T00:00:00.000,,,E,,
5ea1d733eabbc96ff8ab044e,M53222,8,otc alterations permit,2007-01-08T00:00:00.000,3750,87,611,Folsom,St,street space,issued,2007-01-08T00:00:00.000,2007-01-08T00:00:00.000,2007-01-08T00:00:00.000,,,0,,,,6,Financial District/South Beach,94107,"{'latitude': '37.78498001645395', 'longitude': '-122.3965361766369', 'human_address': '{""address"": """", ""city"": """", ""state"": """", ""zip"": """"}'}",1.08E+12,,,,,,,,,,,,,,,
5ea1d733eabbc96ff8ab044f,M53223,8,otc alterations permit,2007-01-08T00:00:00.000,214,60,1260,Clay,St,street space permit only.,issued,2007-01-08T00:00:00.000,2007-01-08T00:00:00.000,2007-01-08T00:00:00.000,,,0,,,,3,Nob Hill,94108,"{'latitude': '37.7935746149532', 'longitude': '-122.41366496107814', 'human_address': '{""address"": """", ""city"": """", ""state"": """", ""zip"": """"}'}",1.08E+11,207,,,,,,,,,,,,,,
5ea1d733eabbc96ff8ab0450,2.01E+11,8,otc alterations permit,2007-01-08T00:00:00.000,1563,006A,539,20th,Av,"revision for new concrete slab from appl#200612220453 concrete slab-on-grade at garage space, bathroom, family room, laundry, throughout ground floor.",complete,2007-03-12T00:00:00.000,2007-01-08T00:00:00.000,2007-01-08T00:00:00.000,2007-05-08T00:00:00.000Z,2500,2500,1 family dwelling,1 family dwelling,2,1,Outer Richmond,94121,"{'latitude': '37.777631077548484', 'longitude': '-122.47951102845883', 'human_address': '{""address"": """", ""city"": """", ""state"": """", ""zip"": """"}'}",1.08E+12,,3,3,1,1,5,wood frame (5),5,wood frame (5),2007-03-12T00:00:00.000,,,,,
5ea1d733eabbc96ff8ab0451,2.01E+11,8,otc alterations permit,2007-01-08T00:00:00.000,5720,55,180,Park,St,renew pa# 200605101213 for final inspection.,complete,2007-01-22T00:00:00.000,2007-01-08T00:00:00.000,2007-01-08T00:00:00.000,2007-05-08T00:00:00.000Z,1,1,2 family dwelling,2 family dwelling,0,9,Bernal Heights,94110,"{'latitude': '37.7363382249143', 'longitude': '-122.42147670534932', 'human_address': '{""address"": """", ""city"": """", ""state"": """", ""zip"": """"}'}",1.08E+12,,3,3,2,2,5,wood frame (5),5,wood frame (5),2007-01-22T00:00:00.000,,,,,
5ea1d733eabbc96ff8ab0452,2.01E+11,8,otc alterations permit,2007-01-08T00:00:00.000,5720,55,182,Park,St,renew pa# 200605101213 for final inspection.,complete,2007-01-22T00:00:00.000,2007-01-08T00:00:00.000,2007-01-08T00:00:00.000,2007-05-08T00:00:00.000Z,1,1,2 family dwelling,2 family dwelling,0,9,Bernal Heights,94110,"{'latitude': '37.7363382249143', 'longitude': '-122.42147670534932', 'human_address': '{""address"": """", ""city"": """", ""state"": """", ""zip"": """"}'}",1.08E+12,,3,3,2,2,5,wood frame (5),5,wood frame (5),2007-01-22T00:00:00.000,,,,,
5ea1d733eabbc96ff8ab0453,2.01E+11,8,otc alterations permit,2007-01-08T00:00:00.000,5517,074A,190,Emmet,Ct,"need to replace jack, pest, rails caps, treacts on the stairs replacing to correction notice issued 12/15/06 by fergel chancy building inpsector.",complete,2007-03-06T00:00:00.000,2007-01-08T00:00:00.000,2007-01-08T00:00:00.000,2007-05-08T00:00:00.000Z,1400,1400,1 family dwelling,1 family dwelling,2,9,Bernal Heights,94110,"{'latitude': '37.74715286862838', 'longitude': '-122.4163009833183', 'human_address': '{""address"": """", ""city"": """", ""state"": """", ""zip"": """"}'}",1.08E+12,,2,2,1,1,5,wood frame (5),5,wood frame (5),2007-03-06T00:00:00.000,,,,,
5ea1d733eabbc96ff8ab0454,M53242,8,otc alterations permit,2007-01-08T00:00:00.000,2334B,34,2230,Cecilia,Av,street space,issued,2007-01-08T00:00:00.000,2007-01-08T00:00:00.000,2007-01-08T00:00:00.000,,,0,,,,7,West of Twin Peaks,94116,"{'latitude': '37.74630739609009', 'longitude': '-122.47179630278906', 'human_address': '{""address"": """", ""city"": """", ""state"": """", ""zip"": """"}'}",1.08E+12,,,,,,,,,,,,,,,
5ea1d733eabbc96ff8ab0455,M53243,8,otc alterations permit,2007-01-08T00:00:00.000,6570,13,3001,Mission,St,sidewalk,issued,2007-01-08T00:00:00.000,2007-01-08T00:00:00.000,2007-01-08T00:00:00.000,,,0,,,,9,Mission,94110,"{'latitude': '37.74883212994004', 'longitude': '-122.41771864365369', 'human_address': '{""address"": """", ""city"": """", ""state"": """", ""zip"": """"}'}",1.08E+12,,,,,,,,,,,,,,,
5ea1d733eabbc96ff8ab0456,M53244,8,otc alterations permit,2007-01-08T00:00:00.000,3283,195,1770,Ocean,Av,street space permit,issued,2007-01-08T00:00:00.000,2007-01-08T00:00:00.000,2007-01-08T00:00:00.000,,,0,,,,7,West of Twin Peaks,94112,"{'latitude': '37.72535418823769', 'longitude': '-122.46070792148413', 'human_address': '{""address"": """", ""city"": """", ""state"": """", ""zip"": """"}'}",1.08E+12,,,,,,,,,,,,,,,
5ea1d733eabbc96ff8ab0457,2.01E+11,8,otc alterations permit,2007-01-08T00:00:00.000,1288,13,4946,17th,St,"kit & 2 baths renovation, add rear new stairs, new windcows in existing openings, some @ front of home tot of 6 windows",complete,2007-05-25T00:00:00.000,2007-01-08T00:00:00.000,2007-01-08T00:00:00.000,2008-01-08T00:00:00.000Z,75000,75000,2 family dwelling,2 family dwelling,2,5,Haight Ashbury,94117,"{'latitude': '37.761754107557024', 'longitude': '-122.45140863771339', 'human_address': '{""address"": """", ""city"": """", ""state"": """", ""zip"": """"}'}",1.08E+12,,2,2,2,2,5,wood frame (5),5,wood frame (5),2007-05-25T00:00:00.000,,,,,
5ea1d733eabbc96ff8ab0458,2.01E+11,8,otc alterations permit,2007-01-08T00:00:00.000,1038,40,3775,California,St,kitchen & bathroom remodel-upgrade electrical sub panel.,complete,2007-05-16T00:00:00.000,2007-01-08T00:00:00.000,2007-01-08T00:00:00.000,2007-07-08T00:00:00.000Z,25000,25000,apartments,apartments,0,2,Presidio Heights,94118,"{'latitude': '37.78577103690647', 'longitude': '-122.45638986225089', 'human_address': '{""address"": """", ""city"": """", ""state"": """", ""zip"": """"}'}",1.08E+12,0,4,4,9,9,5,wood frame (5),5,wood frame (5),2007-05-16T00:00:00.000,,,,,
5ea1d733eabbc96ff8ab0459,2.01E+11,3,additions alterations or repairs,2007-01-08T00:00:00.000,6619,20,1557,Sanchez,St,remove non-confmming deck and in-law unit and replace with new master suite and roof deck.,issued,2007-12-28T00:00:00.000,2007-01-08T00:00:00.000,2007-12-28T00:00:00.000,2008-12-28T00:00:00.000Z,150000,150000,1 family dwelling,1 family dwelling,2,8,Noe Valley,94131,"{'latitude': '37.74418801520725', 'longitude': '-122.4286274335214', 'human_address': '{""address"": """", ""city"": """", ""state"": """", ""zip"": """"}'}",1.08E+12,,2,2,1,1,5,wood frame (5),5,wood frame (5),,Y,Y,,,
5ea1d733eabbc96ff8ab045a,2.01E+11,8,otc alterations permit,2007-01-08T00:00:00.000,7546,102,121,Addison,St,renew for final 200605080943,complete,2007-01-24T00:00:00.000,2007-01-08T00:00:00.000,2007-01-09T00:00:00.000,2007-05-09T00:00:00.000Z,1,1,apartments,apartments,0,8,Glen Park,94131,"{'latitude': '37.73731250817515', 'longitude': '-122.4315896633941', 'human_address': '{""address"": """", ""city"": """", ""state"": """", ""zip"": """"}'}",1.08E+12,,2,2,10,10,5,wood frame (5),5,wood frame (5),2007-01-24T00:00:00.000,,,,,
5ea1d733eabbc96ff8ab045b,2.01E+11,8,otc alterations permit,2007-01-08T00:00:00.000,7546,102,157,Addison,St,renew for final 200605080943,complete,2007-01-24T00:00:00.000,2007-01-08T00:00:00.000,2007-01-09T00:00:00.000,2007-05-09T00:00:00.000Z,1,1,apartments,apartments,0,8,Glen Park,94131,"{'latitude': '37.73731250817515', 'longitude': '-122.4315896633941', 'human_address': '{""address"": """", ""city"": """", ""state"": """", ""zip"": """"}'}",1.08E+12,0,2,2,10,10,5,wood frame (5),5,wood frame (5),2007-01-24T00:00:00.000,,,,,
5ea1d733eabbc96ff8ab045c,2.01E+11,3,additions alterations or repairs,2007-01-08T00:00:00.000,480,6,1361,Francisco,St,"correction to 3r-report, 3r-4674.",complete,2007-02-01T00:00:00.000,2007-01-08T00:00:00.000,2007-01-23T00:00:00.000,2007-05-23T00:00:00.000Z,5000,5000,2 family dwelling,2 family dwelling,0,2,Marina,94123,"{'latitude': '37.80259515932845', 'longitude': '-122.42752391195023', 'human_address': '{""address"": """", ""city"": """", ""state"": """", ""zip"": """"}'}",1.08E+11,,3,3,2,2,5,wood frame (5),5,wood frame (5),2007-02-01T00:00:00.000,,,,,
5ea1d733eabbc96ff8ab045d,2.01E+11,3,additions alterations or repairs,2007-01-08T00:00:00.000,480,6,1363,Francisco,St,"correction to 3r-report, 3r-4674.",complete,2007-02-01T00:00:00.000,2007-01-08T00:00:00.000,2007-01-23T00:00:00.000,2007-05-23T00:00:00.000Z,5000,5000,2 family dwelling,2 family dwelling,0,2,Marina,94123,"{'latitude': '37.80259515932845', 'longitude': '-122.42752391195023', 'human_address': '{""address"": """", ""city"": """", ""state"": """", ""zip"": """"}'}",1.08E+12,0,3,3,2,2,5,wood frame (5),5,wood frame (5),2007-02-01T00:00:00.000,,,,,
5ea1d733eabbc96ff8ab045e,2.01E+11,3,additions alterations or repairs,2007-01-08T00:00:00.000,4912,1,2814,Jennings,St,"existing commercial units, 1st floor, to be brought up to code. new asda restrooms will be constructed. new elec, heating, electrical. residential work under separate permit",issued,2007-05-16T00:00:00.000,2007-01-08T00:00:00.000,2007-05-16T00:00:00.000,2008-05-16T00:00:00.000Z,45000,45000,office,office,2,10,Bayview Hunters Point,94124,"{'latitude': '37.722568832010346', 'longitude': '-122.39298549952167', 'human_address': '{""address"": """", ""city"": """", ""state"": """", ""zip"": """"}'}",1.08E+12,,2,2,3,3,5,wood frame (5),5,wood frame (5),,,,,,
5ea1d733eabbc96ff8ab045f,2.01E+11,3,additions alterations or repairs,2007-01-08T00:00:00.000,4912,1,2824,Jennings,St,"existing commercial units, 1st floor, to be brought up to code. new asda restrooms will be constructed. new elec, heating, electrical. residential work under separate permit",issued,2007-05-16T00:00:00.000,2007-01-08T00:00:00.000,2007-05-16T00:00:00.000,2008-05-16T00:00:00.000Z,45000,45000,office,office,2,10,Bayview Hunters Point,94124,"{'latitude': '37.722568832010346', 'longitude': '-122.39298549952167', 'human_address': '{""address"": """", ""city"": """", ""state"": """", ""zip"": """"}'}",1.08E+12,,2,2,3,3,5,wood frame (5),5,wood frame (5),,,,,,
5ea1d733eabbc96ff8ab0460,2.01E+11,8,otc alterations permit,2007-01-08T00:00:00.000,489,029A,2277,Chestnut,St,"remodel existing retail space to e nail salon on 1st floor level, to include new partitions for storage room, lighting & counter, up grades front entry for disabled access.-",complete,2007-05-02T00:00:00.000,2007-01-08T00:00:00.000,2007-01-08T00:00:00.000,2007-07-08T00:00:00.000Z,8000,8000,1 family dwelling,1 family dwelling,2,2,Marina,94123,"{'latitude': '37.80011750231024', 'longitude': '-122.44072797318022', 'human_address': '{""address"": """", ""city"": """", ""state"": """", ""zip"": """"}'}",1.08E+12,,3,3,1,1,5,wood frame (5),5,wood frame (5),2007-05-02T00:00:00.000,,,,,
5ea1d733eabbc96ff8ab0461,M53245,8,otc alterations permit,2007-01-08T00:00:00.000,254,80,1001,California,St,street space permit,issued,2007-01-08T00:00:00.000,2007-01-08T00:00:00.000,2007-01-08T00:00:00.000,,,0,,,,3,Nob Hill,94108,"{'latitude': '37.79160553254836', 'longitude': '-122.41102551566422', 'human_address': '{""address"": """", ""city"": """", ""state"": """", ""zip"": """"}'}",1.08E+12,,,,,,,,,,,,,,,
5ea1d733eabbc96ff8ab0462,M53246,8,otc alterations permit,2007-01-08T00:00:00.000,5418,13,1777,Yosemite,Av,street space permit,issued,2007-01-08T00:00:00.000,2007-01-08T00:00:00.000,2007-01-08T00:00:00.000,,,0,,,,10,Bayview Hunters Point,94124,"{'latitude': '37.7282504190069', 'longitude': '-122.39496971444758', 'human_address': '{""address"": """", ""city"": """", ""state"": """", ""zip"": """"}'}",1.08E+12,,,,,,,,,,,,,,,
5ea1d733eabbc96ff8ab0463,2.01E+11,8,otc alterations permit,2007-01-08T00:00:00.000,6515,13,390,Bartlett,St,"repair rear stairs, stringers between 1st & 2nd floors. replace a few steps. less than 50% repair. to comply with nov# 200679868. same for same.",expired,2009-08-18T00:00:00.000,2007-01-08T00:00:00.000,2007-01-08T00:00:00.000,2007-05-08T00:00:00.000Z,1200,1200,apartments,apartments,0,9,Mission,94110,"{'latitude': '37.750825300159676', 'longitude': '-122.41959046386332', 'human_address': '{""address"": """", ""city"": """", ""state"": """", ""zip"": """"}'}",1.08E+12,,3,3,15,15,5,wood frame (5),5,wood frame (5),2007-01-19T00:00:00.000,,,,,
5ea1d733eabbc96ff8ab0464,2.01E+11,8,otc alterations permit,2007-01-08T00:00:00.000,2048,6,445,Noriega,St,"remodeling of 1 1/2 bathroom, kitchen & new 12 windows (vinyl). four picture windows and 2 casements on front facade.",expired,2008-02-13T00:00:00.000,2007-01-08T00:00:00.000,2007-01-08T00:00:00.000,2008-01-08T00:00:00.000Z,47500,47500,1 family dwelling,1 family dwelling,0,7,Inner Sunset,94122,"{'latitude': '37.754743642467155', 'longitude': '-122.46845033412708', 'human_address': '{""address"": """", ""city"": """", ""state"": """", ""zip"": """"}'}",1.08E+12,,3,3,1,1,5,wood frame (5),5,wood frame (5),,,,,,
5ea1d733eabbc96ff8ab0465,M53247,8,otc alterations permit,2007-01-08T00:00:00.000,469,1,1800,Chestnut,St,street space permit,issued,2007-01-08T00:00:00.000,2007-01-08T00:00:00.000,2007-01-08T00:00:00.000,,,0,,,,2,Marina,94123,"{'latitude': '37.802121382823614', 'longitude': '-122.43313669004674', 'human_address': '{""address"": """", ""city"": """", ""state"": """", ""zip"": """"}'}",1.08E+12,,,,,,,,,,,,,,,
5ea1d733eabbc96ff8ab0466,2.01E+11,8,otc alterations permit,2007-01-08T00:00:00.000,3706,74,50,03rd,St,"selective interior and exterior non structural demolition on floors 1,3,4,35,36. this is for demo only. elec,hvac,life safety,sprinklers, and plumbing on separate permit",expired,2008-08-21T00:00:00.000,2007-01-08T00:00:00.000,2007-01-08T00:00:00.000,2008-01-08T00:00:00.000Z,50000,50000,tourist hotel/motel,tourist hotel/motel,2,6,Financial District/South Beach,94103,"{'latitude': '37.78652508124445', 'longitude': '-122.40309239617214', 'human_address': '{""address"": """", ""city"": """", ""state"": """", ""zip"": """"}'}",1.08E+12,,36,36,669,669,1,constr type 1,1,constr type 1,,,,,,
5ea1d733eabbc96ff8ab0467,2.01E+11,3,additions alterations or repairs,2007-01-08T00:00:00.000,6728,12,538,Laidley,St,revision to approved shoring permit 20609081752. changes to shoring details as per plan.,cancelled,2007-05-09T00:00:00.000,2007-01-08T00:00:00.000,2007-04-24T00:00:00.000,2008-04-24T00:00:00.000Z,5000,111397,1 family dwelling,1 family dwelling,2,8,Glen Park,94131,"{'latitude': '37.73581058873477', 'longitude': '-122.43163572082717', 'human_address': '{""address"": """", ""city"": """", ""state"": """", ""zip"": """"}'}",1.08E+12,,2,2,1,1,5,wood frame (5),5,wood frame (5),,,,,,
5ea1d733eabbc96ff8ab0468,2.01E+11,8,otc alterations permit,2007-01-08T00:00:00.000,5888,10,42,Stoneybrook,Av,"exploratory demolition, removal of sheetrock, kitchen cabinets, bathroom fixtures. no structural, plumbing or electrical work to be done. approx. 1000 sq ft affected.",expired,2007-08-09T00:00:00.000,2007-01-08T00:00:00.000,2007-01-08T00:00:00.000,2007-05-08T00:00:00.000Z,120,120,1 family dwelling,1 family dwelling,0,11,Excelsior,94112,"{'latitude': '37.73020279824909', 'longitude': '-122.4220399750276', 'human_address': '{""address"": """", ""city"": """", ""state"": """", ""zip"": """"}'}",1.08E+12,,1,1,1,1,5,wood frame (5),5,wood frame (5),,,,,,
5ea1d733eabbc96ff8ab0469,M53262,8,otc alterations permit,2007-01-08T00:00:00.000,7138,40,151,Sadowa,St,sidewalk & street space permit,issued,2007-01-08T00:00:00.000,2007-01-08T00:00:00.000,2007-01-08T00:00:00.000,,,0,,,,11,Oceanview/Merced/Ingleside,94112,"{'latitude': '37.71204994300267', 'longitude': '-122.45757157981087', 'human_address': '{""address"": """", ""city"": """", ""state"": """", ""zip"": """"}'}",1.08E+12,,,,,,,,,,,,,,,
5ea1d733eabbc96ff8ab046a,M53263,8,otc alterations permit,2007-01-08T00:00:00.000,1203,017A,500,Divisadero,St,street space permit only.,issued,2007-01-08T00:00:00.000,2007-01-08T00:00:00.000,2007-01-08T00:00:00.000,,,0,,,,5,Hayes Valley,94117,"{'latitude': '37.774221829873234', 'longitude': '-122.43736365601701', 'human_address': '{""address"": """", ""city"": """", ""state"": """", ""zip"": """"}'}",1.08E+11,,,,,,,,,,,,,,,
5ea1d733eabbc96ff8ab046b,2.01E+11,8,otc alterations permit,2007-01-08T00:00:00.000,7278,26,251,Lakeshore,Dr,reroofing,expired,2011-01-27T00:00:00.000,2007-01-08T00:00:00.000,2007-01-08T00:00:00.000,2007-07-08T00:00:00.000Z,7800,7800,1 family dwelling,1 family dwelling,0,7,Sunset/Parkside,94132,"{'latitude': '37.73058769818603', 'longitude': '-122.49728919052485', 'human_address': '{""address"": """", ""city"": """", ""state"": """", ""zip"": """"}'}",1.08E+12,,2,2,1,1,5,wood frame (5),5,wood frame (5),,,,,,
5ea1d733eabbc96ff8ab046c,M53264,8,otc alterations permit,2007-01-08T00:00:00.000,3588,12,3500,19th,St,street space permit,issued,2007-01-08T00:00:00.000,2007-01-08T00:00:00.000,2007-01-08T00:00:00.000,,,0,,,,8,Mission,94110,"{'latitude': '37.76030680163977', 'longitude': '-122.42176191224588', 'human_address': '{""address"": """", ""city"": """", ""state"": """", ""zip"": """"}'}",1.08E+12,,,,,,,,,,,,,V,,
5ea1d733eabbc96ff8ab046d,2.01E+11,3,additions alterations or repairs,2007-01-08T00:00:00.000,3616,7,2554,Mission,St,seismic upgrade - umb retrofit on existing brick building no other work no exterior work. interior only,cancelled,2014-01-10T00:00:00.000,2007-01-08T00:00:00.000,,,50000,,theater,theater,2,9,Mission,94110,"{'latitude': '37.75602740244032', 'longitude': '-122.419384045785', 'human_address': '{""address"": """", ""city"": """", ""state"": """", ""zip"": """"}'}",1.08E+12,,1,1,0,0,1,constr type 1,1,constr type 1,,,Y,,,
5ea1d733eabbc96ff8ab046e,2.01E+11,3,additions alterations or repairs,2007-01-08T00:00:00.000,1076,34,1635,Divisadero,St,"add 7 fire smoke dampers & associated duct smoke detector, add duct smoke detector for fcu-1 fan unit, add door holder.",complete,2007-02-12T00:00:00.000,2007-01-08T00:00:00.000,2007-02-09T00:00:00.000,2007-06-09T00:00:00.000Z,5000,5000,clinics-medic/dental,clinics-medic/dental,2,5,Japantown,94115,"{'latitude': '37.78473107445393', 'longitude': '-122.44038678313258', 'human_address': '{""address"": """", ""city"": """", ""state"": """", ""zip"": """"}'}",1.08E+11,,6,6,0,0,5,wood frame (5),5,wood frame (5),2007-02-12T00:00:00.000,,,,,
5ea1d733eabbc96ff8ab046f,2.01E+11,8,otc alterations permit,2007-01-08T00:00:00.000,2141,4,2051,21st,Av,"1)remodel 2nd floor bathroom, 2)remodel first: 2 new bedroom a new bathroom.",complete,2007-07-16T00:00:00.000,2007-01-08T00:00:00.000,2007-01-08T00:00:00.000,2008-01-08T00:00:00.000Z,55000,55000,1 family dwelling,1 family dwelling,2,4,Sunset/Parkside,94116,"{'latitude': '37.74943449716588', 'longitude': '-122.47861469125525', 'human_address': '{""address"": """", ""city"": """", ""state"": """", ""zip"": """"}'}",1.08E+12,,2,2,1,1,5,wood frame (5),5,wood frame (5),2007-07-16T00:00:00.000,,,,,
5ea1d733eabbc96ff8ab0470,2.01E+11,8,otc alterations permit,2007-01-08T00:00:00.000,1023,19,3066,California,St,provide continues handrail at rear stairs per nov# 200686611.,complete,2007-02-05T00:00:00.000,2007-01-08T00:00:00.000,2007-01-08T00:00:00.000,2007-05-08T00:00:00.000Z,500,500,2 family dwelling,2 family dwelling,0,2,Pacific Heights,94115,"{'latitude': '37.78779085205715', 'longitude': '-122.44493236836892', 'human_address': '{""address"": """", ""city"": """", ""state"": """", ""zip"": """"}'}",1.08E+11,,2,2,2,2,5,wood frame (5),5,wood frame (5),2007-02-05T00:00:00.000,,,,,
5ea1d733eabbc96ff8ab0471,2.01E+11,8,otc alterations permit,2007-01-08T00:00:00.000,1023,19,3068,California,St,provide continues handrail at rear stairs per nov# 200686611.,complete,2007-02-05T00:00:00.000,2007-01-08T00:00:00.000,2007-01-08T00:00:00.000,2007-05-08T00:00:00.000Z,500,500,2 family dwelling,2 family dwelling,0,2,Pacific Heights,94115,"{'latitude': '37.78779085205715', 'longitude': '-122.44493236836892', 'human_address': '{""address"": """", ""city"": """", ""state"": """", ""zip"": """"}'}",1.08E+12,,2,2,2,2,5,wood frame (5),5,wood frame (5),2007-02-05T00:00:00.000,,,,,
5ea1d733eabbc96ff8ab0472,2.01E+11,3,additions alterations or repairs,2007-01-08T00:00:00.000,7041,1,901,Delano,Av,"to comply with nov #200678869, legalize without-iron fence at lot permeter, visible from street",complete,2007-02-20T00:00:00.000,2007-01-08T00:00:00.000,2007-02-15T00:00:00.000,2007-06-15T00:00:00.000Z,5000,5000,1 family dwelling,1 family dwelling,2,11,Outer Mission,94112,"{'latitude': '37.71743259310787', 'longitude': '-122.44657848012999', 'human_address': '{""address"": """", ""city"": """", ""state"": """", ""zip"": """"}'}",1.08E+12,,1,1,1,1,5,wood frame (5),5,wood frame (5),2007-02-20T00:00:00.000,,,,,
5ea1d733eabbc96ff8ab0473,2.01E+11,4,sign - erect,2007-01-08T00:00:00.000,239,3,400,California,St,to erect non electrical sign,expired,2011-05-11T00:00:00.000,2007-01-08T00:00:00.000,2007-01-08T00:00:00.000,2007-05-08T00:00:00.000Z,3000,3000,office,,2,3,Financial District/South Beach,94104,"{'latitude': '37.79330429003971', 'longitude': '-122.40145899720684', 'human_address': '{""address"": """", ""city"": """", ""state"": """", ""zip"": """"}'}",1.08E+11,,6,,0,,1,constr type 1,,,,,,,,
5ea1d733eabbc96ff8ab0474,2.01E+11,8,otc alterations permit,2007-01-08T00:00:00.000,6021,18,735,Brazil,Av,reroofing.,complete,2007-01-12T00:00:00.000,2007-01-08T00:00:00.000,2007-01-08T00:00:00.000,2007-05-08T00:00:00.000Z,500,500,1 family dwelling,1 family dwelling,0,11,Excelsior,94112,"{'latitude': '37.72193592997478', 'longitude': '-122.42849890016886', 'human_address': '{""address"": """", ""city"": """", ""state"": """", ""zip"": """"}'}",1.08E+12,,,,,,,,,,2007-01-12T00:00:00.000,,,,,
5ea1d733eabbc96ff8ab0475,2.01E+11,8,otc alterations permit,2007-01-08T00:00:00.000,1435,19,3944,Geary,Bl,install a new power door. replace with an existing in the existing store front. required by inspector. (no exterior change).,complete,2007-01-11T00:00:00.000,2007-01-08T00:00:00.000,2007-01-08T00:00:00.000,2007-05-08T00:00:00.000Z,2000,2000,office,office,2,1,Inner Richmond,94118,"{'latitude': '37.78143821279548', 'longitude': '-122.46186631949541', 'human_address': '{""address"": """", ""city"": """", ""state"": """", ""zip"": """"}'}",1.08E+11,,2,2,0,0,5,wood frame (5),5,wood frame (5),2007-01-11T00:00:00.000,,,,,
5ea1d733eabbc96ff8ab0476,2.01E+11,8,otc alterations permit,2007-01-08T00:00:00.000,3622,88,3845,21st,St,install 2 bvent gass fire place in living room & dining room. also gas lines 2 fire place tile work framing & venting flues in (e) fire place locations. 4 ft. from property line (for flue exhaust termination) volor by miles (a dorm - v-vent),complete,2007-03-22T00:00:00.000,2007-01-08T00:00:00.000,2007-01-08T00:00:00.000,2007-05-08T00:00:00.000Z,5000,5000,1 family dwelling,1 family dwelling,0,8,Noe Valley,94114,"{'latitude': '37.75592161479431', 'longitude': '-122.43328639900626', 'human_address': '{""address"": """", ""city"": """", ""state"": """", ""zip"": """"}'}",1.08E+12,,1,1,1,1,5,wood frame (5),5,wood frame (5),2007-03-22T00:00:00.000,,,,,
5ea1d733eabbc96ff8ab0477,M53282,8,otc alterations permit,2007-01-08T00:00:00.000,3589,18,2294,Mission,St,sidewalk repair,issued,2007-01-08T00:00:00.000,2007-01-08T00:00:00.000,2007-01-08T00:00:00.000,,,0,,,,9,Mission,94110,"{'latitude': '37.760353806391464', 'longitude': '-122.41950214908498', 'human_address': '{""address"": """", ""city"": """", ""state"": """", ""zip"": """"}'}",1.08E+12,,,,,,,,,,,,,,,
5ea1d733eabbc96ff8ab0478,M53282,8,otc alterations permit,2007-01-08T00:00:00.000,3589,18,2298,Mission,St,sidewalk repair,issued,2007-01-08T00:00:00.000,2007-01-08T00:00:00.000,2007-01-08T00:00:00.000,,,0,,,,9,Mission,94110,"{'latitude': '37.760353806391464', 'longitude': '-122.41950214908498', 'human_address': '{""address"": """", ""city"": """", ""state"": """", ""zip"": """"}'}",1.08E+12,,,,,,,,,,,,,,,
5ea1d733eabbc96ff8ab0479,2.01E+11,8,otc alterations permit,2007-01-08T00:00:00.000,5353B,17,391,Bridgeview,Dr,replace 11 (e) aluminum window for vinyl windows. same side. all window expos to the street & repair dry rot framing around the windows at the bottom.,complete,2007-03-08T00:00:00.000,2007-01-08T00:00:00.000,2007-01-08T00:00:00.000,2007-05-08T00:00:00.000Z,5000,5000,apartments,apartments,0,10,Bayview Hunters Point,94124,"{'latitude': '37.73184677446267', 'longitude': '-122.39917449595373', 'human_address': '{""address"": """", ""city"": """", ""state"": """", ""zip"": """"}'}",1.08E+12,,2,2,6,6,5,wood frame (5),5,wood frame (5),2007-03-08T00:00:00.000,,,,,
5ea1d733eabbc96ff8ab047a,2.01E+11,8,otc alterations permit,2007-01-08T00:00:00.000,3561,50,19,Beaver,St,comply with nov# 200672451: file building permit to re-construct decks at two levels located at the rear of property. same configuration and dimension as original.,complete,2007-04-12T00:00:00.000,2007-01-08T00:00:00.000,2007-01-08T00:00:00.000,2007-07-08T00:00:00.000Z,20000,20000,2 family dwelling,2 family dwelling,2,8,Castro/Upper Market,94114,"{'latitude': '37.76477113622918', 'longitude': '-122.4339802424823', 'human_address': '{""address"": """", ""city"": """", ""state"": """", ""zip"": """"}'}",1.08E+12,,3,3,2,2,5,wood frame (5),5,wood frame (5),2007-04-12T00:00:00.000,Y,,,,
5ea1d733eabbc96ff8ab047b,M53302,8,otc alterations permit,2007-01-08T00:00:00.000,868,28,363,Waller,St,street space,issued,2007-01-08T00:00:00.000,2007-01-08T00:00:00.000,2007-01-08T00:00:00.000,,,0,,,,5,Hayes Valley,94117,"{'latitude': '37.77100130777788', 'longitude': '-122.42955807750755', 'human_address': '{""address"": """", ""city"": """", ""state"": """", ""zip"": """"}'}",1.08E+12,,,,,,,,,,,,,,,
5ea1d733eabbc96ff8ab047c,2.01E+11,8,otc alterations permit,2007-01-08T00:00:00.000,6015,26,275,London,St,"repair/replace in like kind, landing, railing, stairs, slab repair, garden wall repair. at front of property.",complete,2007-04-05T00:00:00.000,2007-01-08T00:00:00.000,2007-01-08T00:00:00.000,2007-07-08T00:00:00.000Z,11000,11000,1 family dwelling,1 family dwelling,2,11,Excelsior,94112,"{'latitude': '37.724590217510226', 'longitude': '-122.43347959263113', 'human_address': '{""address"": """", ""city"": """", ""state"": """", ""zip"": """"}'}",1.08E+12,,2,2,1,1,5,wood frame (5),5,wood frame (5),2007-04-05T00:00:00.000,,,,,
5ea1d733eabbc96ff8ab047d,2.01E+11,8,otc alterations permit,2007-01-08T00:00:00.000,3589,72,130,Lexington,St,"work @ units at 132a only. remodel (e) kitchen & bathroom. remove all finishes & fixtures & install new cabinetry, appliances, electrical & plumbing. this project does not involve new horizontal or vertical square footage. there is no change to the envelope of the building. remove 1 non-load",complete,2007-06-05T00:00:00.000,2007-01-08T00:00:00.000,2007-01-08T00:00:00.000,2008-01-08T00:00:00.000Z,50000,50000,apartments,apartments,2,9,Mission,94110,"{'latitude': '37.76117421311917', 'longitude': '-122.42096726825925', 'human_address': '{""address"": """", ""city"": """", ""state"": """", ""zip"": """"}'}",1.08E+12,,3,3,4,4,5,wood frame (5),5,wood frame (5),2007-06-05T00:00:00.000,,,,,
5ea1d733eabbc96ff8ab047e,2.01E+11,8,otc alterations permit,2007-01-08T00:00:00.000,3589,72,130,Lexington,St,"work @ units at 132a only. remodel (e) kitchen & bathroom. remove all finishes & fixtures & install new cabinetry, appliances, electrical & plumbing. this project does not involve new horizontal or vertical square footage. there is no change to the envelope of the building. remove 1 non-load",complete,2007-06-05T00:00:00.000,2007-01-08T00:00:00.000,2007-01-08T00:00:00.000,2008-01-08T00:00:00.000Z,50000,50000,apartments,apartments,2,9,Mission,94110,"{'latitude': '37.76117421311917', 'longitude': '-122.42096726825925', 'human_address': '{""address"": """", ""city"": """", ""state"": """", ""zip"": """"}'}",1.08E+12,,3,3,4,4,5,wood frame (5),5,wood frame (5),2007-06-05T00:00:00.000,,,A,,
5ea1d733eabbc96ff8ab047f,2.01E+11,8,otc alterations permit,2007-01-08T00:00:00.000,3589,72,132,Lexington,St,"work @ units at 132a only. remodel (e) kitchen & bathroom. remove all finishes & fixtures & install new cabinetry, appliances, electrical & plumbing. this project does not involve new horizontal or vertical square footage. there is no change to the envelope of the building. remove 1 non-load",complete,2007-06-05T00:00:00.000,2007-01-08T00:00:00.000,2007-01-08T00:00:00.000,2008-01-08T00:00:00.000Z,50000,50000,apartments,apartments,2,9,Mission,94110,"{'latitude': '37.76117421311917', 'longitude': '-122.42096726825925', 'human_address': '{""address"": """", ""city"": """", ""state"": """", ""zip"": """"}'}",1.08E+12,,3,3,4,4,5,wood frame (5),5,wood frame (5),2007-06-05T00:00:00.000,,,,,
5ea1d733eabbc96ff8ab0480,2.01E+11,8,otc alterations permit,2007-01-08T00:00:00.000,3589,72,132,Lexington,St,"work @ units at 132a only. remodel (e) kitchen & bathroom. remove all finishes & fixtures & install new cabinetry, appliances, electrical & plumbing. this project does not involve new horizontal or vertical square footage. there is no change to the envelope of the building. remove 1 non-load",complete,2007-06-05T00:00:00.000,2007-01-08T00:00:00.000,2007-01-08T00:00:00.000,2008-01-08T00:00:00.000Z,50000,50000,apartments,apartments,2,9,Mission,94110,"{'latitude': '37.76117421311917', 'longitude': '-122.42096726825925', 'human_address': '{""address"": """", ""city"": """", ""state"": """", ""zip"": """"}'}",1.08E+12,,3,3,4,4,5,wood frame (5),5,wood frame (5),2007-06-05T00:00:00.000,,,A,,
5ea1d733eabbc96ff8ab0481,2.01E+11,3,additions alterations or repairs,2007-01-08T00:00:00.000,6748,60,4080,Mission,St,installation of 2 micro panel antennas mounted on (e) wall with the associated equipment cabinet mounted on a concrete slab at ground level.,cancelled,2007-12-11T00:00:00.000,2007-01-08T00:00:00.000,,,65000,65000,public assmbly other,public assmbly other,2,8,Outer Mission,94112,"{'latitude': '37.732466227106244', 'longitude': '-122.42802832154999', 'human_address': '{""address"": """", ""city"": """", ""state"": """", ""zip"": """"}'}",1.08E+12,,2,2,0,0,5,wood frame (5),5,wood frame (5),,,,,,
5ea1d733eabbc96ff8ab0482,2.01E+11,8,otc alterations permit,2007-01-08T00:00:00.000,5617,41,161,Prospect,Av,comply with 3r-4515.,complete,2007-05-08T00:00:00.000,2007-01-08T00:00:00.000,2007-01-08T00:00:00.000,2007-05-08T00:00:00.000Z,5000,5000,2 family dwelling,2 family dwelling,0,9,Bernal Heights,94110,"{'latitude': '37.74258241121436', 'longitude': '-122.41901743381644', 'human_address': '{""address"": """", ""city"": """", ""state"": """", ""zip"": """"}'}",1.08E+12,,2,2,2,2,5,wood frame (5),5,wood frame (5),2007-05-08T00:00:00.000,,,,,
5ea1d733eabbc96ff8ab0483,2.01E+11,8,otc alterations permit,2007-01-08T00:00:00.000,5617,41,161,Prospect,Av,comply with 3r-4515.,complete,2007-05-08T00:00:00.000,2007-01-08T00:00:00.000,2007-01-08T00:00:00.000,2007-05-08T00:00:00.000Z,5000,5000,2 family dwelling,2 family dwelling,0,9,Bernal Heights,94110,"{'latitude': '37.74258241121436', 'longitude': '-122.41901743381644', 'human_address': '{""address"": """", ""city"": """", ""state"": """", ""zip"": """"}'}",1.08E+12,,2,2,2,2,5,wood frame (5),5,wood frame (5),2007-05-08T00:00:00.000,,,A,,
5ea1d733eabbc96ff8ab0484,M53322,8,otc alterations permit,2007-01-08T00:00:00.000,3557,034B,3394,16th,St,sidewalk permit only.,issued,2007-01-08T00:00:00.000,2007-01-08T00:00:00.000,2007-01-08T00:00:00.000,,,0,,,,8,Castro/Upper Market,94114,"{'latitude': '37.76472353477099', 'longitude': '-122.42849915281637', 'human_address': '{""address"": """", ""city"": """", ""state"": """", ""zip"": """"}'}",1.08E+12,,,,,,,,,,,,,,,
5ea1d733eabbc96ff8ab0485,M53322,8,otc alterations permit,2007-01-08T00:00:00.000,3557,034B,3398,16th,St,sidewalk permit only.,issued,2007-01-08T00:00:00.000,2007-01-08T00:00:00.000,2007-01-08T00:00:00.000,,,0,,,,8,Castro/Upper Market,94114,"{'latitude': '37.76472353477099', 'longitude': '-122.42849915281637', 'human_address': '{""address"": """", ""city"": """", ""state"": """", ""zip"": """"}'}",1.08E+12,,,,,,,,,,,,,,,
5ea1d733eabbc96ff8ab0486,2.01E+11,3,additions alterations or repairs,2007-01-08T00:00:00.000,5705,1,400,Ellsworth,St,revision to approved & application #2005408180599 reducing  size of horizontal addition and associated scope of work.,cancelled,2010-01-14T00:00:00.000,2007-01-08T00:00:00.000,,,1,,1 family dwelling,1 family dwelling,2,9,Bernal Heights,94110,"{'latitude': '37.738293769444816', 'longitude': '-122.4148081926207', 'human_address': '{""address"": """", ""city"": """", ""state"": """", ""zip"": """"}'}",1.08E+12,,2,2,1,1,5,wood frame (5),5,wood frame (5),,,,,,
5ea1d733eabbc96ff8ab0487,2.01E+11,8,otc alterations permit,2007-01-08T00:00:00.000,8721,10,550,Terry Francois,Bl,fire system hood hook up-4 hoods. installation of an ansel system.,complete,2007-02-01T00:00:00.000,2007-01-08T00:00:00.000,2007-01-08T00:00:00.000,2007-07-08T00:00:00.000Z,6000,6000,office,office,2,6,Mission Bay,94158,"{'latitude': '37.77037419989841', 'longitude': '-122.38706970561316', 'human_address': '{""address"": """", ""city"": """", ""state"": """", ""zip"": """"}'}",1.08E+12,,5,5,0,0,1,constr type 1,1,constr type 1,2007-02-01T00:00:00.000,,,,,
5ea1d733eabbc96ff8ab0488,2.01E+11,3,additions alterations or repairs,2007-01-08T00:00:00.000,1524,37,5625,Geary,Bl,"tenant improvements include dropping portion of ceiling, elec. & plumbing work for equipment related to retail sales of baked goods & sandwiches. no commercial baking to be done in space.",complete,2007-10-18T00:00:00.000,2007-01-08T00:00:00.000,2007-02-27T00:00:00.000,2007-08-27T00:00:00.000Z,8000,10000,food/beverage hndlng,retail sales,2,1,Outer Richmond,94121,"{'latitude': '37.77999978422312', 'longitude': '-122.47998239433109', 'human_address': '{""address"": """", ""city"": """", ""state"": """", ""zip"": """"}'}",1.08E+12,,1,1,0,0,5,wood frame (5),5,wood frame (5),2007-10-18T00:00:00.000,,,,,
5ea1d733eabbc96ff8ab0489,2.01E+11,8,otc alterations permit,2007-01-08T00:00:00.000,1251,1,701,Cole,St,reroofing,complete,2007-01-31T00:00:00.000,2007-01-08T00:00:00.000,2007-01-08T00:00:00.000,2007-05-08T00:00:00.000Z,4000,4000,apartments,apartments,0,5,Haight Ashbury,94117,"{'latitude': '37.76843448650126', 'longitude': '-122.45075761063231', 'human_address': '{""address"": """", ""city"": """", ""state"": """", ""zip"": """"}'}",1.08E+11,,,,,,,,,,2007-01-31T00:00:00.000,,,,,
5ea1d733eabbc96ff8ab048a,2.01E+11,3,additions alterations or repairs,2007-01-08T00:00:00.000,6561,19,4384,Cesar Chavez,St,new deck and replacement stairs at rear of house.,complete,2007-07-18T00:00:00.000,2007-01-08T00:00:00.000,2007-05-08T00:00:00.000,2007-11-08T00:00:00.000Z,13372.7,13372,1 family dwelling,1 family dwelling,2,8,Noe Valley,94131,"{'latitude': '37.747243998838805', 'longitude': '-122.43777084309289', 'human_address': '{""address"": """", ""city"": """", ""state"": """", ""zip"": """"}'}",1.08E+12,,2,2,1,1,5,wood frame (5),5,wood frame (5),2007-07-18T00:00:00.000,Y,,,,
5ea1d733eabbc96ff8ab048b,2.01E+11,7,wall or painted sign,2007-01-08T00:00:00.000,1524,37,5625,Geary,Bl,erect painted sign.,complete,2007-10-18T00:00:00.000,2007-01-08T00:00:00.000,2007-01-09T00:00:00.000,2007-05-09T00:00:00.000Z,300,,,,2,1,Outer Richmond,94121,"{'latitude': '37.77999978422312', 'longitude': '-122.47998239433109', 'human_address': '{""address"": """", ""city"": """", ""state"": """", ""zip"": """"}'}",1.08E+12,,,,,,,,,,2007-10-18T00:00:00.000,,,,,
5ea1d733eabbc96ff8ab048c,2.01E+11,8,otc alterations permit,2007-01-08T00:00:00.000,3046,12,125,San Felipe,Av,revision to 200602084072 - to add one window at front facade and one window at side (north) facade.,complete,2007-05-25T00:00:00.000,2007-01-08T00:00:00.000,2007-01-08T00:00:00.000,2007-05-08T00:00:00.000Z,1200,1200,1 family dwelling,1 family dwelling,2,7,West of Twin Peaks,94127,"{'latitude': '37.731534253936516', 'longitude': '-122.46274719997604', 'human_address': '{""address"": """", ""city"": """", ""state"": """", ""zip"": """"}'}",1.08E+12,,3,3,1,1,5,wood frame (5),5,wood frame (5),2007-05-25T00:00:00.000,,,,,
5ea1d733eabbc96ff8ab048d,2.01E+11,8,otc alterations permit,2007-01-08T00:00:00.000,808,5,401,Gough,St,"replace glass and repair base of them because there are some dry rot. elimination of handrail, installation of (n) handrail.",complete,2007-02-07T00:00:00.000,2007-01-08T00:00:00.000,2007-01-08T00:00:00.000,2007-07-08T00:00:00.000Z,8000,8000,apartments,apartments,2,5,Hayes Valley,94102,"{'latitude': '37.777077916850445', 'longitude': '-122.4231850467484', 'human_address': '{""address"": """", ""city"": """", ""state"": """", ""zip"": """"}'}",1.08E+12,0,4,4,30,30,5,wood frame (5),5,wood frame (5),2007-02-07T00:00:00.000,,,,,
5ea1d733eabbc96ff8ab048e,2.01E+11,8,otc alterations permit,2007-01-08T00:00:00.000,7546,102,105,Addison,St,renew for final 200605040781,complete,2007-01-24T00:00:00.000,2007-01-08T00:00:00.000,2007-01-09T00:00:00.000,2007-05-09T00:00:00.000Z,1,1,apartments,apartments,0,8,Glen Park,94131,"{'latitude': '37.73731250817515', 'longitude': '-122.4315896633941', 'human_address': '{""address"": """", ""city"": """", ""state"": """", ""zip"": """"}'}",1.08E+12,,2,2,4,4,5,wood frame (5),5,wood frame (5),2007-01-24T00:00:00.000,,,,,
5ea1d733eabbc96ff8ab048f,2.01E+11,8,otc alterations permit,2007-01-08T00:00:00.000,7546,102,117,Addison,St,renew for final 200605040781,complete,2007-01-24T00:00:00.000,2007-01-08T00:00:00.000,2007-01-09T00:00:00.000,2007-05-09T00:00:00.000Z,1,1,apartments,apartments,0,8,Glen Park,94131,"{'latitude': '37.73731250817515', 'longitude': '-122.4315896633941', 'human_address': '{""address"": """", ""city"": """", ""state"": """", ""zip"": """"}'}",1.08E+12,,2,2,4,4,5,wood frame (5),5,wood frame (5),2007-01-24T00:00:00.000,,,,,
5ea1d733eabbc96ff8ab0490,2.01E+11,8,otc alterations permit,2007-01-08T00:00:00.000,7546,102,57,Addison,St,renew for final 200605080643,complete,2007-01-23T00:00:00.000,2007-01-08T00:00:00.000,2007-01-09T00:00:00.000,2007-05-09T00:00:00.000Z,1,1,apartments,apartments,0,8,Glen Park,94131,"{'latitude': '37.73731250817515', 'longitude': '-122.4315896633941', 'human_address': '{""address"": """", ""city"": """", ""state"": """", ""zip"": """"}'}",1.08E+12,,2,2,4,4,5,wood frame (5),5,wood frame (5),2007-01-23T00:00:00.000,,,,,
5ea1d733eabbc96ff8ab0491,2.01E+11,8,otc alterations permit,2007-01-08T00:00:00.000,7546,102,69,Addison,St,renew for final 200605080643,complete,2007-01-23T00:00:00.000,2007-01-08T00:00:00.000,2007-01-09T00:00:00.000,2007-05-09T00:00:00.000Z,1,1,apartments,apartments,0,8,Glen Park,94131,"{'latitude': '37.73731250817515', 'longitude': '-122.4315896633941', 'human_address': '{""address"": """", ""city"": """", ""state"": """", ""zip"": """"}'}",1.08E+12,,2,2,4,4,5,wood frame (5),5,wood frame (5),2007-01-23T00:00:00.000,,,,,
5ea1d733eabbc96ff8ab0492,2.01E+11,8,otc alterations permit,2007-01-08T00:00:00.000,7546,102,41,Addison,St,renew for final 200605040764,complete,2007-01-23T00:00:00.000,2007-01-08T00:00:00.000,2007-01-09T00:00:00.000,2007-05-09T00:00:00.000Z,1,1,apartments,apartments,0,8,Glen Park,94131,"{'latitude': '37.73731250817515', 'longitude': '-122.4315896633941', 'human_address': '{""address"": """", ""city"": """", ""state"": """", ""zip"": """"}'}",1.08E+12,,2,2,4,4,5,wood frame (5),5,wood frame (5),2007-01-23T00:00:00.000,,,,,
5ea1d733eabbc96ff8ab0493,2.01E+11,8,otc alterations permit,2007-01-08T00:00:00.000,7546,102,53,Addison,St,renew for final 200605040764,complete,2007-01-23T00:00:00.000,2007-01-08T00:00:00.000,2007-01-09T00:00:00.000,2007-05-09T00:00:00.000Z,1,1,apartments,apartments,0,8,Glen Park,94131,"{'latitude': '37.73731250817515', 'longitude': '-122.4315896633941', 'human_address': '{""address"": """", ""city"": """", ""state"": """", ""zip"": """"}'}",1.08E+12,,2,2,4,4,5,wood frame (5),5,wood frame (5),2007-01-23T00:00:00.000,,,,,
5ea1d733eabbc96ff8ab0494,2.01E+11,8,otc alterations permit,2007-01-08T00:00:00.000,7555,101,341,Arbor,St,renew for final 200610216268,complete,2007-02-01T00:00:00.000,2007-01-08T00:00:00.000,2007-01-09T00:00:00.000,2007-05-09T00:00:00.000Z,1,1,apartments,apartments,0,8,Glen Park,94131,"{'latitude': '37.737505895880645', 'longitude': '-122.43899380525221', 'human_address': '{""address"": """", ""city"": """", ""state"": """", ""zip"": """"}'}",1.08E+12,,2,2,4,4,5,wood frame (5),5,wood frame (5),2007-02-01T00:00:00.000,,,,,
5ea1d733eabbc96ff8ab0495,2.01E+11,8,otc alterations permit,2007-01-08T00:00:00.000,7555,101,359,Arbor,St,renew for final 200610216268,complete,2007-02-01T00:00:00.000,2007-01-08T00:00:00.000,2007-01-09T00:00:00.000,2007-05-09T00:00:00.000Z,1,1,apartments,apartments,0,8,Glen Park,94131,"{'latitude': '37.737505895880645', 'longitude': '-122.43899380525221', 'human_address': '{""address"": """", ""city"": """", ""state"": """", ""zip"": """"}'}",1.08E+12,,2,2,4,4,5,wood frame (5),5,wood frame (5),2007-02-01T00:00:00.000,,,,,
5ea1d733eabbc96ff8ab0496,2.01E+11,8,otc alterations permit,2007-01-08T00:00:00.000,7551,102,254,Moreland,St,renew for final 200605030544,complete,2007-02-01T00:00:00.000,2007-01-08T00:00:00.000,2007-01-09T00:00:00.000,2007-05-09T00:00:00.000Z,1,1,apartments,apartments,0,8,Glen Park,94131,"{'latitude': '37.73886881019352', 'longitude': '-122.43579174541675', 'human_address': '{""address"": """", ""city"": """", ""state"": """", ""zip"": """"}'}",1.08E+12,,2,2,7,7,5,wood frame (5),5,wood frame (5),2007-02-01T00:00:00.000,,,,,
5ea1d733eabbc96ff8ab0497,2.01E+11,8,otc alterations permit,2007-01-08T00:00:00.000,7551,102,290,Moreland,St,renew for final 200605030544,complete,2007-02-01T00:00:00.000,2007-01-08T00:00:00.000,2007-01-09T00:00:00.000,2007-05-09T00:00:00.000Z,1,1,apartments,apartments,0,8,Glen Park,94131,"{'latitude': '37.73886881019352', 'longitude': '-122.43579174541675', 'human_address': '{""address"": """", ""city"": """", ""state"": """", ""zip"": """"}'}",1.08E+12,,2,2,7,7,5,wood frame (5),5,wood frame (5),2007-02-01T00:00:00.000,,,,,
5ea1d733eabbc96ff8ab0498,2.01E+11,8,otc alterations permit,2007-01-08T00:00:00.000,7555,101,365,Arbor,St,renew for final 200510216288,complete,2007-01-26T00:00:00.000,2007-01-08T00:00:00.000,2007-01-09T00:00:00.000,2007-05-09T00:00:00.000Z,1,1,apartments,apartments,0,8,Glen Park,94131,"{'latitude': '37.737505895880645', 'longitude': '-122.43899380525221', 'human_address': '{""address"": """", ""city"": """", ""state"": """", ""zip"": """"}'}",1.08E+12,,2,2,6,6,5,wood frame (5),5,wood frame (5),2007-01-26T00:00:00.000,,,,,
5ea1d733eabbc96ff8ab0499,2.01E+11,8,otc alterations permit,2007-01-08T00:00:00.000,7555,101,393,Arbor,St,renew for final 200510216288,complete,2007-01-26T00:00:00.000,2007-01-08T00:00:00.000,2007-01-09T00:00:00.000,2007-05-09T00:00:00.000Z,1,1,apartments,apartments,0,8,Glen Park,94131,"{'latitude': '37.737505895880645', 'longitude': '-122.43899380525221', 'human_address': '{""address"": """", ""city"": """", ""state"": """", ""zip"": """"}'}",1.08E+12,0,2,2,6,6,5,wood frame (5),5,wood frame (5),2007-01-26T00:00:00.000,,,,,
5ea1d733eabbc96ff8ab049a,2.01E+11,8,otc alterations permit,2007-01-08T00:00:00.000,7546,102,25,Addison,St,renew for final 200605080943,complete,2007-01-23T00:00:00.000,2007-01-08T00:00:00.000,2007-01-09T00:00:00.000,2007-05-09T00:00:00.000Z,1,1,apartments,apartments,0,8,Glen Park,94131,"{'latitude': '37.73731250817515', 'longitude': '-122.4315896633941', 'human_address': '{""address"": """", ""city"": """", ""state"": """", ""zip"": """"}'}",1.08E+12,0,2,2,4,4,5,wood frame (5),5,wood frame (5),2007-01-23T00:00:00.000,,,,,
5ea1d733eabbc96ff8ab049b,2.01E+11,8,otc alterations permit,2007-01-08T00:00:00.000,7546,102,37,Addison,St,renew for final 200605080943,complete,2007-01-23T00:00:00.000,2007-01-08T00:00:00.000,2007-01-09T00:00:00.000,2007-05-09T00:00:00.000Z,1,1,apartments,apartments,0,8,Glen Park,94131,"{'latitude': '37.73731250817515', 'longitude': '-122.4315896633941', 'human_address': '{""address"": """", ""city"": """", ""state"": """", ""zip"": """"}'}",1.08E+12,,2,2,4,4,5,wood frame (5),5,wood frame (5),2007-01-23T00:00:00.000,,,,,
5ea1d733eabbc96ff8ab049c,2.01E+11,3,additions alterations or repairs,2007-01-08T00:00:00.000,124,33,2152,Larkin,St,"combine (e) commercial unit with (e) residential unit and upgrade foundation, remodel entire building for a resulting two level residential unit.",complete,2007-12-03T00:00:00.000,2007-01-08T00:00:00.000,2007-03-21T00:00:00.000,2008-03-21T00:00:00.000Z,75000,75000,office,1 family dwelling,2,3,Russian Hill,94109,"{'latitude': '37.797856205649545', 'longitude': '-122.42019713789395', 'human_address': '{""address"": """", ""city"": """", ""state"": """", ""zip"": """"}'}",1.09E+11,,2,2,1,1,5,wood frame (5),5,wood frame (5),2007-12-03T00:00:00.000,,,,,
5ea1d733eabbc96ff8ab049d,2.01E+11,3,additions alterations or repairs,2007-01-08T00:00:00.000,124,33,2154,Larkin,St,"combine (e) commercial unit with (e) residential unit and upgrade foundation, remodel entire building for a resulting two level residential unit.",complete,2007-12-03T00:00:00.000,2007-01-08T00:00:00.000,2007-03-21T00:00:00.000,2008-03-21T00:00:00.000Z,75000,75000,office,1 family dwelling,2,3,Russian Hill,94109,"{'latitude': '37.797856205649545', 'longitude': '-122.42019713789395', 'human_address': '{""address"": """", ""city"": """", ""state"": """", ""zip"": """"}'}",1.09E+12,,2,2,1,1,5,wood frame (5),5,wood frame (5),2007-12-03T00:00:00.000,,,,,
5ea1d733eabbc96ff8ab049e,2.01E+11,8,otc alterations permit,2007-01-08T00:00:00.000,4217,17,1275,Rhode Island,St,"remodel of existing kitchen, fixtures and finishes. work to be done in 1275a only. no sructural work. new floor, new cabinets, neew drywall, all flourescent lighting in kitchen.",expired,2008-10-27T00:00:00.000,2007-01-08T00:00:00.000,2007-01-08T00:00:00.000,2007-07-08T00:00:00.000Z,10000,10000,apartments,apartments,0,10,Potrero Hill,94107,"{'latitude': '37.75364171935237', 'longitude': '-122.4011888184814', 'human_address': '{""address"": """", ""city"": """", ""state"": """", ""zip"": """"}'}",1.15E+12,,3,3,3,3,5,wood frame (5),5,wood frame (5),,,,A,,
5ea1d734eabbc96ff8ab049f,M53403,8,otc alterations permit,2007-01-09T00:00:00.000,3637,20,3282,23rd,St,sidewalk permit,issued,2007-01-09T00:00:00.000,2007-01-09T00:00:00.000,2007-01-09T00:00:00.000,,,0,,,,9,Mission,94110,"{'latitude': '37.754000284958515', 'longitude': '-122.41825362317647', 'human_address': '{""address"": """", ""city"": """", ""state"": """", ""zip"": """"}'}",1.08E+12,,,,,,,,,,,,,,,
5ea1d734eabbc96ff8ab04a0,2.01E+11,8,otc alterations permit,2007-01-09T00:00:00.000,5676,12,73,Holly Park,Cr,reroofing,complete,2007-01-16T00:00:00.000,2007-01-09T00:00:00.000,2007-01-09T00:00:00.000,2007-07-09T00:00:00.000Z,10000,10000,1 family dwelling,1 family dwelling,0,9,Bernal Heights,94110,"{'latitude': '37.738432928642624', 'longitude': '-122.41942801134961', 'human_address': '{""address"": """", ""city"": """", ""state"": """", ""zip"": """"}'}",1.08E+12,,,,,,,,,,2007-01-16T00:00:00.000,,,,,
5ea1d734eabbc96ff8ab04a1,2.01E+11,3,additions alterations or repairs,2007-01-09T00:00:00.000,5523,7,3240,Folsom,St,"new beam, posts and foundation. replace existing storefront with new design for energy eff. new vestibule entry proposed.",complete,2008-06-23T00:00:00.000,2007-01-09T00:00:00.000,2007-06-19T00:00:00.000,2008-06-19T00:00:00.000Z,40000,40000,1 family dwelling,1 family dwelling,2,9,Bernal Heights,94110,"{'latitude': '37.74629885482387', 'longitude': '-122.41376893070242', 'human_address': '{""address"": """", ""city"": """", ""state"": """", ""zip"": """"}'}",1.08E+12,,2,2,1,1,5,wood frame (5),5,wood frame (5),2008-06-23T00:00:00.000,,,,,
5ea1d734eabbc96ff8ab04a2,2.01E+11,8,otc alterations permit,2007-01-09T00:00:00.000,150,1,1001,Vallejo,St,"install new closets/cabinets his&hers. replace exist dryrot window & french doors with new of master bedroom. take out exist zero clearence fireplace.install new fixtures & cabinets in master bathroom.install new sheetrock, trim, door, paint etc as needed. on 3rd floor. no structural work.",expired,2009-03-17T00:00:00.000,2007-01-09T00:00:00.000,2007-01-09T00:00:00.000,2007-07-09T00:00:00.000Z,10000,10000,1 family dwelling,1 family dwelling,0,3,Nob Hill,94133,"{'latitude': '37.797690134141064', 'longitude': '-122.4139586712082', 'human_address': '{""address"": """", ""city"": """", ""state"": """", ""zip"": """"}'}",1.08E+12,0,4,4,1,1,5,wood frame (5),5,wood frame (5),,,,,,
5ea1d734eabbc96ff8ab04a3,2.01E+11,8,otc alterations permit,2007-01-09T00:00:00.000,8706,1,255,King,St,altheration to existing fire sprinkler system for fury tales at 225 king st,complete,2007-04-20T00:00:00.000,2007-01-09T00:00:00.000,2007-01-09T00:00:00.000,2007-05-09T00:00:00.000Z,3000,3000,food/beverage hndlng,food/beverage hndlng,2,,,,,1.08E+12,,1,1,0,0,3,constr type 3,3,constr type 3,2007-04-20T00:00:00.000,,,,,
5ea1d734eabbc96ff8ab04a4,2.01E+11,8,otc alterations permit,2007-01-09T00:00:00.000,1732,38,1230,19th,Av,install fire alarm system to new building.,complete,2008-01-25T00:00:00.000,2007-01-09T00:00:00.000,2007-01-09T00:00:00.000,2007-07-09T00:00:00.000Z,8000,8000,apartments,apartments,2,4,Inner Sunset,94122,"{'latitude': '37.76475098897441', 'longitude': '-122.476879531183', 'human_address': '{""address"": """", ""city"": """", ""state"": """", ""zip"": """"}'}",1.08E+12,,4,4,3,3,5,wood frame (5),5,wood frame (5),2008-01-25T00:00:00.000,,,,,
5ea1d734eabbc96ff8ab04a5,2.01E+11,8,otc alterations permit,2007-01-09T00:00:00.000,1732,38,1230,19th,Av,install fire alarm system to new building.,complete,2008-01-25T00:00:00.000,2007-01-09T00:00:00.000,2007-01-09T00:00:00.000,2007-07-09T00:00:00.000Z,8000,8000,apartments,apartments,2,4,Inner Sunset,94122,"{'latitude': '37.76475098897441', 'longitude': '-122.476879531183', 'human_address': '{""address"": """", ""city"": """", ""state"": """", ""zip"": """"}'}",1.08E+12,,4,4,3,3,5,wood frame (5),5,wood frame (5),2008-01-25T00:00:00.000,,,A,,
5ea1d734eabbc96ff8ab04a6,2.01E+11,8,otc alterations permit,2007-01-09T00:00:00.000,1732,38,1230,19th,Av,install fire alarm system to new building.,complete,2008-01-25T00:00:00.000,2007-01-09T00:00:00.000,2007-01-09T00:00:00.000,2007-07-09T00:00:00.000Z,8000,8000,apartments,apartments,2,4,Inner Sunset,94122,"{'latitude': '37.76475098897441', 'longitude': '-122.476879531183', 'human_address': '{""address"": """", ""city"": """", ""state"": """", ""zip"": """"}'}",1.08E+12,,4,4,3,3,5,wood frame (5),5,wood frame (5),2008-01-25T00:00:00.000,,,B,,
5ea1d734eabbc96ff8ab04a7,2.01E+11,8,otc alterations permit,2007-01-09T00:00:00.000,3735,59,201,03rd,St,"10th floor - addition/relocation of fire alarm devices to existing fire alarm panel i.i. on the 10th floor. 3 smokes, 16 speakers, 18 strobes.",complete,2007-06-15T00:00:00.000,2007-01-09T00:00:00.000,2007-01-09T00:00:00.000,2007-07-09T00:00:00.000Z,7100,7100,office,office,2,6,Financial District/South Beach,94105,"{'latitude': '37.78505019968743', 'longitude': '-122.39981703570176', 'human_address': '{""address"": """", ""city"": """", ""state"": """", ""zip"": """"}'}",1.08E+12,,12,12,0,0,1,constr type 1,1,constr type 1,2007-06-15T00:00:00.000,,,,,
5ea1d734eabbc96ff8ab04a8,2.01E+11,8,otc alterations permit,2007-01-09T00:00:00.000,3501,2,30,Guerrero,St,install fire alarm system to new building.,issued,2007-01-09T00:00:00.000,2007-01-09T00:00:00.000,2007-01-09T00:00:00.000,2007-07-09T00:00:00.000Z,8000,8000,apartments,apartments,2,8,Mission,94103,"{'latitude': '37.770149558214804', 'longitude': '-122.4249916224382', 'human_address': '{""address"": """", ""city"": """", ""state"": """", ""zip"": """"}'}",1.08E+12,,4,4,3,3,5,wood frame (5),5,wood frame (5),,,,,,
5ea1d734eabbc96ff8ab04a9,2.01E+11,8,otc alterations permit,2007-01-09T00:00:00.000,3788,44,680,02nd,St,install preaction defection and notification devices to 2nd floor server room #211. pre-action riser located in room 206. 200611147579,complete,2007-07-24T00:00:00.000,2007-01-09T00:00:00.000,2007-01-09T00:00:00.000,2007-05-09T00:00:00.000Z,1000,1000,office,office,2,6,Financial District/South Beach,94107,"{'latitude': '37.78069682790208', 'longitude': '-122.39123177386239', 'human_address': '{""address"": """", ""city"": """", ""state"": """", ""zip"": """"}'}",1.08E+12,,5,5,0,0,4,constr type 4,4,constr type 4,2007-07-24T00:00:00.000,,,,,
5ea1d734eabbc96ff8ab04aa,2.01E+11,8,otc alterations permit,2007-01-09T00:00:00.000,238,1,275,Battery,St,"oti-4 8th floor, ls.",complete,2007-01-18T00:00:00.000,2007-01-09T00:00:00.000,2007-01-09T00:00:00.000,2007-07-09T00:00:00.000Z,10000,10000,office,office,2,3,Financial District/South Beach,94104,"{'latitude': '37.79386287007624', 'longitude': '-122.40037373607429', 'human_address': '{""address"": """", ""city"": """", ""state"": """", ""zip"": """"}'}",1.08E+12,0,30,30,0,0,1,constr type 1,1,constr type 1,2007-01-18T00:00:00.000,,,,,
5ea1d734eabbc96ff8ab04ab,2.01E+11,8,otc alterations permit,2007-01-09T00:00:00.000,288,31,101,Montgomery,St,"install l/s system modifications at 101 montgomery street, 25th fl, smug. dual sync moduile, stock powerr supply, smoke detectors, ceiling mounted speakers/strobes, ceiling mounted speakers, wall mounted, multi-candela strobes, manual pull station & duct detector.",complete,2007-03-20T00:00:00.000,2007-01-09T00:00:00.000,2007-01-09T00:00:00.000,2007-07-09T00:00:00.000Z,22000,22000,office,office,2,3,Financial District/South Beach,94104,"{'latitude': '37.7904273103482', 'longitude': '-122.4024849891295', 'human_address': '{""address"": """", ""city"": """", ""state"": """", ""zip"": """"}'}",1.08E+11,,28,28,0,0,1,constr type 1,1,constr type 1,2007-03-20T00:00:00.000,,,,,
5ea1d734eabbc96ff8ab04ac,2.01E+11,8,otc alterations permit,2007-01-09T00:00:00.000,235,22,50,California,St,replace fan control panel in lobby.,expired,2008-03-10T00:00:00.000,2007-01-09T00:00:00.000,2007-01-09T00:00:00.000,2007-07-09T00:00:00.000Z,25000,25000,office,office,2,3,Financial District/South Beach,94111,"{'latitude': '37.79404266584037', 'longitude': '-122.39735993086317', 'human_address': '{""address"": """", ""city"": """", ""state"": """", ""zip"": """"}'}",1.08E+11,,37,37,0,0,1,constr type 1,1,constr type 1,,,,,,
5ea1d734eabbc96ff8ab04ad,2.01E+11,8,otc alterations permit,2007-01-09T00:00:00.000,3708,29,71,Stevenson,St,update fire alarm/speaker-speaker/strobe coverage in the suite 1510 to meet new layout,complete,2007-07-20T00:00:00.000,2007-01-09T00:00:00.000,2007-01-09T00:00:00.000,2007-07-09T00:00:00.000Z,17000,17000,office,office,2,6,Financial District/South Beach,94105,"{'latitude': '37.789151538080056', 'longitude': '-122.39974336319945', 'human_address': '{""address"": """", ""city"": """", ""state"": """", ""zip"": """"}'}",1.08E+12,,23,23,0,0,1,constr type 1,1,constr type 1,2007-07-20T00:00:00.000,,,,,
5ea1d734eabbc96ff8ab04ae,2.01E+11,8,otc alterations permit,2007-01-09T00:00:00.000,3717,21,150,Spear,St,"as builts per field inspector. revised  circuuitry from three visual circuits down to two visual circuits, 14th fl",complete,2007-09-12T00:00:00.000,2007-01-09T00:00:00.000,2007-01-09T00:00:00.000,2007-05-09T00:00:00.000Z,1,1,office,office,2,6,Financial District/South Beach,94105,"{'latitude': '37.79175339067497', 'longitude': '-122.39361386013451', 'human_address': '{""address"": """", ""city"": """", ""state"": """", ""zip"": """"}'}",1.08E+12,,17,17,0,0,1,constr type 1,1,constr type 1,2007-09-12T00:00:00.000,,,,,
5ea1d734eabbc96ff8ab04af,2.01E+11,8,otc alterations permit,2007-01-09T00:00:00.000,288,32,333,Bush,St,"oti-3, acheive global, 15th floor, ls.",complete,2007-05-30T00:00:00.000,2007-01-09T00:00:00.000,2007-01-09T00:00:00.000,2007-05-09T00:00:00.000Z,4000,4000,office,office,2,3,Financial District/South Beach,94108,"{'latitude': '37.79057472898199', 'longitude': '-122.4031096060195', 'human_address': '{""address"": """", ""city"": """", ""state"": """", ""zip"": """"}'}",1.08E+12,,44,44,0,0,1,constr type 1,1,constr type 1,2007-05-30T00:00:00.000,,,,,
5ea1d734eabbc96ff8ab04b0,2.01E+11,8,otc alterations permit,2007-01-09T00:00:00.000,208,26,601,Montgomery,St,"fire alarm t.i. for all capital on 3/f (partial floor tenant). 1 addressable relay, 3 smoke, 1 duct detector, 5 strobes, 6 speakers.",complete,2007-03-15T00:00:00.000,2007-01-09T00:00:00.000,2007-01-09T00:00:00.000,2007-07-09T00:00:00.000Z,8725.5,8725.5,office,office,2,3,Chinatown,94111,"{'latitude': '37.794836064028274', 'longitude': '-122.40352689641819', 'human_address': '{""address"": """", ""city"": """", ""state"": """", ""zip"": """"}'}",1.08E+11,,20,20,0,0,1,constr type 1,1,constr type 1,2007-03-15T00:00:00.000,,,,,
5ea1d734eabbc96ff8ab04b1,2.01E+11,8,otc alterations permit,2007-01-09T00:00:00.000,288,33,333,Bush,St,isolate fireman's phonejack riser.,complete,2007-04-23T00:00:00.000,2007-01-09T00:00:00.000,2007-01-09T00:00:00.000,2007-07-09T00:00:00.000Z,20000,20000,office,office,2,3,Financial District/South Beach,94108,"{'latitude': '37.79057472898199', 'longitude': '-122.4031096060195', 'human_address': '{""address"": """", ""city"": """", ""state"": """", ""zip"": """"}'}",1.08E+11,,44,44,16,16,1,constr type 1,1,constr type 1,2007-04-23T00:00:00.000,,,,,
5ea1d734eabbc96ff8ab04b2,2.01E+11,8,otc alterations permit,2007-01-09T00:00:00.000,3717,21,150,Spear,St,"addition jof fire alarm devices for 10th floor, 17- strobes, 5-speakers, 2 smoke dectorrs, 2 control module.",complete,2007-08-21T00:00:00.000,2007-01-09T00:00:00.000,2007-01-09T00:00:00.000,2007-07-09T00:00:00.000Z,8000,8000,office,office,2,6,Financial District/South Beach,94105,"{'latitude': '37.79175339067497', 'longitude': '-122.39361386013451', 'human_address': '{""address"": """", ""city"": """", ""state"": """", ""zip"": """"}'}",1.08E+12,,17,17,0,0,1,constr type 1,1,constr type 1,2007-08-21T00:00:00.000,,,,,
5ea1d734eabbc96ff8ab04b3,M53362,8,otc alterations permit,2007-01-09T00:00:00.000,798,8,924,Grove,St,streetspace,issued,2007-01-09T00:00:00.000,2007-01-09T00:00:00.000,2007-01-09T00:00:00.000,,,0,,,,5,Hayes Valley,94117,"{'latitude': '37.77694524405894', 'longitude': '-122.4319717123063', 'human_address': '{""address"": """", ""city"": """", ""state"": """", ""zip"": """"}'}",1.08E+11,,,,,,,,,,,,,,,
5ea1d734eabbc96ff8ab04b4,2.01E+11,8,otc alterations permit,2007-01-09T00:00:00.000,479,1,2975,Van Ness,Av,"work @ unit# 1 only. 1 kitchen: upgrade kitchen cab, kitchen sink, flooring & counters. 1 bathroom: upgrade bath tub tiled walls, flooring & plumbing fixtures. in kind. if lighting fixtures being replaced. kitchen 1/2 of wattage to be fluorescent. bathroom to be fluorescant or on occupant sensor.",complete,2007-02-08T00:00:00.000,2007-01-09T00:00:00.000,2007-01-09T00:00:00.000,2007-07-09T00:00:00.000Z,13500,13500,apartments,apartments,0,2,Marina,94123,"{'latitude': '37.80301146358324', 'longitude': '-122.42529094050897', 'human_address': '{""address"": """", ""city"": """", ""state"": """", ""zip"": """"}'}",1.08E+11,,3,3,21,21,5,wood frame (5),5,wood frame (5),2007-02-08T00:00:00.000,,,,,
5ea1d734eabbc96ff8ab04b5,2.01E+11,8,otc alterations permit,2007-01-09T00:00:00.000,1529,34,446,16th,Av,"remove & replace 6 windows: 1 casement & 5 double hung. all replacements. are wood & like for like replacements, no change in the size or location of the opening. at front .67 factor min.",issued,2007-01-09T00:00:00.000,2007-01-09T00:00:00.000,2007-01-09T00:00:00.000,2007-07-09T00:00:00.000Z,11552,11552,1 family dwelling,1 family dwelling,0,1,Outer Richmond,94118,"{'latitude': '37.77958527673871', 'longitude': '-122.47470044709362', 'human_address': '{""address"": """", ""city"": """", ""state"": """", ""zip"": """"}'}",1.08E+12,,2,2,1,1,5,wood frame (5),5,wood frame (5),,,,,,
5ea1d734eabbc96ff8ab04b6,M53363,8,otc alterations permit,2007-01-09T00:00:00.000,1241,1,1007,Haight,St,street space,issued,2007-01-09T00:00:00.000,2007-01-09T00:00:00.000,2007-01-09T00:00:00.000,,,0,,,,5,Haight Ashbury,94117,"{'latitude': '37.770810677922334', 'longitude': '-122.4389197751698', 'human_address': '{""address"": """", ""city"": """", ""state"": """", ""zip"": """"}'}",10793582383,,,,,,,,,,,,,,,
5ea1d734eabbc96ff8ab04b7,M53367,8,otc alterations permit,2007-01-09T00:00:00.000,6247,13,156,Leland,Av,sidewalk permit only.,issued,2007-01-09T00:00:00.000,2007-01-09T00:00:00.000,2007-01-09T00:00:00.000,,,0,,,,10,Visitacion Valley,94134,"{'latitude': '37.7125087366219', 'longitude': '-122.40648054207259', 'human_address': '{""address"": """", ""city"": """", ""state"": """", ""zip"": """"}'}",1.08E+12,,,,,,,,,,,,,,,
5ea1d734eabbc96ff8ab04b8,2.01E+11,8,otc alterations permit,2007-01-09T00:00:00.000,0436E,20,3670,Fillmore,St,"work in unit #5- install 5 vinyl windows in kind into existing frames. no change in size or location. windows do not face street. if applicable,  bedroom windows will comply with section 310.4 for rescue. all windows will be double pane and have a u-factor of .30.",issued,2007-01-09T00:00:00.000,2007-01-09T00:00:00.000,2007-01-09T00:00:00.000,2007-05-09T00:00:00.000Z,2375,2375,apartments,apartments,0,2,Marina,94123,"{'latitude': '37.80401532910961', 'longitude': '-122.43658939948662', 'human_address': '{""address"": """", ""city"": """", ""state"": """", ""zip"": """"}'}",1.08E+11,,3,3,7,7,5,wood frame (5),5,wood frame (5),,,,,,
5ea1d734eabbc96ff8ab04b9,2.01E+11,8,otc alterations permit,2007-01-09T00:00:00.000,6550,8,16,Clipper,St,renew pa# 2006/07/03/5590 & pa# 2004/07/23/9655 for final inspection only.,complete,2007-09-13T00:00:00.000,2007-01-09T00:00:00.000,2007-01-09T00:00:00.000,2007-05-09T00:00:00.000Z,1,1,2 family dwelling,2 family dwelling,0,8,Noe Valley,94114,"{'latitude': '37.74953910488964', 'longitude': '-122.42542523511317', 'human_address': '{""address"": """", ""city"": """", ""state"": """", ""zip"": """"}'}",1.08E+12,,2,2,2,2,5,wood frame (5),5,wood frame (5),2007-09-13T00:00:00.000,,,,,
5ea1d734eabbc96ff8ab04ba,2.01E+11,8,otc alterations permit,2007-01-09T00:00:00.000,6550,8,18,Clipper,St,renew pa# 2006/07/03/5590 & pa# 2004/07/23/9655 for final inspection only.,complete,2007-09-13T00:00:00.000,2007-01-09T00:00:00.000,2007-01-09T00:00:00.000,2007-05-09T00:00:00.000Z,1,1,2 family dwelling,2 family dwelling,0,8,Noe Valley,94114,"{'latitude': '37.74953910488964', 'longitude': '-122.42542523511317', 'human_address': '{""address"": """", ""city"": """", ""state"": """", ""zip"": """"}'}",1.08E+12,,2,2,2,2,5,wood frame (5),5,wood frame (5),2007-09-13T00:00:00.000,,,,,
5ea1d734eabbc96ff8ab04bb,2.01E+11,8,otc alterations permit,2007-01-09T00:00:00.000,288,31,101,Montgomery,St,oti-2 25/f me,complete,2007-03-20T00:00:00.000,2007-01-09T00:00:00.000,2007-01-09T00:00:00.000,2008-01-09T00:00:00.000Z,60000,60000,office,office,2,3,Financial District/South Beach,94104,"{'latitude': '37.7904273103482', 'longitude': '-122.4024849891295', 'human_address': '{""address"": """", ""city"": """", ""state"": """", ""zip"": """"}'}",1.08E+11,,28,28,0,0,1,constr type 1,1,constr type 1,2007-03-20T00:00:00.000,,,,,
5ea1d734eabbc96ff8ab04bc,M53364,8,otc alterations permit,2007-01-09T00:00:00.000,1431,22,132,Clement,St,sidewalk permit only.,issued,2007-01-09T00:00:00.000,2007-01-09T00:00:00.000,2007-01-09T00:00:00.000,,,0,,,,1,Inner Richmond,94118,"{'latitude': '37.78336295546467', 'longitude': '-122.46077703744595', 'human_address': '{""address"": """", ""city"": """", ""state"": """", ""zip"": """"}'}",1.08E+11,,,,,,,,,,,,,,,
5ea1d734eabbc96ff8ab04bd,M53365,8,otc alterations permit,2007-01-09T00:00:00.000,1247,23,1677,Haight,St,sidewalk permit only.,issued,2007-01-09T00:00:00.000,2007-01-09T00:00:00.000,2007-01-09T00:00:00.000,,,0,,,,5,Haight Ashbury,94117,"{'latitude': '37.769358471292236', 'longitude': '-122.4501792520178', 'human_address': '{""address"": """", ""city"": """", ""state"": """", ""zip"": """"}'}",1.08E+11,,,,,,,,,,,,,,,
5ea1d734eabbc96ff8ab04be,M53365,8,otc alterations permit,2007-01-09T00:00:00.000,1247,23,1681,Haight,St,sidewalk permit only.,issued,2007-01-09T00:00:00.000,2007-01-09T00:00:00.000,2007-01-09T00:00:00.000,,,0,,,,5,Haight Ashbury,94117,"{'latitude': '37.769358471292236', 'longitude': '-122.4501792520178', 'human_address': '{""address"": """", ""city"": """", ""state"": """", ""zip"": """"}'}",1.08E+12,,,,,,,,,,,,,,,
5ea1d734eabbc96ff8ab04bf,2.01E+11,8,otc alterations permit,2007-01-09T00:00:00.000,1157,002A,1819,Golden Gate,Av,2 kitchen and 2 bathroom remodel apt#3 & 10. no structural work . no lighting work.,complete,2007-05-07T00:00:00.000,2007-01-09T00:00:00.000,2007-01-09T00:00:00.000,2007-07-09T00:00:00.000Z,24000,24000,apartments,apartments,0,5,Western Addition,94115,"{'latitude': '37.77823690321366', 'longitude': '-122.44055193530389', 'human_address': '{""address"": """", ""city"": """", ""state"": """", ""zip"": """"}'}",1.08E+12,,4,4,16,16,5,wood frame (5),5,wood frame (5),2007-05-07T00:00:00.000,,,,,
5ea1d734eabbc96ff8ab04c0,2.01E+11,8,otc alterations permit,2007-01-09T00:00:00.000,6551,4,1272,Dolores,St,to comply nov #200683342 (partial) - install 4 2xledger strong back on (e) post @ rear deck/stair as temporary shoring under direction of structural engineer pat buscovich. shoring to be removed after permanent fix under seperate permit.,issued,2007-01-09T00:00:00.000,2007-01-09T00:00:00.000,2007-01-09T00:00:00.000,2007-05-09T00:00:00.000Z,250,250,2 family dwelling,2 family dwelling,0,8,Noe Valley,94114,"{'latitude': '37.74901647528768', 'longitude': '-122.42526578375357', 'human_address': '{""address"": """", ""city"": """", ""state"": """", ""zip"": """"}'}",1.08E+12,,3,3,2,2,5,wood frame (5),5,wood frame (5),,,,,,
5ea1d734eabbc96ff8ab04c1,2.01E+11,8,otc alterations permit,2007-01-09T00:00:00.000,6551,4,1274,Dolores,St,to comply nov #200683342 (partial) - install 4 2xledger strong back on (e) post @ rear deck/stair as temporary shoring under direction of structural engineer pat buscovich. shoring to be removed after permanent fix under seperate permit.,issued,2007-01-09T00:00:00.000,2007-01-09T00:00:00.000,2007-01-09T00:00:00.000,2007-05-09T00:00:00.000Z,250,250,2 family dwelling,2 family dwelling,0,8,Noe Valley,94114,"{'latitude': '37.74901647528768', 'longitude': '-122.42526578375357', 'human_address': '{""address"": """", ""city"": """", ""state"": """", ""zip"": """"}'}",1.08E+12,,3,3,2,2,5,wood frame (5),5,wood frame (5),,,,,,
5ea1d734eabbc96ff8ab04c2,M53366,8,otc alterations permit,2007-01-09T00:00:00.000,179,010A,818,Jackson,St,street space,issued,2007-01-09T00:00:00.000,2007-01-09T00:00:00.000,2007-01-09T00:00:00.000,,,0,,,,3,Chinatown,94133,"{'latitude': '37.7959171279956', 'longitude': '-122.4086451446356', 'human_address': '{""address"": """", ""city"": """", ""state"": """", ""zip"": """"}'}",1.08E+11,,,,,,,,,,,,,,,
5ea1d734eabbc96ff8ab04c3,2.01E+11,8,otc alterations permit,2007-01-09T00:00:00.000,1105,26,100,Masonic,Av,new fire alarm system 1-3 floors,issued,2007-01-09T00:00:00.000,2007-01-09T00:00:00.000,2007-01-09T00:00:00.000,2007-07-09T00:00:00.000Z,6500,6500,nursing home lte 6,nursing home lte 6,2,2,Lone Mountain/USF,94118,"{'latitude': '37.78068531725114', 'longitude': '-122.44687919369679', 'human_address': '{""address"": """", ""city"": """", ""state"": """", ""zip"": """"}'}",1.08E+11,,3,3,0,0,2,constr type 2,2,constr type 2,,,,,,
5ea1d734eabbc96ff8ab04c4,2.01E+11,3,additions alterations or repairs,2007-01-09T00:00:00.000,3546,2,370,Valencia,St,"""as built"" drawings being submmitd per the direction of the sffd field inspector. all changes clouded in revised plans submitted (2) revised plan sets. (1)  original approved plan set app#20031208184455 thru 20031208185955.",complete,2007-04-23T00:00:00.000,2007-01-09T00:00:00.000,2007-03-06T00:00:00.000,2007-07-06T00:00:00.000Z,100,100,apartments,apartments,2,8,Mission,94103,"{'latitude': '37.7670971405869', 'longitude': '-122.42320933961997', 'human_address': '{""address"": """", ""city"": """", ""state"": """", ""zip"": """"}'}",1.08E+12,0,4,4,260,260,5,wood frame (5),5,wood frame (5),2007-04-23T00:00:00.000,,,,,
5ea1d734eabbc96ff8ab04c5,2.01E+11,3,additions alterations or repairs,2007-01-09T00:00:00.000,3546,2,390,Valencia,St,"""as built"" drawings being submmitd per the direction of the sffd field inspector. all changes clouded in revised plans submitted (2) revised plan sets. (1)  original approved plan set app#20031208184455 thru 20031208185955.",complete,2007-04-23T00:00:00.000,2007-01-09T00:00:00.000,2007-03-06T00:00:00.000,2007-07-06T00:00:00.000Z,100,100,apartments,apartments,2,8,Mission,94103,"{'latitude': '37.7670971405869', 'longitude': '-122.42320933961997', 'human_address': '{""address"": """", ""city"": """", ""state"": """", ""zip"": """"}'}",1.08E+12,,4,4,260,260,5,wood frame (5),5,wood frame (5),2007-04-23T00:00:00.000,,,,,
5ea1d734eabbc96ff8ab04c6,2.01E+11,8,otc alterations permit,2007-01-09T00:00:00.000,7549,10,210,Moffitt,St,"remodel existing kitchen and two bathrooms, replce some windows & doors windows not visible from street, windows u factor =0.42",complete,2007-08-07T00:00:00.000,2007-01-09T00:00:00.000,2007-01-09T00:00:00.000,2007-07-09T00:00:00.000Z,16000,19000,1 family dwelling,1 family dwelling,2,8,Glen Park,94131,"{'latitude': '37.73855822003928', 'longitude': '-122.43427017734508', 'human_address': '{""address"": """", ""city"": """", ""state"": """", ""zip"": """"}'}",1.08E+12,,3,3,1,1,5,wood frame (5),5,wood frame (5),2007-08-07T00:00:00.000,,,,,
5ea1d734eabbc96ff8ab04c7,2.01E+11,8,otc alterations permit,2007-01-09T00:00:00.000,289,5,120,Montgomery,St,install a voice message module onto the existing life safety system. this will allow the system to activate a pre-recorded warning/evacuation message automatically to the fire alarm speakers. no new field devices or electrical work is req with this project.,expired,2009-04-07T00:00:00.000,2007-01-09T00:00:00.000,2007-01-09T00:00:00.000,2007-07-09T00:00:00.000Z,6000,6000,office,office,2,3,Financial District/South Beach,94104,"{'latitude': '37.79034626108446', 'longitude': '-122.40185018922449', 'human_address': '{""address"": """", ""city"": """", ""state"": """", ""zip"": """"}'}",1.08E+11,,25,25,0,0,1,constr type 1,1,constr type 1,,,,,,
5ea1d734eabbc96ff8ab04c8,M53368,8,otc alterations permit,2007-01-09T00:00:00.000,221,32,1265,Clay,St,sidewalk permit only.,issued,2007-01-09T00:00:00.000,2007-01-09T00:00:00.000,2007-01-09T00:00:00.000,,,0,,,,3,Nob Hill,94108,"{'latitude': '37.79316037415538', 'longitude': '-122.41377493356613', 'human_address': '{""address"": """", ""city"": """", ""state"": """", ""zip"": """"}'}",1.08E+12,,,,,,,,,,,,,,,
5ea1d734eabbc96ff8ab04c9,M53369,8,otc alterations permit,2007-01-09T00:00:00.000,200,14,460,Davis,St,street space permit only.,issued,2007-01-09T00:00:00.000,2007-01-09T00:00:00.000,2007-01-09T00:00:00.000,,,0,,,,3,Financial District/South Beach,94111,"{'latitude': '37.79669693582685', 'longitude': '-122.39777129258873', 'human_address': '{""address"": """", ""city"": """", ""state"": """", ""zip"": """"}'}",1.08E+12,,,,,,,,,,,,,,,
5ea1d734eabbc96ff8ab04ca,2.01E+11,8,otc alterations permit,2007-01-09T00:00:00.000,3182,22,106,Edna,St,"replace 18' mudsill on north foundation. bolt mudsill on north foundation 3/4"" bolt 3/4 nut. /2"" washer 6"" from edge every 4'. 24 ft x4ft sheerwall on north garage wall  3/4"" penny nails 12' field & remove window on north east garage wall-replace siding in fill wall.",complete,2007-03-29T00:00:00.000,2007-01-09T00:00:00.000,2007-01-09T00:00:00.000,2007-05-09T00:00:00.000Z,1000,1000,1 family dwelling,1 family dwelling,0,7,West of Twin Peaks,94112,"{'latitude': '37.72766312661256', 'longitude': '-122.44627686117192', 'human_address': '{""address"": """", ""city"": """", ""state"": """", ""zip"": """"}'}",1.08E+12,,3,3,1,1,5,wood frame (5),5,wood frame (5),2007-03-29T00:00:00.000,,,,,
5ea1d734eabbc96ff8ab04cb,2.01E+11,8,otc alterations permit,2007-01-09T00:00:00.000,3633,19,1007,Guerrero,St,interior tenant improvement for an extg restaurant work included. add a restroom and service counter/cashier to comply with accessibility requirments. also provide access. entrance with a power door operator as required,complete,2007-02-15T00:00:00.000,2007-01-09T00:00:00.000,2007-01-09T00:00:00.000,2008-01-09T00:00:00.000Z,27950,27950,food/beverage hndlng,food/beverage hndlng,2,8,Mission,94110,"{'latitude': '37.754941013604814', 'longitude': '-122.4229300094842', 'human_address': '{""address"": """", ""city"": """", ""state"": """", ""zip"": """"}'}",1.08E+12,,2,2,4,4,5,wood frame (5),5,wood frame (5),2007-02-15T00:00:00.000,,,,,
5ea1d734eabbc96ff8ab04cc,M53370,8,otc alterations permit,2007-01-09T00:00:00.000,805,17,780,Hayes,St,sidewalk permit only.,issued,2007-01-09T00:00:00.000,2007-01-09T00:00:00.000,2007-01-09T00:00:00.000,,,0,,,,5,Hayes Valley,94102,"{'latitude': '37.776273943124366', 'longitude': '-122.4292539238226', 'human_address': '{""address"": """", ""city"": """", ""state"": """", ""zip"": """"}'}",1.08E+11,,,,,,,,,,,,,,,
5ea1d734eabbc96ff8ab04cd,M53370,8,otc alterations permit,2007-01-09T00:00:00.000,805,17,788,Hayes,St,sidewalk permit only.,issued,2007-01-09T00:00:00.000,2007-01-09T00:00:00.000,2007-01-09T00:00:00.000,,,0,,,,5,Hayes Valley,94102,"{'latitude': '37.776273943124366', 'longitude': '-122.4292539238226', 'human_address': '{""address"": """", ""city"": """", ""state"": """", ""zip"": """"}'}",1.08E+12,0,,,,,,,,,,,,,,
5ea1d734eabbc96ff8ab04ce,M53371,8,otc alterations permit,2007-01-09T00:00:00.000,3210,22,215,Otsego,Av,sidewalk repair,issued,2007-01-09T00:00:00.000,2007-01-09T00:00:00.000,2007-01-09T00:00:00.000,,,0,,,,11,Outer Mission,94112,"{'latitude': '37.724227700505466', 'longitude': '-122.44027328663833', 'human_address': '{""address"": """", ""city"": """", ""state"": """", ""zip"": """"}'}",1.08E+12,,,,,,,,,,,,,,,
5ea1d734eabbc96ff8ab04cf,M53372,8,otc alterations permit,2007-01-09T00:00:00.000,6246,10,234,Leland,Av,sidewalk permit only.,issued,2007-01-09T00:00:00.000,2007-01-09T00:00:00.000,2007-01-09T00:00:00.000,,,0,,,,10,Visitacion Valley,94134,"{'latitude': '37.71296718404352', 'longitude': '-122.40803912225935', 'human_address': '{""address"": """", ""city"": """", ""state"": """", ""zip"": """"}'}",1.08E+12,,,,,,,,,,,,,,,
5ea1d734eabbc96ff8ab04d0,M53373,8,otc alterations permit,2007-01-09T00:00:00.000,1381,39,2023,Lake,St,street space permit only.,issued,2007-01-09T00:00:00.000,2007-01-09T00:00:00.000,2007-01-09T00:00:00.000,,,0,,,,1,Outer Richmond,94121,"{'latitude': '37.78567519132993', 'longitude': '-122.48125580862286', 'human_address': '{""address"": """", ""city"": """", ""state"": """", ""zip"": """"}'}",1.08E+11,,,,,,,,,,,,,,,
5ea1d734eabbc96ff8ab04d1,2.01E+11,8,otc alterations permit,2007-01-09T00:00:00.000,3148,6,2,Norton,St,reroofing.,expired,2007-09-25T00:00:00.000,2007-01-09T00:00:00.000,2007-01-09T00:00:00.000,2007-07-09T00:00:00.000Z,7300,7300,apartments,apartments,0,11,Outer Mission,94112,"{'latitude': '37.72480483951474', 'longitude': '-122.43507398658086', 'human_address': '{""address"": """", ""city"": """", ""state"": """", ""zip"": """"}'}",1.08E+12,,,,,,,,,,,,,,,
5ea1d734eabbc96ff8ab04d2,2.01E+11,8,otc alterations permit,2007-01-09T00:00:00.000,3148,6,4,Norton,St,reroofing.,expired,2007-09-25T00:00:00.000,2007-01-09T00:00:00.000,2007-01-09T00:00:00.000,2007-07-09T00:00:00.000Z,7300,7300,apartments,apartments,0,11,Outer Mission,94112,"{'latitude': '37.72480483951474', 'longitude': '-122.43507398658086', 'human_address': '{""address"": """", ""city"": """", ""state"": """", ""zip"": """"}'}",1.08E+12,,,,,,,,,,,,,,,
5ea1d734eabbc96ff8ab04d3,2.01E+11,8,otc alterations permit,2007-01-09T00:00:00.000,6089,30,519,Edinburg,St,"(n) family room (n) bedroom (n) bathroom at garage level. drop floor level to provide min 7'6"" headroom.",complete,2007-07-24T00:00:00.000,2007-01-09T00:00:00.000,2007-01-09T00:00:00.000,2008-01-09T00:00:00.000Z,58000,58000,1 family dwelling,1 family dwelling,2,11,Excelsior,94112,"{'latitude': '37.720782273796104', 'longitude': '-122.43200736480587', 'human_address': '{""address"": """", ""city"": """", ""state"": """", ""zip"": """"}'}",1.08E+12,,2,2,1,1,5,wood frame (5),5,wood frame (5),2007-07-24T00:00:00.000,,,,,
5ea1d734eabbc96ff8ab04d4,M53374,8,otc alterations permit,2007-01-09T00:00:00.000,471,002D,1530,Francisco,St,street space permit only.,issued,2007-01-09T00:00:00.000,2007-01-09T00:00:00.000,2007-01-09T00:00:00.000,,,0,,,,2,Marina,94123,"{'latitude': '37.80273917668318', 'longitude': '-122.43048958220518', 'human_address': '{""address"": """", ""city"": """", ""state"": """", ""zip"": """"}'}",1.08E+11,,,,,,,,,,,,,,,
5ea1d734eabbc96ff8ab04d5,2.01E+11,8,otc alterations permit,2007-01-09T00:00:00.000,233,44,4,Embarcadero Center,,"revision- ti on fire spkr system (upgrade) sandler foundation suite 3150 (#3327) relocate -1 o hd, 1 add, 1 delete total 11 hd revision to 200611308787",complete,2007-03-13T00:00:00.000,2007-01-09T00:00:00.000,2007-01-09T00:00:00.000,2007-05-09T00:00:00.000Z,1000,1000,office,office,2,3,Financial District/South Beach,94111,"{'latitude': '37.79506002552974', 'longitude': '-122.39593224461805', 'human_address': '{""address"": """", ""city"": """", ""state"": """", ""zip"": """"}'}",1.08E+11,,34,34,0,0,1,constr type 1,1,constr type 1,2007-03-13T00:00:00.000,,,,,
5ea1d734eabbc96ff8ab04d6,2.01E+11,8,otc alterations permit,2007-01-09T00:00:00.000,264,4,1,California,St,oti-3 24th floor ls,complete,2007-03-02T00:00:00.000,2007-01-09T00:00:00.000,2007-01-09T00:00:00.000,2007-07-09T00:00:00.000Z,8000,8000,office,office,2,3,Financial District/South Beach,94111,"{'latitude': '37.79311984802232', 'longitude': '-122.39697498027529', 'human_address': '{""address"": """", ""city"": """", ""state"": """", ""zip"": """"}'}",1.08E+11,,37,37,0,0,1,constr type 1,1,constr type 1,2007-03-02T00:00:00.000,,,,,
5ea1d734eabbc96ff8ab04d7,2.01E+11,8,otc alterations permit,2007-01-09T00:00:00.000,2769,47,465,Diamond,St,"remove portion of deck (appl#200609212988). pour concrete slab for new hot tub, install hot tub (pre manufactured). rebuild deck per plan.",complete,2007-04-23T00:00:00.000,2007-01-09T00:00:00.000,2007-01-09T00:00:00.000,2007-07-09T00:00:00.000Z,7000,7000,1 family dwelling,1 family dwelling,2,8,Noe Valley,94114,"{'latitude': '37.755008328406134', 'longitude': '-122.43630873980348', 'human_address': '{""address"": """", ""city"": """", ""state"": """", ""zip"": """"}'}",1.08E+12,,3,3,1,1,5,wood frame (5),5,wood frame (5),2007-04-23T00:00:00.000,Y,,,,
5ea1d734eabbc96ff8ab04d8,2.01E+11,8,otc alterations permit,2007-01-09T00:00:00.000,6524,31,2927,Folsom,St,repair water damage to 4 bathrooms & new shower pans as needed. repair drywall + stop water leak in ceiling. new floor + covering apply wet patch to roof initially. minor dry rot repair. repair roof less than  25%. all work in bathroom  area. repair handrailing /rear side deck  + windows. per nov#,expired,2010-01-20T00:00:00.000,2007-01-09T00:00:00.000,2007-01-09T00:00:00.000,2008-01-09T00:00:00.000Z,28000,28000,apartments,apartments,0,9,Mission,94110,"{'latitude': '37.750407928650176', 'longitude': '-122.41354289963427', 'human_address': '{""address"": """", ""city"": """", ""state"": """", ""zip"": """"}'}",1.08E+12,,2,2,4,4,5,wood frame (5),5,wood frame (5),,,,,,
5ea1d734eabbc96ff8ab04d9,2.01E+11,8,otc alterations permit,2007-01-09T00:00:00.000,266,9,1,Front,St,oti-1 13th floor el me ls sp,complete,2007-03-20T00:00:00.000,2007-01-09T00:00:00.000,2007-01-09T00:00:00.000,2008-01-09T00:00:00.000Z,150000,150000,office,office,2,3,Financial District/South Beach,94111,"{'latitude': '37.79175821447036', 'longitude': '-122.39891194475122', 'human_address': '{""address"": """", ""city"": """", ""state"": """", ""zip"": """"}'}",1.08E+12,,33,33,0,0,1,constr type 1,1,constr type 1,2007-03-20T00:00:00.000,,,,,
5ea1d734eabbc96ff8ab04da,2.01E+11,8,otc alterations permit,2007-01-09T00:00:00.000,6524,31,2929,Folsom,St,repair water damage to 4 bathrooms & new shower pans as needed. repair drywall + stop water leak in ceiling. new floor + covering apply wet patch to roof initially. minor dry rot repair. repair roof less than  25%. all work in bathroom  area. repair handrailing /rear side deck  + windows. per nov#,expired,2010-01-20T00:00:00.000,2007-01-09T00:00:00.000,2007-01-09T00:00:00.000,2008-01-09T00:00:00.000Z,28000,28000,apartments,apartments,0,9,Mission,94110,"{'latitude': '37.750407928650176', 'longitude': '-122.41354289963427', 'human_address': '{""address"": """", ""city"": """", ""state"": """", ""zip"": """"}'}",1.08E+12,0,2,2,4,4,5,wood frame (5),5,wood frame (5),,,,,,
5ea1d734eabbc96ff8ab04db,2.01E+11,8,otc alterations permit,2007-01-09T00:00:00.000,2424,2,2507,23rd,Av,"ieterior remodel to exiting br & ba, repave  existing driveway, eindow replacement wood to wood clad, bathroom lighting to be fluorescant ot on occupant sensor",expired,2007-11-07T00:00:00.000,2007-01-09T00:00:00.000,2007-01-09T00:00:00.000,2007-07-09T00:00:00.000Z,20000,20000,1 family dwelling,1 family dwelling,2,4,Sunset/Parkside,94116,"{'latitude': '37.740751772219284', 'longitude': '-122.4801338178756', 'human_address': '{""address"": """", ""city"": """", ""state"": """", ""zip"": """"}'}",1.08E+12,,2,2,1,1,5,wood frame (5),5,wood frame (5),,,,,,
5ea1d734eabbc96ff8ab04dc,2.01E+11,8,otc alterations permit,2007-01-09T00:00:00.000,230,28,1,Embarcadero Center,,"ti upgrade on fire sprinkler system (3355) fisher and phillips llp relocate 10 hd add 1, delete 1, total 11 heads",complete,2007-01-30T00:00:00.000,2007-01-09T00:00:00.000,2007-01-09T00:00:00.000,2007-05-09T00:00:00.000Z,2200,2200,office,office,2,3,Financial District/South Beach,94111,"{'latitude': '37.79464865862657', 'longitude': '-122.39964659799554', 'human_address': '{""address"": """", ""city"": """", ""state"": """", ""zip"": """"}'}",1.08E+11,,45,45,0,0,1,constr type 1,1,constr type 1,2007-01-30T00:00:00.000,,,,,
5ea1d734eabbc96ff8ab04dd,2.01E+11,8,otc alterations permit,2007-01-09T00:00:00.000,5518,16,3161,Mission,St,convert coffee shop to real estate office and build new toilet.,expired,2008-04-29T00:00:00.000,2007-01-09T00:00:00.000,2007-01-09T00:00:00.000,2007-07-09T00:00:00.000Z,10500,10500,food/beverage hndlng,office,2,9,Bernal Heights,94110,"{'latitude': '37.746402226807156', 'longitude': '-122.4190360690004', 'human_address': '{""address"": """", ""city"": """", ""state"": """", ""zip"": """"}'}",1.08E+12,,3,3,2,2,5,wood frame (5),5,wood frame (5),,,,,,
5ea1d734eabbc96ff8ab04de,2.01E+11,8,otc alterations permit,2007-01-09T00:00:00.000,5518,16,3163,Mission,St,convert coffee shop to real estate office and build new toilet.,expired,2008-04-29T00:00:00.000,2007-01-09T00:00:00.000,2007-01-09T00:00:00.000,2007-07-09T00:00:00.000Z,10500,10500,food/beverage hndlng,office,2,9,Bernal Heights,94110,"{'latitude': '37.746402226807156', 'longitude': '-122.4190360690004', 'human_address': '{""address"": """", ""city"": """", ""state"": """", ""zip"": """"}'}",1.08E+12,,3,3,2,2,5,wood frame (5),5,wood frame (5),,,,,,
5ea1d734eabbc96ff8ab04df,2.01E+11,3,additions alterations or repairs,2007-01-09T00:00:00.000,3587,68,3620,19th,St,bldg #1 - to install new fire sprinkler system.,complete,2009-04-01T00:00:00.000,2007-01-09T00:00:00.000,2007-04-09T00:00:00.000,2007-10-09T00:00:00.000Z,5600,10222,1 family dwelling,1 family dwelling,2,8,Mission,94110,"{'latitude': '37.76097097433914', 'longitude': '-122.4246494685078', 'human_address': '{""address"": """", ""city"": """", ""state"": """", ""zip"": """"}'}",1.08E+12,,2,2,1,1,5,wood frame (5),5,wood frame (5),2009-04-01T00:00:00.000,,,,,
5ea1d734eabbc96ff8ab04e0,2.01E+11,3,additions alterations or repairs,2007-01-09T00:00:00.000,3587,70,3620,19th,St,bldg #1 - to install new fire sprinkler system.,complete,2009-04-01T00:00:00.000,2007-01-09T00:00:00.000,2007-04-09T00:00:00.000,2007-10-09T00:00:00.000Z,5600,10222,1 family dwelling,1 family dwelling,2,8,Mission,94110,"{'latitude': '37.761014018841514', 'longitude': '-122.42432525968303', 'human_address': '{""address"": """", ""city"": """", ""state"": """", ""zip"": """"}'}",1.08E+12,,2,2,1,1,5,wood frame (5),5,wood frame (5),2009-04-01T00:00:00.000,,,,,
5ea1d734eabbc96ff8ab04e1,2.01E+11,4,sign - erect,2007-01-09T00:00:00.000,543,33,1823,Union,St,"erect: electric, wall, single faced, direct new sign, with street space",complete,2007-04-12T00:00:00.000,2007-01-09T00:00:00.000,2007-01-09T00:00:00.000,2007-05-09T00:00:00.000Z,,2500,retail sales,,2,2,Marina,94123,"{'latitude': '37.79758752191632', 'longitude': '-122.42929470527024', 'human_address': '{""address"": """", ""city"": """", ""state"": """", ""zip"": """"}'}",1.08E+12,,3,,0,,5,wood frame (5),,,2007-04-12T00:00:00.000,,,,,
5ea1d734eabbc96ff8ab04e2,M53402,8,otc alterations permit,2007-01-09T00:00:00.000,3729,57,251,09th,St,sidewalk permit,issued,2007-01-09T00:00:00.000,2007-01-09T00:00:00.000,2007-01-09T00:00:00.000,,,0,,,,6,South of Market,94103,"{'latitude': '37.774508876514055', 'longitude': '-122.41217066101979', 'human_address': '{""address"": """", ""city"": """", ""state"": """", ""zip"": """"}'}",1.08E+12,,,,,,,,,,,,,,,
5ea1d734eabbc96ff8ab04e3,2.01E+11,8,otc alterations permit,2007-01-09T00:00:00.000,3708,28,71,Stevenson,St,"oti-2 el, floor 15",complete,2007-07-20T00:00:00.000,2007-01-09T00:00:00.000,2007-01-09T00:00:00.000,2008-01-09T00:00:00.000Z,34750,34750,office,office,2,6,Financial District/South Beach,94105,"{'latitude': '37.789384040303595', 'longitude': '-122.39965936842863', 'human_address': '{""address"": """", ""city"": """", ""state"": """", ""zip"": """"}'}",1.08E+12,,1,1,0,0,2,constr type 2,2,constr type 2,2007-07-20T00:00:00.000,,,,,
5ea1d734eabbc96ff8ab04e4,2.01E+11,4,sign - erect,2007-01-09T00:00:00.000,3705,42,865,Market,St,"unit #222 - sign permit - non-electric, projecting, double faced.",issued,2007-01-09T00:00:00.000,2007-01-09T00:00:00.000,2007-01-09T00:00:00.000,2007-05-09T00:00:00.000Z,,400,retail sales,,2,6,South of Market,94103,"{'latitude': '37.78394695457302', 'longitude': '-122.40715830829208', 'human_address': '{""address"": """", ""city"": """", ""state"": """", ""zip"": """"}'}",1.08E+12,,10,,0,,1,constr type 1,,,,,,,,
5ea1d734eabbc96ff8ab04e5,2.01E+11,7,wall or painted sign,2007-01-09T00:00:00.000,3705,42,865,Market,St,"painter or other non structural sign:  non electric, wall, single faced, doorwindow, new sign , non illuminated, with street space",issued,2007-01-09T00:00:00.000,2007-01-09T00:00:00.000,2007-01-09T00:00:00.000,2007-05-09T00:00:00.000Z,,200,,,2,6,South of Market,94103,"{'latitude': '37.78394695457302', 'longitude': '-122.40715830829208', 'human_address': '{""address"": """", ""city"": """", ""state"": """", ""zip"": """"}'}",1.08E+12,,,,,,,,,,,,,,,
5ea1d734eabbc96ff8ab04e6,2.01E+11,8,otc alterations permit,2007-01-09T00:00:00.000,1049,18,1708,Broderick,St,reroofing.,issued,2007-01-09T00:00:00.000,2007-01-09T00:00:00.000,2007-01-09T00:00:00.000,2007-05-09T00:00:00.000Z,3000,3000,2 family dwelling,2 family dwelling,0,2,Pacific Heights,94115,"{'latitude': '37.786326217915956', 'longitude': '-122.44157315415657', 'human_address': '{""address"": """", ""city"": """", ""state"": """", ""zip"": """"}'}",1.08E+11,,,,,,,,,,,,,,,
5ea1d734eabbc96ff8ab04e7,2.01E+11,8,otc alterations permit,2007-01-09T00:00:00.000,6341,028D,701,Edinburg,St,upgrading electrical wiring on second floor.,expired,2008-06-13T00:00:00.000,2007-01-09T00:00:00.000,2007-01-09T00:00:00.000,2007-07-09T00:00:00.000Z,15000,15000,1 family dwelling,1 family dwelling,0,11,Excelsior,94112,"{'latitude': '37.7179220322516', 'longitude': '-122.43421718744919', 'human_address': '{""address"": """", ""city"": """", ""state"": """", ""zip"": """"}'}",1.08E+12,,2,2,1,1,5,wood frame (5),5,wood frame (5),,,,,,
5ea1d734eabbc96ff8ab04e8,2.01E+11,8,otc alterations permit,2007-01-09T00:00:00.000,1049,18,1708,Broderick,St,"1/2"" cdx plywood over skip roof. (8d) 6"" x 12"". 6"" on edges 12"" in field.",issued,2007-01-09T00:00:00.000,2007-01-09T00:00:00.000,2007-01-09T00:00:00.000,2007-05-09T00:00:00.000Z,2200,2200,2 family dwelling,2 family dwelling,0,2,Pacific Heights,94115,"{'latitude': '37.786326217915956', 'longitude': '-122.44157315415657', 'human_address': '{""address"": """", ""city"": """", ""state"": """", ""zip"": """"}'}",1.08E+11,,2,2,2,2,5,wood frame (5),5,wood frame (5),,,,,,
5ea1d734eabbc96ff8ab04e9,2.01E+11,4,sign - erect,2007-01-09T00:00:00.000,3705,42,865,Market,St,"space 222 - sign permit - electric, wall, single faced.",issued,2007-01-09T00:00:00.000,2007-01-09T00:00:00.000,2007-01-09T00:00:00.000,2007-05-09T00:00:00.000Z,,900,retail sales,,2,6,South of Market,94103,"{'latitude': '37.78394695457302', 'longitude': '-122.40715830829208', 'human_address': '{""address"": """", ""city"": """", ""state"": """", ""zip"": """"}'}",1.08E+12,,10,,0,,1,constr type 1,,,,,,,,
5ea1d734eabbc96ff8ab04ea,2.01E+11,3,additions alterations or repairs,2007-01-09T00:00:00.000,515,1,3199,Fillmore,St,strengthening the 2nd floor joist in 2/f prep kitchen as noted on plan. no exterior work and plumbing or electrical work.,complete,2007-10-23T00:00:00.000,2007-01-09T00:00:00.000,2007-04-06T00:00:00.000,2007-10-06T00:00:00.000Z,10000,18000,food/beverage hndlng,food/beverage hndlng,2,2,Marina,94123,"{'latitude': '37.79879059544053', 'longitude': '-122.43612948088338', 'human_address': '{""address"": """", ""city"": """", ""state"": """", ""zip"": """"}'}",1.08E+12,,2,2,0,0,5,wood frame (5),5,wood frame (5),2007-10-23T00:00:00.000,,,,,
5ea1d734eabbc96ff8ab04eb,M53382,8,otc alterations permit,2007-01-09T00:00:00.000,867,28,479,Waller,St,street space & sidewalk permit only.,issued,2007-01-09T00:00:00.000,2007-01-09T00:00:00.000,2007-01-09T00:00:00.000,,,0,,,,5,Hayes Valley,94117,"{'latitude': '37.77083879854087', 'longitude': '-122.43142991363601', 'human_address': '{""address"": """", ""city"": """", ""state"": """", ""zip"": """"}'}",1.08E+11,,,,,,,,,,,,,,,
5ea1d734eabbc96ff8ab04ec,2.01E+11,8,otc alterations permit,2007-01-09T00:00:00.000,263,11,101,California,St,"oti-1 15th floor, advamced equities. el, me, ls, sp",complete,2007-03-26T00:00:00.000,2007-01-09T00:00:00.000,2007-01-09T00:00:00.000,2009-01-09T00:00:00.000Z,350000,350000,office,office,2,3,Financial District/South Beach,94111,"{'latitude': '37.79294896729476', 'longitude': '-122.39809861205246', 'human_address': '{""address"": """", ""city"": """", ""state"": """", ""zip"": """"}'}",1.08E+11,,36,36,0,0,1,constr type 1,1,constr type 1,2007-03-26T00:00:00.000,,,,,
5ea1d734eabbc96ff8ab04ed,2.01E+11,8,otc alterations permit,2007-01-09T00:00:00.000,288,32,333,Bush,St,"t/i upgrade on fire spkr-sys. for achieve global 15th fl (#3337). 13 reloc. -2 add,3 deletes. 15 total.",complete,2007-05-30T00:00:00.000,2007-01-09T00:00:00.000,2007-01-09T00:00:00.000,2007-05-09T00:00:00.000Z,3000,3000,office,office,2,3,Financial District/South Beach,94108,"{'latitude': '37.79057472898199', 'longitude': '-122.4031096060195', 'human_address': '{""address"": """", ""city"": """", ""state"": """", ""zip"": """"}'}",1.08E+12,,44,44,45,45,1,constr type 1,1,constr type 1,2007-05-30T00:00:00.000,,,,,
5ea1d734eabbc96ff8ab04ee,2.01E+11,3,additions alterations or repairs,2007-01-09T00:00:00.000,8721,12,455,Mission Bay Blvd South,,drive (24) indicator test piles on vacant lot for soils and structural testing (steel piles).,expired,2009-11-17T00:00:00.000,2007-01-09T00:00:00.000,2007-01-23T00:00:00.000,2008-01-23T00:00:00.000Z,27000,280400,vacant lot,vacant lot,2,6,Mission Bay,94158,"{'latitude': '37.76981670037508', 'longitude': '-122.38847397685545', 'human_address': '{""address"": """", ""city"": """", ""state"": """", ""zip"": """"}'}",1.08E+12,,0,0,0,0,,,,,,,,,,
5ea1d734eabbc96ff8ab04ef,2.01E+11,8,otc alterations permit,2007-01-09T00:00:00.000,2449,29,2680,Great,Hy,change out 2 windows with vinyl retrofit windows. (e) aluminium. in kind. .67 u factor min.,issued,2007-01-09T00:00:00.000,2007-01-09T00:00:00.000,2007-01-09T00:00:00.000,2007-05-09T00:00:00.000Z,3694.5,3694.5,1 family dwelling,1 family dwelling,0,4,Sunset/Parkside,94116,"{'latitude': '37.73657815097154', 'longitude': '-122.50597268964073', 'human_address': '{""address"": """", ""city"": """", ""state"": """", ""zip"": """"}'}",1.08E+12,,2,2,1,1,5,wood frame (5),5,wood frame (5),,,,,,
5ea1d734eabbc96ff8ab04f0,2.01E+11,8,otc alterations permit,2007-01-09T00:00:00.000,5337,5,7,Bridgeview,Dr,change out 3 windows with retrofit windows. (e) aluminium to vinyl. 0.67 u factor min.,complete,2007-03-29T00:00:00.000,2007-01-09T00:00:00.000,2007-01-09T00:00:00.000,2007-07-09T00:00:00.000Z,6894,6894,1 family dwelling,1 family dwelling,0,10,Bayview Hunters Point,94124,"{'latitude': '37.734082158600756', 'longitude': '-122.39424868423647', 'human_address': '{""address"": """", ""city"": """", ""state"": """", ""zip"": """"}'}",1.08E+12,,2,2,1,1,5,wood frame (5),5,wood frame (5),2007-03-29T00:00:00.000,,,,,
5ea1d734eabbc96ff8ab04f1,2.01E+11,8,otc alterations permit,2007-01-09T00:00:00.000,240,16,550,Kearny,St,"t.i upgrade on fire spkr sys. dwa 9th flr (#3334) reloc-32, add-2, delete-2.",complete,2007-03-26T00:00:00.000,2007-01-09T00:00:00.000,2007-01-09T00:00:00.000,2007-07-09T00:00:00.000Z,6800,6800,office,office,2,3,Financial District/South Beach,94104,"{'latitude': '37.793341458615394', 'longitude': '-122.40421611613698', 'human_address': '{""address"": """", ""city"": """", ""state"": """", ""zip"": """"}'}",1.08E+12,,10,10,0,0,1,constr type 1,1,constr type 1,2007-03-26T00:00:00.000,,,,,
5ea1d734eabbc96ff8ab04f2,2.01E+11,8,otc alterations permit,2007-01-09T00:00:00.000,5343,015C,76,Bay View,St,change out 2 windows aluminium to vinyl in kind. u factor: 0.67 min.,expired,2007-07-02T00:00:00.000,2007-01-09T00:00:00.000,2007-01-09T00:00:00.000,2007-05-09T00:00:00.000Z,3981.23,3981.23,1 family dwelling,1 family dwelling,0,10,Bayview Hunters Point,94124,"{'latitude': '37.73295761295402', 'longitude': '-122.39382957251564', 'human_address': '{""address"": """", ""city"": """", ""state"": """", ""zip"": """"}'}",1.08E+12,,2,2,1,1,5,wood frame (5),5,wood frame (5),,,,,,
5ea1d734eabbc96ff8ab04f3,2.01E+11,8,otc alterations permit,2007-01-09T00:00:00.000,7056,028E,125,Thrift,St,replace 4 windows with vinyl retrofit windows in kind. 0.67 u factor min.,issued,2007-01-09T00:00:00.000,2007-01-09T00:00:00.000,2007-01-09T00:00:00.000,2007-07-09T00:00:00.000Z,8351.54,8351.54,1 family dwelling,1 family dwelling,0,11,Oceanview/Merced/Ingleside,94112,"{'latitude': '37.71721985687811', 'longitude': '-122.45701898295172', 'human_address': '{""address"": """", ""city"": """", ""state"": """", ""zip"": """"}'}",1.08E+12,,2,2,1,1,5,wood frame (5),5,wood frame (5),,,,,,
5ea1d734eabbc96ff8ab04f4,2.01E+11,8,otc alterations permit,2007-01-09T00:00:00.000,240,16,550,Kearny,St,oti-2  lt me floor 9,complete,2007-03-26T00:00:00.000,2007-01-09T00:00:00.000,2007-01-09T00:00:00.000,2008-01-09T00:00:00.000Z,95000,95000,office,office,2,3,Financial District/South Beach,94104,"{'latitude': '37.793341458615394', 'longitude': '-122.40421611613698', 'human_address': '{""address"": """", ""city"": """", ""state"": """", ""zip"": """"}'}",1.08E+12,,9,9,0,0,1,constr type 1,1,constr type 1,2007-03-26T00:00:00.000,,,,,
5ea1d734eabbc96ff8ab04f5,2.01E+11,8,otc alterations permit,2007-01-09T00:00:00.000,3708,28,71,Stevenson,St,"t/i upgrade on fire sprinkler system. spec suite#1510,#3352. relocated 13 hd, add 2 hd, delete 4 hd. 15 total hd.",complete,2007-07-20T00:00:00.000,2007-01-09T00:00:00.000,2007-01-09T00:00:00.000,2007-05-09T00:00:00.000Z,3000,3000,office,office,2,6,Financial District/South Beach,94105,"{'latitude': '37.789384040303595', 'longitude': '-122.39965936842863', 'human_address': '{""address"": """", ""city"": """", ""state"": """", ""zip"": """"}'}",1.08E+12,,25,25,0,0,1,constr type 1,1,constr type 1,2007-07-20T00:00:00.000,,,,,
5ea1d734eabbc96ff8ab04f6,M53367,8,otc alterations permit,2007-01-09T00:00:00.000,6247,13,158,Leland,Av,sidewalk permit only.,issued,2007-01-09T00:00:00.000,2007-01-09T00:00:00.000,2007-01-09T00:00:00.000,,,0,,,,10,Visitacion Valley,94134,"{'latitude': '37.7125087366219', 'longitude': '-122.40648054207259', 'human_address': '{""address"": """", ""city"": """", ""state"": """", ""zip"": """"}'}",1.08E+12,,,,,,,,,,,,,,,
5ea1d734eabbc96ff8ab04f7,2.01E+11,8,otc alterations permit,2007-01-09T00:00:00.000,1270,66,142,Delmar,St,replace (e) windows (22) total @ back & side.,complete,2007-11-07T00:00:00.000,2007-01-09T00:00:00.000,2007-01-09T00:00:00.000,2007-07-09T00:00:00.000Z,10000,10000,2 family dwelling,2 family dwelling,0,8,Haight Ashbury,94117,"{'latitude': '37.76643957174819', 'longitude': '-122.44514240388278', 'human_address': '{""address"": """", ""city"": """", ""state"": """", ""zip"": """"}'}",1.08E+11,,3,3,2,2,5,wood frame (5),5,wood frame (5),2007-11-07T00:00:00.000,,,,,
5ea1d734eabbc96ff8ab04f8,2.01E+11,8,otc alterations permit,2007-01-09T00:00:00.000,1270,66,144,Delmar,St,replace (e) windows (22) total @ back & side.,complete,2007-11-07T00:00:00.000,2007-01-09T00:00:00.000,2007-01-09T00:00:00.000,2007-07-09T00:00:00.000Z,10000,10000,2 family dwelling,2 family dwelling,0,8,Haight Ashbury,94117,"{'latitude': '37.76643957174819', 'longitude': '-122.44514240388278', 'human_address': '{""address"": """", ""city"": """", ""state"": """", ""zip"": """"}'}",1.08E+12,,3,3,2,2,5,wood frame (5),5,wood frame (5),2007-11-07T00:00:00.000,,,,,
5ea1d734eabbc96ff8ab04f9,2.01E+11,8,otc alterations permit,2007-01-09T00:00:00.000,3577,43,26,Dearborn,St,"light remodel of one itchen: remove cabinets & replace w/new . move stove & vent outside 3  ft  front p.l. electric move  1 or 2 outlets, move gas for stove 50% high efficasy non structural.",complete,2007-05-18T00:00:00.000,2007-01-09T00:00:00.000,2007-01-09T00:00:00.000,2007-07-09T00:00:00.000Z,8000,8000,2 family dwelling,2 family dwelling,0,8,Mission,94110,"{'latitude': '37.762735360466834', 'longitude': '-122.42324435890409', 'human_address': '{""address"": """", ""city"": """", ""state"": """", ""zip"": """"}'}",1.08E+12,,2,2,2,2,5,wood frame (5),5,wood frame (5),2007-05-18T00:00:00.000,,,,,
5ea1d734eabbc96ff8ab04fa,2.01E+11,3,additions alterations or repairs,2007-01-09T00:00:00.000,848,7,566,Haight,St,facade alteration on 1/f for 2 new ada entrances & storefronts. change of use to full service restaurant (568 haight). change of use for 2nd commercial space (566 haight st.),complete,2008-04-18T00:00:00.000,2007-01-09T00:00:00.000,2007-08-31T00:00:00.000,2008-08-31T00:00:00.000Z,120000,180000,food/beverage hndlng,food/beverage hndlng,2,5,Hayes Valley,94117,"{'latitude': '37.772201588742554', 'longitude': '-122.43159958764491', 'human_address': '{""address"": """", ""city"": """", ""state"": """", ""zip"": """"}'}",1.08E+11,,3,3,2,2,5,wood frame (5),5,wood frame (5),2008-04-18T00:00:00.000,,Y,,2007-08-31T00:00:00.000,
5ea1d734eabbc96ff8ab04fb,2.01E+11,3,additions alterations or repairs,2007-01-09T00:00:00.000,848,7,568,Haight,St,facade alteration on 1/f for 2 new ada entrances & storefronts. change of use to full service restaurant (568 haight). change of use for 2nd commercial space (566 haight st.),complete,2008-04-18T00:00:00.000,2007-01-09T00:00:00.000,2007-08-31T00:00:00.000,2008-08-31T00:00:00.000Z,120000,180000,food/beverage hndlng,food/beverage hndlng,2,5,Hayes Valley,94117,"{'latitude': '37.772201588742554', 'longitude': '-122.43159958764491', 'human_address': '{""address"": """", ""city"": """", ""state"": """", ""zip"": """"}'}",1.08E+12,,3,3,2,2,5,wood frame (5),5,wood frame (5),2008-04-18T00:00:00.000,,Y,,2007-08-31T00:00:00.000,
5ea1d734eabbc96ff8ab04fc,2.01E+11,8,otc alterations permit,2007-01-09T00:00:00.000,3602,1,602,Noe,St,renew pa# 200504280198 for final inspection,complete,2007-02-27T00:00:00.000,2007-01-09T00:00:00.000,2007-01-09T00:00:00.000,2007-05-09T00:00:00.000Z,1,1,2 family dwelling,2 family dwelling,0,8,Castro/Upper Market,94114,"{'latitude': '37.7592402660994', 'longitude': '-122.43283369496447', 'human_address': '{""address"": """", ""city"": """", ""state"": """", ""zip"": """"}'}",1.08E+12,,3,3,2,2,5,wood frame (5),5,wood frame (5),2007-02-27T00:00:00.000,,,,,
5ea1d734eabbc96ff8ab04fd,2.01E+11,8,otc alterations permit,2007-01-09T00:00:00.000,3602,1,604,Noe,St,renew pa# 200504280198 for final inspection,complete,2007-02-27T00:00:00.000,2007-01-09T00:00:00.000,2007-01-09T00:00:00.000,2007-05-09T00:00:00.000Z,1,1,2 family dwelling,2 family dwelling,0,8,Castro/Upper Market,94114,"{'latitude': '37.7592402660994', 'longitude': '-122.43283369496447', 'human_address': '{""address"": """", ""city"": """", ""state"": """", ""zip"": """"}'}",1.08E+12,,3,3,2,2,5,wood frame (5),5,wood frame (5),2007-02-27T00:00:00.000,,,,,
5ea1d734eabbc96ff8ab04fe,2.01E+11,3,additions alterations or repairs,2007-01-09T00:00:00.000,3013,31,1253,Portola,Dr,"complete work to hobby room instalation of insulation and finish surfues wall and flooring. complete installation of bathroom, toilet, vanity, chower stell, vent fan, .liaghting.",cancelled,2007-11-09T00:00:00.000,2007-01-09T00:00:00.000,,,15000,,1 family dwelling,1 family dwelling,2,7,West of Twin Peaks,94127,"{'latitude': '37.73986913382221', 'longitude': '-122.46230437177678', 'human_address': '{""address"": """", ""city"": """", ""state"": """", ""zip"": """"}'}",1.08E+12,,2,2,1,1,5,wood frame (5),5,wood frame (5),,,,,,
5ea1d734eabbc96ff8ab04ff,2.01E+11,8,otc alterations permit,2007-01-09T00:00:00.000,2659,1,261,Corbett,Av,replace 5 windows on top floor (263 corbett). windows are not facing the street. using vinyl retro fit windows.,complete,2007-02-09T00:00:00.000,2007-01-09T00:00:00.000,2007-01-09T00:00:00.000,2007-05-09T00:00:00.000Z,2000,2000,apartments,apartments,0,8,Castro/Upper Market,94114,"{'latitude': '37.761092470950935', 'longitude': '-122.44402191242456', 'human_address': '{""address"": """", ""city"": """", ""state"": """", ""zip"": """"}'}",1.08E+12,0,3,3,3,3,5,wood frame (5),5,wood frame (5),2007-02-09T00:00:00.000,,,,,
5ea1d734eabbc96ff8ab0500,2.01E+11,8,otc alterations permit,2007-01-09T00:00:00.000,2659,1,263,Corbett,Av,replace 5 windows on top floor (263 corbett). windows are not facing the street. using vinyl retro fit windows.,complete,2007-02-09T00:00:00.000,2007-01-09T00:00:00.000,2007-01-09T00:00:00.000,2007-05-09T00:00:00.000Z,2000,2000,apartments,apartments,0,8,Castro/Upper Market,94114,"{'latitude': '37.761092470950935', 'longitude': '-122.44402191242456', 'human_address': '{""address"": """", ""city"": """", ""state"": """", ""zip"": """"}'}",1.08E+12,0,3,3,3,3,5,wood frame (5),5,wood frame (5),2007-02-09T00:00:00.000,,,,,
5ea1d734eabbc96ff8ab0501,M53402,8,otc alterations permit,2007-01-09T00:00:00.000,3729,57,249,09th,St,sidewalk permit,issued,2007-01-09T00:00:00.000,2007-01-09T00:00:00.000,2007-01-09T00:00:00.000,,,0,,,,6,South of Market,94103,"{'latitude': '37.774508876514055', 'longitude': '-122.41217066101979', 'human_address': '{""address"": """", ""city"": """", ""state"": """", ""zip"": """"}'}",1.08E+12,,,,,,,,,,,,,,,
5ea1d734eabbc96ff8ab0502,M53403,8,otc alterations permit,2007-01-09T00:00:00.000,3637,20,3284,23rd,St,sidewalk permit,issued,2007-01-09T00:00:00.000,2007-01-09T00:00:00.000,2007-01-09T00:00:00.000,,,0,,,,9,Mission,94110,"{'latitude': '37.754000284958515', 'longitude': '-122.41825362317647', 'human_address': '{""address"": """", ""city"": """", ""state"": """", ""zip"": """"}'}",1.08E+12,,,,,,,,,,,,,,,
5ea1d734eabbc96ff8ab0503,2.01E+11,8,otc alterations permit,2007-01-09T00:00:00.000,3553,22,1941,Mission,St,repair/replace handrail on bottom stairs.,complete,2007-02-07T00:00:00.000,2007-01-09T00:00:00.000,2007-01-09T00:00:00.000,2007-05-09T00:00:00.000Z,20,20,apartments,apartments,0,9,Mission,94103,"{'latitude': '37.76603209671538', 'longitude': '-122.41941081944417', 'human_address': '{""address"": """", ""city"": """", ""state"": """", ""zip"": """"}'}",1.08E+12,,3,3,58,58,5,wood frame (5),5,wood frame (5),2007-02-07T00:00:00.000,,,,,
5ea1d734eabbc96ff8ab0504,M53404,8,otc alterations permit,2007-01-09T00:00:00.000,1233,3,151,Central,Av,street space permit,issued,2007-01-09T00:00:00.000,2007-01-09T00:00:00.000,2007-01-09T00:00:00.000,,,0,,,,5,Haight Ashbury,94117,"{'latitude': '37.77106068570436', 'longitude': '-122.44405992599437', 'human_address': '{""address"": """", ""city"": """", ""state"": """", ""zip"": """"}'}",1.08E+11,,,,,,,,,,,,,,,
5ea1d734eabbc96ff8ab0505,M53405,8,otc alterations permit,2007-01-09T00:00:00.000,1245,1,1501,Haight,St,street space permit,issued,2007-01-09T00:00:00.000,2007-01-09T00:00:00.000,2007-01-09T00:00:00.000,,,0,,,,5,Haight Ashbury,94117,"{'latitude': '37.76976308868339', 'longitude': '-122.4471153332011', 'human_address': '{""address"": """", ""city"": """", ""state"": """", ""zip"": """"}'}",1.08E+11,,,,,,,,,,,,,,,
5ea1d734eabbc96ff8ab0506,M53405,8,otc alterations permit,2007-01-09T00:00:00.000,1245,1,1509,Haight,St,street space permit,issued,2007-01-09T00:00:00.000,2007-01-09T00:00:00.000,2007-01-09T00:00:00.000,,,0,,,,5,Haight Ashbury,94117,"{'latitude': '37.76976308868339', 'longitude': '-122.4471153332011', 'human_address': '{""address"": """", ""city"": """", ""state"": """", ""zip"": """"}'}",1.08E+12,,,,,,,,,,,,,,,
5ea1d734eabbc96ff8ab0507,2.01E+11,8,otc alterations permit,2007-01-09T00:00:00.000,5530,5,1649,York,St,"upper rear bedroom, instgall 2 ne2w skyite, install new window, install storage & cabinets",complete,2007-11-08T00:00:00.000,2007-01-09T00:00:00.000,2007-01-09T00:00:00.000,2007-07-09T00:00:00.000Z,8000,8000,1 family dwelling,1 family dwelling,2,9,Bernal Heights,94110,"{'latitude': '37.74727898141412', 'longitude': '-122.40614997794238', 'human_address': '{""address"": """", ""city"": """", ""state"": """", ""zip"": """"}'}",1.08E+12,,2,2,1,1,5,wood frame (5),5,wood frame (5),2007-11-08T00:00:00.000,,,,,
5ea1d734eabbc96ff8ab0508,2.01E+11,3,additions alterations or repairs,2007-01-09T00:00:00.000,3706,74,50,03rd,St,"interior remodeling on floors 4, 35 and 36/:convert office space into 5 guest rooms construct new fittness center. 35 and 36th flr:interiro remodeling , removing interconnecting stair between floor 35 and 36",expired,2013-10-29T00:00:00.000,2007-01-09T00:00:00.000,2007-03-21T00:00:00.000,2009-03-21T00:00:00.000Z,650000,650000,tourist hotel/motel,tourist hotel/motel,2,6,Financial District/South Beach,94103,"{'latitude': '37.78652508124445', 'longitude': '-122.40309239617214', 'human_address': '{""address"": """", ""city"": """", ""state"": """", ""zip"": """"}'}",1.08E+12,,36,36,669,676,1,constr type 1,1,constr type 1,,,,,,
5ea1d734eabbc96ff8ab0509,2.01E+11,8,otc alterations permit,2007-01-09T00:00:00.000,4272,33,3027,25th,St,"flood damage repair-removal and replacement of all water damaged finishes. exploratory demolition for water damage. all work ground level, replace in kind.",expired,2008-08-19T00:00:00.000,2007-01-09T00:00:00.000,2007-01-09T00:00:00.000,2007-07-09T00:00:00.000Z,18000,18000,2 family dwelling,2 family dwelling,0,9,Mission,94110,"{'latitude': '37.75091168971213', 'longitude': '-122.41060276908144', 'human_address': '{""address"": """", ""city"": """", ""state"": """", ""zip"": """"}'}",1.08E+12,,2,2,2,2,5,wood frame (5),5,wood frame (5),,,,,,
5ea1d734eabbc96ff8ab050a,2.01E+11,3,additions alterations or repairs,2007-01-09T00:00:00.000,3585,32,567,Sanchez,St,revision to previously appl#200207312759 changes as indicated by 3 dated 1/7/2007 on sheet s3.,expired,2008-01-30T00:00:00.000,2007-01-09T00:00:00.000,2007-03-09T00:00:00.000,2007-07-09T00:00:00.000Z,100,5000,1 family dwelling,1 family dwelling,2,8,Castro/Upper Market,94114,"{'latitude': '37.75998144460485', 'longitude': '-122.43012813106019', 'human_address': '{""address"": """", ""city"": """", ""state"": """", ""zip"": """"}'}",1.08E+12,,3,3,1,1,5,wood frame (5),5,wood frame (5),,,,,,
5ea1d734eabbc96ff8ab050b,2.01E+11,8,otc alterations permit,2007-01-09T00:00:00.000,1608,007A,731,36th,Av,"remove (e) plaster and install new sheetrock (gym boards) through the 2nd floors. install r-13 insulation at exterior walls and repair dry wall in kind, if discovered after exposed joists and studs.",complete,2007-06-04T00:00:00.000,2007-01-09T00:00:00.000,2007-01-09T00:00:00.000,2008-01-09T00:00:00.000Z,40000,40000,1 family dwelling,1 family dwelling,0,1,Outer Richmond,94121,"{'latitude': '37.77512320810297', 'longitude': '-122.49653374750622', 'human_address': '{""address"": """", ""city"": """", ""state"": """", ""zip"": """"}'}",1.08E+12,,3,3,1,1,5,wood frame (5),5,wood frame (5),2007-06-04T00:00:00.000,,,,,
5ea1d734eabbc96ff8ab050c,2.01E+11,8,otc alterations permit,2007-01-09T00:00:00.000,1772,4,1327,17th,Av,"drywall replacement, insulation, eletrical update, plmbg update, kchn cabinet replacement",complete,2007-10-03T00:00:00.000,2007-01-09T00:00:00.000,2007-01-09T00:00:00.000,2007-07-09T00:00:00.000Z,15000,15000,2 family dwelling,2 family dwelling,2,4,Inner Sunset,94122,"{'latitude': '37.76306820649619', 'longitude': '-122.47527242939053', 'human_address': '{""address"": """", ""city"": """", ""state"": """", ""zip"": """"}'}",1.08E+12,,3,3,2,2,5,wood frame (5),5,wood frame (5),2007-10-03T00:00:00.000,,,,,
5ea1d734eabbc96ff8ab050d,2.01E+11,8,otc alterations permit,2007-01-09T00:00:00.000,1772,4,1329,17th,Av,"drywall replacement, insulation, eletrical update, plmbg update, kchn cabinet replacement",complete,2007-10-03T00:00:00.000,2007-01-09T00:00:00.000,2007-01-09T00:00:00.000,2007-07-09T00:00:00.000Z,15000,15000,2 family dwelling,2 family dwelling,2,4,Inner Sunset,94122,"{'latitude': '37.76306820649619', 'longitude': '-122.47527242939053', 'human_address': '{""address"": """", ""city"": """", ""state"": """", ""zip"": """"}'}",1.08E+12,,3,3,2,2,5,wood frame (5),5,wood frame (5),2007-10-03T00:00:00.000,,,,,
5ea1d734eabbc96ff8ab050e,2.01E+11,8,otc alterations permit,2007-01-09T00:00:00.000,983,11,3256,Washington,St,remodel 1 kitchen and 2 bathrooms at upper unit. replace cabinets and appliances. no structural work.,complete,2008-05-23T00:00:00.000,2007-01-09T00:00:00.000,2007-01-09T00:00:00.000,2008-01-09T00:00:00.000Z,40000,40000,2 family dwelling,2 family dwelling,0,2,Presidio Heights,94115,"{'latitude': '37.790268021520355', 'longitude': '-122.44690613709508', 'human_address': '{""address"": """", ""city"": """", ""state"": """", ""zip"": """"}'}",1.08E+11,,4,4,2,2,5,wood frame (5),5,wood frame (5),2008-05-23T00:00:00.000,,,,,
5ea1d734eabbc96ff8ab050f,2.01E+11,8,otc alterations permit,2007-01-09T00:00:00.000,4087,41,2811,20th,St,install 30 pv solar panels on flat roof,complete,2007-02-13T00:00:00.000,2007-01-09T00:00:00.000,2007-01-09T00:00:00.000,2007-07-09T00:00:00.000Z,9000,9000,1 family dwelling,1 family dwelling,2,9,Mission,94110,"{'latitude': '37.759070331745654', 'longitude': '-122.40917627369113', 'human_address': '{""address"": """", ""city"": """", ""state"": """", ""zip"": """"}'}",1.08E+12,,3,3,1,1,5,wood frame (5),5,wood frame (5),2007-02-13T00:00:00.000,,,,,
5ea1d734eabbc96ff8ab0510,M53427,8,otc alterations permit,2007-01-09T00:00:00.000,660,39,2140,Bush,St,street space permit,issued,2007-01-09T00:00:00.000,2007-01-09T00:00:00.000,2007-01-09T00:00:00.000,,,0,,,,5,Pacific Heights,94115,"{'latitude': '37.787418970723046', 'longitude': '-122.43247795904921', 'human_address': '{""address"": """", ""city"": """", ""state"": """", ""zip"": """"}'}",1.08E+12,,,,,,,,,,,,,,,
5ea1d734eabbc96ff8ab0511,2.01E+11,3,additions alterations or repairs,2007-01-09T00:00:00.000,2036A,6,727,Moraga,St,to change eng on record from pa# 2002/01/17/7252 to santos & urrutia structural engineers.various structural changes to 200201177252. this permit supersedes all structural plans uner 200201177252.,issued,2007-03-07T00:00:00.000,2007-01-09T00:00:00.000,2007-03-07T00:00:00.000,2007-09-07T00:00:00.000Z,2000,12000,2 family dwelling,2 family dwelling,2,7,Inner Sunset,94122,"{'latitude': '37.75612468266003', 'longitude': '-122.47054660189393', 'human_address': '{""address"": """", ""city"": """", ""state"": """", ""zip"": """"}'}",1.08E+12,,3,3,2,2,5,wood frame (5),5,wood frame (5),,,,,,
5ea1d734eabbc96ff8ab0512,2.01E+11,3,additions alterations or repairs,2007-01-09T00:00:00.000,2036A,6,729,Moraga,St,to change eng on record from pa# 2002/01/17/7252 to santos & urrutia structural engineers.various structural changes to 200201177252. this permit supersedes all structural plans uner 200201177252.,issued,2007-03-07T00:00:00.000,2007-01-09T00:00:00.000,2007-03-07T00:00:00.000,2007-09-07T00:00:00.000Z,2000,12000,2 family dwelling,2 family dwelling,2,7,Inner Sunset,94122,"{'latitude': '37.75612468266003', 'longitude': '-122.47054660189393', 'human_address': '{""address"": """", ""city"": """", ""state"": """", ""zip"": """"}'}",1.08E+12,,3,3,2,2,5,wood frame (5),5,wood frame (5),,,,,,
5ea1d734eabbc96ff8ab0513,M53422,8,otc alterations permit,2007-01-09T00:00:00.000,868,5,61,Webster,St,sidewalk permit,issued,2007-01-09T00:00:00.000,2007-01-09T00:00:00.000,2007-01-09T00:00:00.000,,,0,,,,5,Hayes Valley,94117,"{'latitude': '37.77067504070421', 'longitude': '-122.42873550901028', 'human_address': '{""address"": """", ""city"": """", ""state"": """", ""zip"": """"}'}",1.08E+11,,,,,,,,,,,,,,,
5ea1d734eabbc96ff8ab0514,M53422,8,otc alterations permit,2007-01-09T00:00:00.000,868,5,63,Webster,St,sidewalk permit,issued,2007-01-09T00:00:00.000,2007-01-09T00:00:00.000,2007-01-09T00:00:00.000,,,0,,,,5,Hayes Valley,94117,"{'latitude': '37.77067504070421', 'longitude': '-122.42873550901028', 'human_address': '{""address"": """", ""city"": """", ""state"": """", ""zip"": """"}'}",1.08E+12,,,,,,,,,,,,,,,
5ea1d734eabbc96ff8ab0515,M53422,8,otc alterations permit,2007-01-09T00:00:00.000,868,5,65,Webster,St,sidewalk permit,issued,2007-01-09T00:00:00.000,2007-01-09T00:00:00.000,2007-01-09T00:00:00.000,,,0,,,,5,Hayes Valley,94117,"{'latitude': '37.77067504070421', 'longitude': '-122.42873550901028', 'human_address': '{""address"": """", ""city"": """", ""state"": """", ""zip"": """"}'}",1.08E+12,,,,,,,,,,,,,,,
5ea1d734eabbc96ff8ab0516,2.01E+11,8,otc alterations permit,2007-01-09T00:00:00.000,1671,007L,891,28th,Av,reroofing,issued,2007-01-09T00:00:00.000,2007-01-09T00:00:00.000,2007-01-09T00:00:00.000,2007-05-09T00:00:00.000Z,4700,4700,1 family dwelling,1 family dwelling,0,1,Outer Richmond,94121,"{'latitude': '37.77262846951915', 'longitude': '-122.48769855902707', 'human_address': '{""address"": """", ""city"": """", ""state"": """", ""zip"": """"}'}",1.08E+12,,,,,,,,,,,,,,,
5ea1d734eabbc96ff8ab0517,2.01E+11,8,otc alterations permit,2007-01-09T00:00:00.000,6566,10,3822,Cesar Chavez,St,replace 8 extg single pane wndw and 1 extg patio door with new double pane wood wndw and door maintaining same sizes and styles. 7 wndw visible from street,complete,2007-02-05T00:00:00.000,2007-01-09T00:00:00.000,2007-01-09T00:00:00.000,2007-07-09T00:00:00.000Z,8840,8840,2 family dwelling,2 family dwelling,0,8,Noe Valley,94131,"{'latitude': '37.74803417978139', 'longitude': '-122.42551652515279', 'human_address': '{""address"": """", ""city"": """", ""state"": """", ""zip"": """"}'}",1.08E+12,,2,2,2,2,5,wood frame (5),5,wood frame (5),2007-02-05T00:00:00.000,,,,,
5ea1d734eabbc96ff8ab0518,M53423,8,otc alterations permit,2007-01-09T00:00:00.000,1201,2,643,Divisadero,St,sidewalk permit,issued,2007-01-09T00:00:00.000,2007-01-09T00:00:00.000,2007-01-09T00:00:00.000,,,0,,,,5,Hayes Valley,94117,"{'latitude': '37.77562651684608', 'longitude': '-122.4382653474189', 'human_address': '{""address"": """", ""city"": """", ""state"": """", ""zip"": """"}'}",1.08E+11,,,,,,,,,,,,,,,
5ea1d734eabbc96ff8ab0519,M53423,8,otc alterations permit,2007-01-09T00:00:00.000,1201,2,645,Divisadero,St,sidewalk permit,issued,2007-01-09T00:00:00.000,2007-01-09T00:00:00.000,2007-01-09T00:00:00.000,,,0,,,,5,Hayes Valley,94117,"{'latitude': '37.77562651684608', 'longitude': '-122.4382653474189', 'human_address': '{""address"": """", ""city"": """", ""state"": """", ""zip"": """"}'}",1.08E+12,,,,,,,,,,,,,,,
5ea1d734eabbc96ff8ab051a,2.01E+11,8,otc alterations permit,2007-01-09T00:00:00.000,6566,10,3824,Cesar Chavez,St,replace 8 extg single pane wndw and 1 extg patio door with new double pane wood wndw and door maintaining same sizes and styles. 7 wndw visible from street,complete,2007-02-05T00:00:00.000,2007-01-09T00:00:00.000,2007-01-09T00:00:00.000,2007-07-09T00:00:00.000Z,8840,8840,2 family dwelling,2 family dwelling,0,8,Noe Valley,94131,"{'latitude': '37.74803417978139', 'longitude': '-122.42551652515279', 'human_address': '{""address"": """", ""city"": """", ""state"": """", ""zip"": """"}'}",1.08E+12,,2,2,2,2,5,wood frame (5),5,wood frame (5),2007-02-05T00:00:00.000,,,,,
5ea1d734eabbc96ff8ab051b,2.01E+11,3,additions alterations or repairs,2007-01-09T00:00:00.000,261,7,200,Sansome,St,"intall 1 fire alarm panel, 4 booster panels, 41 smoke detectors, 1 heat detector, 6 speakers, 69 speakers/strobs, 49 pull stations, 29 modules, 6 firemen phones, 1 printer.",expired,2009-04-07T00:00:00.000,2007-01-09T00:00:00.000,2007-03-12T00:00:00.000,2008-03-12T00:00:00.000Z,65000,65000,office,office,2,3,Financial District/South Beach,94104,"{'latitude': '37.79229561339396', 'longitude': '-122.40070689764669', 'human_address': '{""address"": """", ""city"": """", ""state"": """", ""zip"": """"}'}",1.08E+12,0,16,16,0,0,1,constr type 1,1,constr type 1,,,,,,
5ea1d734eabbc96ff8ab051c,2.01E+11,8,otc alterations permit,2007-01-09T00:00:00.000,3568,12,590,Valencia,St,"work @ restaurant only. relocate hood, install / replace 10' hood, new exhaust fan. type i hood. extinguishing system under separate permit.",complete,2007-08-15T00:00:00.000,2007-01-09T00:00:00.000,2007-01-09T00:00:00.000,2007-07-09T00:00:00.000Z,17000,17000,food/beverage hndlng,food/beverage hndlng,2,8,Mission,94110,"{'latitude': '37.763447760085185', 'longitude': '-122.4220433195789', 'human_address': '{""address"": """", ""city"": """", ""state"": """", ""zip"": """"}'}",1.08E+12,,3,3,21,21,5,wood frame (5),5,wood frame (5),2007-08-15T00:00:00.000,,,,,
5ea1d734eabbc96ff8ab051d,M53424,8,otc alterations permit,2007-01-09T00:00:00.000,221,60,1250,Jones,St,street space permit,issued,2007-01-09T00:00:00.000,2007-01-09T00:00:00.000,2007-01-09T00:00:00.000,,,0,,,,3,Nob Hill,94108,"{'latitude': '37.79305475737979', 'longitude': '-122.41407331282454', 'human_address': '{""address"": """", ""city"": """", ""state"": """", ""zip"": """"}'}",1.08E+11,702,,,,,,,,,,,,,,
5ea1d734eabbc96ff8ab051e,M53425,8,otc alterations permit,2007-01-09T00:00:00.000,3730,84,33,Rausch,St,sidewalk repair,issued,2007-01-09T00:00:00.000,2007-01-09T00:00:00.000,2007-01-09T00:00:00.000,,,0,,,,6,South of Market,94103,"{'latitude': '37.77680828751978', 'longitude': '-122.40974071461123', 'human_address': '{""address"": """", ""city"": """", ""state"": """", ""zip"": """"}'}",1.08E+12,,,,,,,,,,,,,,,
5ea1d734eabbc96ff8ab051f,M53426,8,otc alterations permit,2007-01-09T00:00:00.000,603,17,2149,Jackson,St,street space permit,issued,2007-01-09T00:00:00.000,2007-01-09T00:00:00.000,2007-01-09T00:00:00.000,,,0,,,,2,Pacific Heights,94115,"{'latitude': '37.792726624704834', 'longitude': '-122.43039820138894', 'human_address': '{""address"": """", ""city"": """", ""state"": """", ""zip"": """"}'}",1.08E+11,,,,,,,,,,,,,,,
5ea1d734eabbc96ff8ab0520,2.01E+11,8,otc alterations permit,2007-01-09T00:00:00.000,7537,22,630,30th,St,build fence along property line nextto concrete retaining wall and replace existing trellis,complete,2007-04-11T00:00:00.000,2007-01-09T00:00:00.000,2007-01-09T00:00:00.000,2007-05-09T00:00:00.000Z,5000,5000,1 family dwelling,1 family dwelling,2,8,Glen Park,94131,"{'latitude': '37.74187814405095', 'longitude': '-122.43403212306939', 'human_address': '{""address"": """", ""city"": """", ""state"": """", ""zip"": """"}'}",1.08E+12,,2,2,1,1,5,wood frame (5),5,wood frame (5),2007-04-11T00:00:00.000,,,,,
5ea1d734eabbc96ff8ab0521,M53428,8,otc alterations permit,2007-01-09T00:00:00.000,25,26,840,North Point,St,street space permit,issued,2007-01-09T00:00:00.000,2007-01-09T00:00:00.000,2007-01-09T00:00:00.000,,,0,,,,2,Russian Hill,94109,"{'latitude': '37.80590806633883', 'longitude': '-122.42114956949476', 'human_address': '{""address"": """", ""city"": """", ""state"": """", ""zip"": """"}'}",1.08E+12,,,,,,,,,,,,,,,
5ea1d734eabbc96ff8ab0522,2.01E+11,8,otc alterations permit,2007-01-09T00:00:00.000,715,68,151,Alice B Toklas,Pl,relocate extg fire sprnklr 7 new and 9 relocated,complete,2007-05-16T00:00:00.000,2007-01-09T00:00:00.000,2007-01-09T00:00:00.000,2007-05-09T00:00:00.000Z,4000,4000,apartments,apartments,2,6,Tenderloin,94109,"{'latitude': '37.785087993531405', 'longitude': '-122.42067400388059', 'human_address': '{""address"": """", ""city"": """", ""state"": """", ""zip"": """"}'}",1.08E+12,813,8,8,53,53,1,constr type 1,1,constr type 1,2007-05-16T00:00:00.000,,,,,
5ea1d734eabbc96ff8ab0523,2.01E+11,8,otc alterations permit,2007-01-09T00:00:00.000,182,21,1544,Jones,St,"remodel 1 bathroom, new toilet and tub. ceramic tile on walls & floor.",expired,2012-02-03T00:00:00.000,2007-01-09T00:00:00.000,2007-01-09T00:00:00.000,2007-07-09T00:00:00.000Z,9000,9000,apartments,apartments,0,3,Nob Hill,94133,"{'latitude': '37.79569571663588', 'longitude': '-122.41471661733927', 'human_address': '{""address"": """", ""city"": """", ""state"": """", ""zip"": """"}'}",1.08E+12,,3,3,15,15,5,wood frame (5),5,wood frame (5),,,,,,
5ea1d734eabbc96ff8ab0524,M53442,8,otc alterations permit,2007-01-09T00:00:00.000,1021,30,3365,Sacramento,St,streetspace and sidewalk,issued,2007-01-09T00:00:00.000,2007-01-09T00:00:00.000,2007-01-09T00:00:00.000,,,0,,,,2,Presidio Heights,94118,"{'latitude': '37.78759511186539', 'longitude': '-122.44800648151542', 'human_address': '{""address"": """", ""city"": """", ""state"": """", ""zip"": """"}'}",1.08E+11,,,,,,,,,,,,,,,
5ea1d734eabbc96ff8ab0525,M53443,8,otc alterations permit,2007-01-09T00:00:00.000,1255,076A,1339,Waller,St,streetspace and sidewalk,issued,2007-01-09T00:00:00.000,2007-01-09T00:00:00.000,2007-01-09T00:00:00.000,,,0,,,,5,Haight Ashbury,94117,"{'latitude': '37.7690119286054', 'longitude': '-122.44576467121483', 'human_address': '{""address"": """", ""city"": """", ""state"": """", ""zip"": """"}'}",1.08E+11,,,,,,,,,,,,,,,
5ea1d734eabbc96ff8ab0526,M53443,8,otc alterations permit,2007-01-09T00:00:00.000,1255,076A,1343,Waller,St,streetspace and sidewalk,issued,2007-01-09T00:00:00.000,2007-01-09T00:00:00.000,2007-01-09T00:00:00.000,,,0,,,,5,Haight Ashbury,94117,"{'latitude': '37.7690119286054', 'longitude': '-122.44576467121483', 'human_address': '{""address"": """", ""city"": """", ""state"": """", ""zip"": """"}'}",1.08E+12,,,,,,,,,,,,,,,
5ea1d734eabbc96ff8ab0527,M53444,8,otc alterations permit,2007-01-09T00:00:00.000,1181,014B,1290,Grove,St,streetspace and sidewalk,issued,2007-01-09T00:00:00.000,2007-01-09T00:00:00.000,2007-01-09T00:00:00.000,,,0,,,,5,Hayes Valley,94117,"{'latitude': '37.77619542677946', 'longitude': '-122.43779376987165', 'human_address': '{""address"": """", ""city"": """", ""state"": """", ""zip"": """"}'}",1.08E+11,,,,,,,,,,,,,,,
5ea1d734eabbc96ff8ab0528,M53445,8,otc alterations permit,2007-01-09T00:00:00.000,643,1,1545,Polk,St,streetspace and sidewalk,issued,2007-01-09T00:00:00.000,2007-01-09T00:00:00.000,2007-01-09T00:00:00.000,,,0,,,,3,Nob Hill,94109,"{'latitude': '37.79124924012027', 'longitude': '-122.42110409364383', 'human_address': '{""address"": """", ""city"": """", ""state"": """", ""zip"": """"}'}",1.08E+11,,,,,,,,,,,,,,,
5ea1d734eabbc96ff8ab0529,M53446,8,otc alterations permit,2007-01-09T00:00:00.000,1202,002J,616,Divisadero,St,streetspace and sidewalk,issued,2007-01-09T00:00:00.000,2007-01-09T00:00:00.000,2007-01-09T00:00:00.000,,,0,,,,5,Hayes Valley,94117,"{'latitude': '37.775313751422985', 'longitude': '-122.4374623861592', 'human_address': '{""address"": """", ""city"": """", ""state"": """", ""zip"": """"}'}",1.08E+11,,,,,,,,,,,,,,,
5ea1d734eabbc96ff8ab052a,2.01E+11,8,otc alterations permit,2007-01-09T00:00:00.000,3589,4,2224,Mission,St,"upgrade existing bathrooms with new toilets, sinks, mirrors, crab bars. install new door closures, new handicap accessible fixtures in both bathrooms, new hc stripe area in existing parking lot. no change in front door swings.",expired,2010-01-27T00:00:00.000,2007-01-09T00:00:00.000,2007-01-09T00:00:00.000,2007-05-09T00:00:00.000Z,1800,1800,food/beverage hndlng,food/beverage hndlng,2,9,Mission,94110,"{'latitude': '37.76131886779234', 'longitude': '-122.41973331509486', 'human_address': '{""address"": """", ""city"": """", ""state"": """", ""zip"": """"}'}",1.08E+12,,1,1,0,0,3,constr type 3,3,constr type 3,2007-01-22T00:00:00.000,,,,,
5ea1d734eabbc96ff8ab052b,2.01E+11,8,otc alterations permit,2007-01-09T00:00:00.000,1289,32,160,Belgrave,Av,"a raised walkway-access form 12"" for s/w property line t entry at home, due to steps down and up",complete,2007-05-25T00:00:00.000,2007-01-09T00:00:00.000,2007-01-09T00:00:00.000,2007-07-09T00:00:00.000Z,20000,20000,1 family dwelling,1 family dwelling,2,5,Inner Sunset,94117,"{'latitude': '37.75979376378303', 'longitude': '-122.45082445806806', 'human_address': '{""address"": """", ""city"": """", ""state"": """", ""zip"": """"}'}",1.08E+11,,2,2,1,1,5,wood frame (5),5,wood frame (5),2007-05-25T00:00:00.000,,,,,
5ea1d734eabbc96ff8ab052c,2.01E+11,8,otc alterations permit,2007-01-09T00:00:00.000,2050A,23,1877,Funston,Av,revision to pa# 2006/11/22/8387. to add plans & delete silt fence for emergency winterization of landslide slope (temporary). plan set is shared with 3 other permit applications (see for list above). special inspection requirement remain as in original pa. permit will not be finalized until,complete,2007-02-05T00:00:00.000,2007-01-09T00:00:00.000,2007-01-09T00:00:00.000,2007-05-09T00:00:00.000Z,1,1,1 family dwelling,1 family dwelling,2,7,Inner Sunset,94122,"{'latitude': '37.75309549392775', 'longitude': '-122.47051700617924', 'human_address': '{""address"": """", ""city"": """", ""state"": """", ""zip"": """"}'}",1.08E+12,,2,2,1,1,5,wood frame (5),5,wood frame (5),2007-02-05T00:00:00.000,,,,,
5ea1d734eabbc96ff8ab052d,2.01E+11,3,additions alterations or repairs,2007-01-09T00:00:00.000,664,31,1760,Bush,St,sprinkler monitoriing system install.,expired,2009-04-07T00:00:00.000,2007-01-09T00:00:00.000,2007-08-06T00:00:00.000,2007-12-06T00:00:00.000Z,4000,4000,apartments,apartments,2,5,Pacific Heights,94109,"{'latitude': '37.78818274352447', 'longitude': '-122.42641177635605', 'human_address': '{""address"": """", ""city"": """", ""state"": """", ""zip"": """"}'}",1.08E+12,,6,6,108,108,1,constr type 1,1,constr type 1,,,,,,
5ea1d734eabbc96ff8ab052e,2.01E+11,8,otc alterations permit,2007-01-09T00:00:00.000,2050A,24,1879,Funston,Av,revision to pa# 2006/11/22/8388. to add plans & delete silt fence for emergency winterization of landslide slope (temporary). plan set is shared with 3 other permit applications (see for list above). special inspection requirement remain as in original pa. permit will not be finalized until,complete,2007-02-02T00:00:00.000,2007-01-09T00:00:00.000,2007-01-09T00:00:00.000,2007-05-09T00:00:00.000Z,1,1,1 family dwelling,1 family dwelling,2,7,Inner Sunset,94122,"{'latitude': '37.75300076078577', 'longitude': '-122.47045029242793', 'human_address': '{""address"": """", ""city"": """", ""state"": """", ""zip"": """"}'}",1.08E+12,,2,2,1,1,5,wood frame (5),5,wood frame (5),2007-02-02T00:00:00.000,,,,,
5ea1d734eabbc96ff8ab052f,2.01E+11,8,otc alterations permit,2007-01-09T00:00:00.000,2050A,20,1878,14th,Av,revision to pa# 2006/11/22/8386. to add plans & delete silt fence for emergency winterization of landslide slope (temporary). plan set is shared with 3 other permit applications (see for list above). special inspection requirement remain as in original pa. permit will not be finalized until,complete,2007-02-05T00:00:00.000,2007-01-09T00:00:00.000,2007-01-09T00:00:00.000,2007-05-09T00:00:00.000Z,1,1,1 family dwelling,1 family dwelling,2,7,Inner Sunset,94122,"{'latitude': '37.75286404935374', 'longitude': '-122.47072716911403', 'human_address': '{""address"": """", ""city"": """", ""state"": """", ""zip"": """"}'}",1.08E+12,,2,2,1,1,5,wood frame (5),5,wood frame (5),2007-02-05T00:00:00.000,,,,,
5ea1d734eabbc96ff8ab0530,2.01E+11,8,otc alterations permit,2007-01-09T00:00:00.000,2050A,6,1848,14th,Av,revision to pa# 2006/11/22/8381. to add plans & delete silt fence for emergency winterization of landslide slope (temporary). plan set is shared with 3 other permit applications (see for list above). special inspection requirement remain as in original pa. permit will not be finalized until,complete,2007-02-05T00:00:00.000,2007-01-09T00:00:00.000,2007-01-09T00:00:00.000,2007-05-09T00:00:00.000Z,1,1,vacant lot,vacant lot,2,7,Inner Sunset,94122,"{'latitude': '37.75344407387596', 'longitude': '-122.47086109639314', 'human_address': '{""address"": """", ""city"": """", ""state"": """", ""zip"": """"}'}",1.08E+12,,0,0,0,0,,,,,2007-02-05T00:00:00.000,,,V,,
5ea1d734eabbc96ff8ab0531,2.01E+11,3,additions alterations or repairs,2007-01-09T00:00:00.000,798,9,930,Grove,St,"comply with nov #200671344, issued on 7/14/06. provide (n) driveway access to (n) underground parking garage, provide (n) elevator-residential, provide (n) stair & modify (e) to (n) garage. mep under separate permit.",expired,2017-01-13T00:00:00.000,2007-01-09T00:00:00.000,2012-04-16T00:00:00.000,2015-04-01T00:00:00.000Z,300000,770000,apartments,apartments,2,5,Hayes Valley,94117,"{'latitude': '37.776939949209506', 'longitude': '-122.43228603420641', 'human_address': '{""address"": """", ""city"": """", ""state"": """", ""zip"": """"}'}",1.08E+12,,3,3,13,13,5,wood frame (5),5,wood frame (5),,Y,Y,,2012-04-16T00:00:00.000,
5ea1d734eabbc96ff8ab0532,2.01E+11,8,otc alterations permit,2007-01-09T00:00:00.000,1534,16,491,10th,Av,"remodel 4 kitchens and 4 bathrooms. remove walls and replace with beams. add 4 windows, 2 visible from street.",complete,2007-08-09T00:00:00.000,2007-01-09T00:00:00.000,2007-01-09T00:00:00.000,2008-01-09T00:00:00.000Z,45000,45000,apartments,apartments,2,1,Inner Richmond,94118,"{'latitude': '37.779137298327335', 'longitude': '-122.46861999900403', 'human_address': '{""address"": """", ""city"": """", ""state"": """", ""zip"": """"}'}",1.08E+12,,2,2,4,4,5,wood frame (5),5,wood frame (5),2007-08-09T00:00:00.000,,,,,
5ea1d734eabbc96ff8ab0533,2.01E+11,8,otc alterations permit,2007-01-09T00:00:00.000,1534,16,497,10th,Av,"remodel 4 kitchens and 4 bathrooms. remove walls and replace with beams. add 4 windows, 2 visible from street.",complete,2007-08-09T00:00:00.000,2007-01-09T00:00:00.000,2007-01-09T00:00:00.000,2008-01-09T00:00:00.000Z,45000,45000,apartments,apartments,2,1,Inner Richmond,94118,"{'latitude': '37.779137298327335', 'longitude': '-122.46861999900403', 'human_address': '{""address"": """", ""city"": """", ""state"": """", ""zip"": """"}'}",1.08E+12,0,2,2,4,4,5,wood frame (5),5,wood frame (5),2007-08-09T00:00:00.000,,,,,
5ea1d734eabbc96ff8ab0534,2.01E+11,8,otc alterations permit,2007-01-09T00:00:00.000,7137,15,240,Sagamore,St,reduce the size ofstorage at rear to comply with nov 200685673 & 200680568,complete,2007-05-24T00:00:00.000,2007-01-09T00:00:00.000,2007-01-09T00:00:00.000,2007-05-09T00:00:00.000Z,3000,3000,storage shed,storage shed,2,11,Oceanview/Merced/Ingleside,94112,"{'latitude': '37.71168510251742', 'longitude': '-122.46056193105913', 'human_address': '{""address"": """", ""city"": """", ""state"": """", ""zip"": """"}'}",1.08E+12,,2,2,0,0,5,wood frame (5),5,wood frame (5),2007-05-24T00:00:00.000,,,,,
5ea1d734eabbc96ff8ab0535,2.01E+11,8,otc alterations permit,2007-01-09T00:00:00.000,710,27,55,Western Shore,Ln,"replace kitchen + bathroom floor, sink, vanity, fixtures and 3 kitchen cabinets on unit#5 ground floor. no structural modifications.",complete,2007-02-08T00:00:00.000,2007-01-09T00:00:00.000,2007-01-09T00:00:00.000,2007-07-09T00:00:00.000Z,5500,5500,apartments,apartments,0,5,Western Addition,94115,"{'latitude': '37.78423591834485', 'longitude': '-122.42868045608749', 'human_address': '{""address"": """", ""city"": """", ""state"": """", ""zip"": """"}'}",1.08E+12,,3,3,24,24,5,wood frame (5),5,wood frame (5),2007-02-08T00:00:00.000,,,,,
5ea1d734eabbc96ff8ab0536,2.01E+11,8,otc alterations permit,2007-01-09T00:00:00.000,3755,169,130,Langton,St,"install 4 vinyl windows in kind into existing frames. no change in size or location. windows do  not face the street. if applicable, bedroom windows will comply with section 310.4 for rescue. all windows will be double pane and have a u-factor of .30.",complete,2015-10-05T00:00:00.000,2007-01-09T00:00:00.000,2007-01-09T00:00:00.000,2007-05-09T00:00:00.000Z,2893,2893,apartments,apartments,0,6,South of Market,94103,"{'latitude': '37.775762821678995', 'longitude': '-122.40795499182244', 'human_address': '{""address"": """", ""city"": """", ""state"": """", ""zip"": """"}'}",1.08E+12,,2,2,16,16,5,wood frame (5),5,wood frame (5),2015-10-05T00:00:00.000,,,A,,
5ea1d734eabbc96ff8ab0537,2.01E+11,8,otc alterations permit,2007-01-09T00:00:00.000,592,004D,1924,Jackson,St,"install 7 vinyl windows in kind into existin gframes. no change in size or location. windows do face the street. if applicable, bedroom windows will comply with section 310.4 for rescue. all windows will be double pane and have a u-factor of .30.",complete,2007-04-05T00:00:00.000,2007-01-09T00:00:00.000,2007-01-09T00:00:00.000,2007-05-09T00:00:00.000Z,3069,3069,2 family dwelling,2 family dwelling,0,2,Pacific Heights,94109,"{'latitude': '37.79372365072698', 'longitude': '-122.42684785478208', 'human_address': '{""address"": """", ""city"": """", ""state"": """", ""zip"": """"}'}",1.08E+12,,2,2,2,2,5,wood frame (5),5,wood frame (5),2007-04-05T00:00:00.000,,,,,
5ea1d734eabbc96ff8ab0538,2.01E+11,8,otc alterations permit,2007-01-09T00:00:00.000,3032A,24,702,Foerster,St,to comply w/nov#200677519: install 3 electric wall heaters in middle foor (2 bedrooms & 1 dining room).,complete,2007-02-07T00:00:00.000,2007-01-09T00:00:00.000,2007-01-09T00:00:00.000,2007-05-09T00:00:00.000Z,1500,1500,1 family dwelling,1 family dwelling,0,7,West of Twin Peaks,94127,"{'latitude': '37.73395824369649', 'longitude': '-122.44865742021541', 'human_address': '{""address"": """", ""city"": """", ""state"": """", ""zip"": """"}'}",1.08E+12,,3,3,1,1,5,wood frame (5),5,wood frame (5),2007-02-07T00:00:00.000,,,,,
5ea1d734eabbc96ff8ab0539,2.01E+11,3,additions alterations or repairs,2007-01-09T00:00:00.000,3788,44,680,02nd,St,modification of (e) store front,expired,2008-12-18T00:00:00.000,2007-01-09T00:00:00.000,2007-03-20T00:00:00.000,2008-03-20T00:00:00.000Z,75000,75000,office,office,2,6,Financial District/South Beach,94107,"{'latitude': '37.78069682790208', 'longitude': '-122.39123177386239', 'human_address': '{""address"": """", ""city"": """", ""state"": """", ""zip"": """"}'}",1.08E+12,,5,5,0,0,4,constr type 4,4,constr type 4,,,,,,
5ea1d734eabbc96ff8ab053a,2.01E+11,8,otc alterations permit,2007-01-09T00:00:00.000,2091,21,1991,43rd,Av,"voluntary non-engineered sub structural strengthening. installation of a bolt, hold downsphd-5, plywood sheathing, see specifications attached.",issued,2007-01-09T00:00:00.000,2007-01-09T00:00:00.000,2007-01-09T00:00:00.000,2007-07-09T00:00:00.000Z,16547,16547,1 family dwelling,1 family dwelling,2,4,Sunset/Parkside,94116,"{'latitude': '37.74957914911898', 'longitude': '-122.50218802999092', 'human_address': '{""address"": """", ""city"": """", ""state"": """", ""zip"": """"}'}",1.08E+12,,1,1,1,1,5,wood frame (5),5,wood frame (5),,,,,,
5ea1d734eabbc96ff8ab053b,2.01E+11,8,otc alterations permit,2007-01-09T00:00:00.000,3581,38,67,Ford,St,reroofing,issued,2007-01-09T00:00:00.000,2007-01-09T00:00:00.000,2007-01-09T00:00:00.000,2007-07-09T00:00:00.000Z,18297,18297,1 family dwelling,1 family dwelling,0,8,Castro/Upper Market,94114,"{'latitude': '37.76162696867856', 'longitude': '-122.43201952491756', 'human_address': '{""address"": """", ""city"": """", ""state"": """", ""zip"": """"}'}",1.08E+12,,1,1,1,1,5,wood frame (5),5,wood frame (5),,,,,,
5ea1d734eabbc96ff8ab053c,2.01E+11,8,otc alterations permit,2007-01-09T00:00:00.000,3759,11,800,Bryant,St,renew:200504070957,complete,2007-01-30T00:00:00.000,2007-01-09T00:00:00.000,2007-01-09T00:00:00.000,2007-05-09T00:00:00.000Z,1,1,food/beverage hndlng,food/beverage hndlng,0,6,South of Market,94103,"{'latitude': '37.77602193262931', 'longitude': '-122.40293174859215', 'human_address': '{""address"": """", ""city"": """", ""state"": """", ""zip"": """"}'}",1.08E+12,,3,3,0,0,5,wood frame (5),5,wood frame (5),2007-01-30T00:00:00.000,,,,,
5ea1d734eabbc96ff8ab053d,M53447,8,otc alterations permit,2007-01-09T00:00:00.000,1252,9,135,Belvedere,St,street space,issued,2007-01-09T00:00:00.000,2007-01-09T00:00:00.000,2007-01-09T00:00:00.000,,,0,,,,5,Haight Ashbury,94117,"{'latitude': '37.76799551143707', 'longitude': '-122.44962923881592', 'human_address': '{""address"": """", ""city"": """", ""state"": """", ""zip"": """"}'}",1.08E+11,,,,,,,,,,,,,,,
5ea1d734eabbc96ff8ab053e,M53462,8,otc alterations permit,2007-01-09T00:00:00.000,5708,13,117,Newman,St,street space permit only.,issued,2007-01-09T00:00:00.000,2007-01-09T00:00:00.000,2007-01-09T00:00:00.000,,,0,,,,9,Bernal Heights,94110,"{'latitude': '37.737946817108494', 'longitude': '-122.41748907810631', 'human_address': '{""address"": """", ""city"": """", ""state"": """", ""zip"": """"}'}",1.08E+12,,,,,,,,,,,,,,,
5ea1d734eabbc96ff8ab053f,M53463,8,otc alterations permit,2007-01-09T00:00:00.000,515,2,3157,Fillmore,St,street space & sidewalk,issued,2007-01-09T00:00:00.000,2007-01-09T00:00:00.000,2007-01-09T00:00:00.000,,,0,,,,2,Marina,94123,"{'latitude': '37.798725743589785', 'longitude': '-122.43611637996028', 'human_address': '{""address"": """", ""city"": """", ""state"": """", ""zip"": """"}'}",1.08E+12,0,,,,,,,,,,,,,,
5ea1d734eabbc96ff8ab0540,M53463,8,otc alterations permit,2007-01-09T00:00:00.000,515,2,3161,Fillmore,St,street space & sidewalk,issued,2007-01-09T00:00:00.000,2007-01-09T00:00:00.000,2007-01-09T00:00:00.000,,,0,,,,2,Marina,94123,"{'latitude': '37.798725743589785', 'longitude': '-122.43611637996028', 'human_address': '{""address"": """", ""city"": """", ""state"": """", ""zip"": """"}'}",1.08E+12,,,,,,,,,,,,,,,
5ea1d734eabbc96ff8ab0541,2.01E+11,8,otc alterations permit,2007-01-09T00:00:00.000,798,12,818,Steiner,St,no work notes added regarding tempered windw as per inspectors request. revision to app #200408181946s1,complete,2007-01-31T00:00:00.000,2007-01-09T00:00:00.000,2007-01-09T00:00:00.000,2007-05-09T00:00:00.000Z,1,1,1 family dwelling,1 family dwelling,2,5,Hayes Valley,94117,"{'latitude': '37.777181072120754', 'longitude': '-122.4327947683065', 'human_address': '{""address"": """", ""city"": """", ""state"": """", ""zip"": """"}'}",1.08E+11,,4,4,1,1,5,wood frame (5),5,wood frame (5),2007-01-31T00:00:00.000,,,,,
5ea1d734eabbc96ff8ab0542,2.01E+11,8,otc alterations permit,2007-01-09T00:00:00.000,5519,23,24,Mirabel,Av,remodel kitchen-open up doorway to kitchen. install new slider at back porch.,expired,2008-04-21T00:00:00.000,2007-01-09T00:00:00.000,2007-01-09T00:00:00.000,2007-07-09T00:00:00.000Z,20000,20000,1 family dwelling,1 family dwelling,2,9,Bernal Heights,94110,"{'latitude': '37.74608760284823', 'longitude': '-122.41698217645549', 'human_address': '{""address"": """", ""city"": """", ""state"": """", ""zip"": """"}'}",1.08E+12,,2,2,1,1,5,wood frame (5),5,wood frame (5),,,,,,
5ea1d734eabbc96ff8ab0543,2.01E+11,8,otc alterations permit,2007-01-09T00:00:00.000,2386,14,2475,39th,Av,"modify upper story street front facade, install (2) windows occupying approx. 6'9"" x12'0"" (width) window material milgard wood claf horizontal slider. fiberglan w/wood interior.",complete,2008-01-11T00:00:00.000,2007-01-09T00:00:00.000,2007-01-09T00:00:00.000,2007-05-09T00:00:00.000Z,3500,3500,1 family dwelling,1 family dwelling,2,4,Sunset/Parkside,94116,"{'latitude': '37.74071047035221', 'longitude': '-122.49734887552148', 'human_address': '{""address"": """", ""city"": """", ""state"": """", ""zip"": """"}'}",1.08E+12,,2,2,1,1,5,wood frame (5),5,wood frame (5),2008-01-11T00:00:00.000,,,,,
5ea1d734eabbc96ff8ab0544,2.01E+11,3,additions alterations or repairs,2007-01-09T00:00:00.000,1127,007A,1820,Eddy,St,this is a revision to approved permit #200307280541 and #200602275513. the front hall space is to be reconfigured into 2 areas with a new partition 10'-0 in height. the new areas are within the same extg room. this permit also includes details of as built conditions for soffit areas as per bldg insp,complete,2007-07-26T00:00:00.000,2007-01-09T00:00:00.000,2007-04-02T00:00:00.000,2007-08-02T00:00:00.000Z,1,5000,apartments,apartments,2,5,Western Addition,94115,"{'latitude': '37.78101611945966', 'longitude': '-122.43791633660695', 'human_address': '{""address"": """", ""city"": """", ""state"": """", ""zip"": """"}'}",1.08E+11,,4,4,12,12,5,wood frame (5),5,wood frame (5),2007-07-26T00:00:00.000,,,,,
5ea1d734eabbc96ff8ab0545,M53482,8,otc alterations permit,2007-01-09T00:00:00.000,1017,4,437,Spruce,St,street space permit,issued,2007-01-09T00:00:00.000,2007-01-09T00:00:00.000,2007-01-09T00:00:00.000,,,0,,,,2,Presidio Heights,94118,"{'latitude': '37.78681361114647', 'longitude': '-122.45380379221359', 'human_address': '{""address"": """", ""city"": """", ""state"": """", ""zip"": """"}'}",1.08E+12,0,,,,,,,,,,,,,,
5ea1d734eabbc96ff8ab0546,2.01E+11,8,otc alterations permit,2007-01-09T00:00:00.000,3956,8,300,De Haro,St,revision to 200606214661 parking lot area. relocate handicap stall to opposite side of parking lot. complaint #200564084.,issued,2007-01-09T00:00:00.000,2007-01-09T00:00:00.000,2007-01-09T00:00:00.000,2007-05-09T00:00:00.000Z,1,1,parking lot,parking lot,2,10,Mission Bay,94103,"{'latitude': '37.765595899780195', 'longitude': '-122.40211692334789', 'human_address': '{""address"": """", ""city"": """", ""state"": """", ""zip"": """"}'}",1.08E+12,,1,1,0,0,3,constr type 3,3,constr type 3,,,,,,
5ea1d734eabbc96ff8ab0547,2.01E+11,3,additions alterations or repairs,2007-01-09T00:00:00.000,3587,18,3620,19th,St,bldg #1 - to install new fire sprinkler system.,complete,2009-04-01T00:00:00.000,2007-01-09T00:00:00.000,2007-04-09T00:00:00.000,2007-10-09T00:00:00.000Z,5600,10222,1 family dwelling,1 family dwelling,2,8,Mission,94110,"{'latitude': '37.760438746139016', 'longitude': '-122.42432226418329', 'human_address': '{""address"": """", ""city"": """", ""state"": """", ""zip"": """"}'}",1.09E+12,,2,2,1,1,5,wood frame (5),5,wood frame (5),2009-04-01T00:00:00.000,,,,,
5ea1d734eabbc96ff8ab0548,2.01E+11,3,additions alterations or repairs,2007-01-09T00:00:00.000,3587,18,3620,19th,St,bldg #2 - to install new fire sprinkler system.,complete,2009-04-01T00:00:00.000,2007-01-09T00:00:00.000,2007-04-06T00:00:00.000,2007-10-06T00:00:00.000Z,5600,10222,1 family dwelling,1 family dwelling,2,8,Mission,94110,"{'latitude': '37.760438746139016', 'longitude': '-122.42432226418329', 'human_address': '{""address"": """", ""city"": """", ""state"": """", ""zip"": """"}'}",1.09E+12,,2,2,1,1,5,wood frame (5),5,wood frame (5),2009-04-01T00:00:00.000,,,,,
5ea1d734eabbc96ff8ab0549,2.01E+11,3,additions alterations or repairs,2007-01-09T00:00:00.000,3587,70,3620,19th,St,bldg #2 - to install new fire sprinkler system.,complete,2009-04-01T00:00:00.000,2007-01-09T00:00:00.000,2007-04-06T00:00:00.000,2007-10-06T00:00:00.000Z,5600,10222,1 family dwelling,1 family dwelling,2,8,Mission,94110,"{'latitude': '37.761014018841514', 'longitude': '-122.42432525968303', 'human_address': '{""address"": """", ""city"": """", ""state"": """", ""zip"": """"}'}",1.09E+12,,2,2,1,1,5,wood frame (5),5,wood frame (5),2009-04-01T00:00:00.000,,,,,
5ea1d734eabbc96ff8ab054a,2.01E+11,3,additions alterations or repairs,2007-01-09T00:00:00.000,3587,18,3620,19th,St,bldg# 3 -  to install new fire sprinkler system.,complete,2009-04-01T00:00:00.000,2007-01-09T00:00:00.000,2007-04-06T00:00:00.000,2007-10-06T00:00:00.000Z,5600,5600,1 family dwelling,1 family dwelling,2,8,Mission,94110,"{'latitude': '37.760438746139016', 'longitude': '-122.42432226418329', 'human_address': '{""address"": """", ""city"": """", ""state"": """", ""zip"": """"}'}",1.09E+12,,2,2,1,1,5,wood frame (5),5,wood frame (5),2009-04-01T00:00:00.000,,,,,
5ea1d734eabbc96ff8ab054b,2.01E+11,3,additions alterations or repairs,2007-01-09T00:00:00.000,3587,70,3620,19th,St,bldg# 3 -  to install new fire sprinkler system.,complete,2009-04-01T00:00:00.000,2007-01-09T00:00:00.000,2007-04-06T00:00:00.000,2007-10-06T00:00:00.000Z,5600,5600,1 family dwelling,1 family dwelling,2,8,Mission,94110,"{'latitude': '37.761014018841514', 'longitude': '-122.42432525968303', 'human_address': '{""address"": """", ""city"": """", ""state"": """", ""zip"": """"}'}",1.09E+12,,2,2,1,1,5,wood frame (5),5,wood frame (5),2009-04-01T00:00:00.000,,,,,
5ea1d734eabbc96ff8ab054c,2.01E+11,3,additions alterations or repairs,2007-01-09T00:00:00.000,3587,18,3620,19th,St,bldg #4 - to install new fire sprinkler system.,complete,2009-04-01T00:00:00.000,2007-01-09T00:00:00.000,2007-04-06T00:00:00.000,2007-10-06T00:00:00.000Z,5600,10227,1 family dwelling,1 family dwelling,2,8,Mission,94110,"{'latitude': '37.760438746139016', 'longitude': '-122.42432226418329', 'human_address': '{""address"": """", ""city"": """", ""state"": """", ""zip"": """"}'}",1.09E+12,,2,2,1,1,5,wood frame (5),5,wood frame (5),2009-04-01T00:00:00.000,,,,,
5ea1d734eabbc96ff8ab054d,2.01E+11,3,additions alterations or repairs,2007-01-09T00:00:00.000,3587,70,3620,19th,St,bldg #4 - to install new fire sprinkler system.,complete,2009-04-01T00:00:00.000,2007-01-09T00:00:00.000,2007-04-06T00:00:00.000,2007-10-06T00:00:00.000Z,5600,10227,1 family dwelling,1 family dwelling,2,8,Mission,94110,"{'latitude': '37.761014018841514', 'longitude': '-122.42432525968303', 'human_address': '{""address"": """", ""city"": """", ""state"": """", ""zip"": """"}'}",1.09E+12,,2,2,1,1,5,wood frame (5),5,wood frame (5),2009-04-01T00:00:00.000,,,,,
5ea1d735eabbc96ff8ab054e,2.01E+11,8,otc alterations permit,2007-01-10T00:00:00.000,5471,21,205,Salinas,Av,replace kit;chen cabinets in kind. no structural changes. no other work (no lighting change).,expired,2007-08-23T00:00:00.000,2007-01-10T00:00:00.000,2007-01-10T00:00:00.000,2007-07-10T00:00:00.000Z,10869,10869,1 family dwelling,1 family dwelling,0,10,Bayview Hunters Point,94124,"{'latitude': '37.72095725789466', 'longitude': '-122.39856286991059', 'human_address': '{""address"": """", ""city"": """", ""state"": """", ""zip"": """"}'}",1.08E+12,,2,2,1,1,5,wood frame (5),5,wood frame (5),,,,,,
5ea1d735eabbc96ff8ab054f,M53502,8,otc alterations permit,2007-01-10T00:00:00.000,3787,12,216,Townsend,St,sidewalk permit,issued,2007-01-10T00:00:00.000,2007-01-10T00:00:00.000,2007-01-10T00:00:00.000,,,0,,,,6,South of Market,94107,"{'latitude': '37.778694759874895', 'longitude': '-122.39334678077768', 'human_address': '{""address"": """", ""city"": """", ""state"": """", ""zip"": """"}'}",1.08E+12,,,,,,,,,,,,,,,
5ea1d735eabbc96ff8ab0550,2.01E+11,8,otc alterations permit,2007-01-10T00:00:00.000,6742,30,657,Chenery,St,"replace (e) stucco finish with shingles @ east west and north walls per plan, reface east wall with exterior grade plywood siding.",expired,2008-02-26T00:00:00.000,2007-01-10T00:00:00.000,2007-01-10T00:00:00.000,2007-07-10T00:00:00.000Z,10000,10000,1 family dwelling,1 family dwelling,2,8,Glen Park,94131,"{'latitude': '37.734304560900426', 'longitude': '-122.43309134097113', 'human_address': '{""address"": """", ""city"": """", ""state"": """", ""zip"": """"}'}",1.08E+12,,2,2,1,1,5,wood frame (5),5,wood frame (5),,,,,,
5ea1d735eabbc96ff8ab0551,2.01E+11,8,otc alterations permit,2007-01-10T00:00:00.000,3010,47,709,Myra,Wy,reroofing,complete,2007-01-17T00:00:00.000,2007-01-10T00:00:00.000,2007-01-10T00:00:00.000,2007-07-10T00:00:00.000Z,10000,10000,1 family dwelling,1 family dwelling,0,7,West of Twin Peaks,94127,"{'latitude': '37.74010066108492', 'longitude': '-122.45104523136398', 'human_address': '{""address"": """", ""city"": """", ""state"": """", ""zip"": """"}'}",1.08E+12,,,,,,,,,,2007-01-17T00:00:00.000,,,,,
5ea1d735eabbc96ff8ab0552,2.01E+11,3,additions alterations or repairs,2007-01-10T00:00:00.000,55,18,298,Chestnut,St,revision pa# 200602285576-trellis at rear.,expired,2009-01-26T00:00:00.000,2007-01-10T00:00:00.000,2007-02-23T00:00:00.000,2007-06-23T00:00:00.000Z,1,1,1 family dwelling,1 family dwelling,2,3,North Beach,94133,"{'latitude': '37.804651045438476', 'longitude': '-122.40818237305187', 'human_address': '{""address"": """", ""city"": """", ""state"": """", ""zip"": """"}'}",1.08E+11,,3,3,1,1,5,wood frame (5),5,wood frame (5),,,,,,
5ea1d735eabbc96ff8ab0553,2.01E+11,8,otc alterations permit,2007-01-10T00:00:00.000,862,27,723,Haight,St,"remodel (e) kitchen at 2nd floor (unit #2), remove (e) partition walls at ground level, remove door and window at rear elevation & relocate door, provide (n) 1-hr rated corridor to (e) exit passageway",expired,2009-06-03T00:00:00.000,2007-01-10T00:00:00.000,2007-01-10T00:00:00.000,2007-07-10T00:00:00.000Z,10000,10000,apartments,apartments,2,5,Haight Ashbury,94117,"{'latitude': '37.77141948829418', 'longitude': '-122.43413603090688', 'human_address': '{""address"": """", ""city"": """", ""state"": """", ""zip"": """"}'}",1.08E+11,,4,4,6,6,5,wood frame (5),5,wood frame (5),,,,,,
5ea1d735eabbc96ff8ab0554,M53503,8,otc alterations permit,2007-01-10T00:00:00.000,1528,1,5201,Geary,Bl,street space,issued,2007-01-10T00:00:00.000,2007-01-10T00:00:00.000,2007-01-10T00:00:00.000,,,0,,,,1,Outer Richmond,94118,"{'latitude': '37.78024782265665', 'longitude': '-122.47526607788316', 'human_address': '{""address"": """", ""city"": """", ""state"": """", ""zip"": """"}'}",1.08E+12,,,,,,,,,,,,,,,
5ea1d735eabbc96ff8ab0555,2.01E+11,8,otc alterations permit,2007-01-10T00:00:00.000,6954,022C,975,Cayuga,Av,reroofing,expired,2007-08-09T00:00:00.000,2007-01-10T00:00:00.000,2007-01-10T00:00:00.000,2007-07-10T00:00:00.000Z,6480,6480,1 family dwelling,1 family dwelling,0,11,Outer Mission,94112,"{'latitude': '37.722424967405395', 'longitude': '-122.43927168116689', 'human_address': '{""address"": """", ""city"": """", ""state"": """", ""zip"": """"}'}",1.08E+12,,,,,,,,,,,,,,,
5ea1d735eabbc96ff8ab0556,2.01E+11,8,otc alterations permit,2007-01-10T00:00:00.000,4968,31,1125,Ingerson,Av,"to replace approximily 500 sqft of redwood siding on left side of building. repair of 10 feet of foundation on left side. install, new foundation j bolts on all foundation repair some dry rot on existing doundation plates or 2x4 studs.",expired,2007-07-02T00:00:00.000,2007-01-10T00:00:00.000,2007-01-10T00:00:00.000,2007-05-10T00:00:00.000Z,5000,5000,1 family dwelling,1 family dwelling,0,10,Bayview Hunters Point,94124,"{'latitude': '37.72016998645565', 'longitude': '-122.39542270177228', 'human_address': '{""address"": """", ""city"": """", ""state"": """", ""zip"": """"}'}",1.08E+12,,2,2,1,1,5,wood frame (5),5,wood frame (5),,,,,,
5ea1d735eabbc96ff8ab0557,2.01E+11,8,otc alterations permit,2007-01-10T00:00:00.000,3532,58,71,Woodward,St,reroofing,complete,2012-06-29T00:00:00.000,2007-01-10T00:00:00.000,2007-01-10T00:00:00.000,2007-07-10T00:00:00.000Z,7480,7480,apartments,apartments,0,9,Mission,94103,"{'latitude': '37.768834066736545', 'longitude': '-122.420644052027', 'human_address': '{""address"": """", ""city"": """", ""state"": """", ""zip"": """"}'}",1.08E+12,,,,,,,,,,2012-06-29T00:00:00.000,,,,,
5ea1d735eabbc96ff8ab0558,2.01E+11,8,otc alterations permit,2007-01-10T00:00:00.000,3532,58,73,Woodward,St,reroofing,complete,2012-06-29T00:00:00.000,2007-01-10T00:00:00.000,2007-01-10T00:00:00.000,2007-07-10T00:00:00.000Z,7480,7480,apartments,apartments,0,9,Mission,94103,"{'latitude': '37.768834066736545', 'longitude': '-122.420644052027', 'human_address': '{""address"": """", ""city"": """", ""state"": """", ""zip"": """"}'}",1.08E+12,,,,,,,,,,2012-06-29T00:00:00.000,,,,,
5ea1d735eabbc96ff8ab0559,2.01E+11,3,additions alterations or repairs,2007-01-10T00:00:00.000,3775,53,70,South Park,,revision to application 200510064957 s-1 update structural  dreawings for segamentd pour and steam walls,withdrawn,2007-02-01T00:00:00.000,2007-01-10T00:00:00.000,,,1,,1 family dwelling,1 family dwelling,2,6,Financial District/South Beach,94107,"{'latitude': '37.78206805521809', 'longitude': '-122.39395673506083', 'human_address': '{""address"": """", ""city"": """", ""state"": """", ""zip"": """"}'}",1.08E+12,,3,3,1,1,1,constr type 1,1,constr type 1,,,,,,
5ea1d735eabbc96ff8ab055a,2.01E+11,8,otc alterations permit,2007-01-10T00:00:00.000,1856,40,1528,11th,Av,rev. to pa#2005/07/07/7031- closet and bathroom removel on second floor a.3. new wood screening on roof deck. all on separate permit in future.,complete,2007-01-30T00:00:00.000,2007-01-10T00:00:00.000,2007-01-10T00:00:00.000,2007-05-10T00:00:00.000Z,1,1,1 family dwelling,1 family dwelling,0,7,Inner Sunset,94122,"{'latitude': '37.759676641726855', 'longitude': '-122.46782530344032', 'human_address': '{""address"": """", ""city"": """", ""state"": """", ""zip"": """"}'}",1.08E+12,,2,2,1,1,5,wood frame (5),5,wood frame (5),2007-01-30T00:00:00.000,,,,,
5ea1d735eabbc96ff8ab055b,2.01E+11,8,otc alterations permit,2007-01-10T00:00:00.000,7013,37,58,Jules,Av,"new double pained windows will be installed, two are in front and two are in back.",expired,2009-04-06T00:00:00.000,2007-01-10T00:00:00.000,2007-01-10T00:00:00.000,2007-05-10T00:00:00.000Z,3500,3500,1 family dwelling,1 family dwelling,0,11,Oceanview/Merced/Ingleside,94112,"{'latitude': '37.719287218928265', 'longitude': '-122.4609206433264', 'human_address': '{""address"": """", ""city"": """", ""state"": """", ""zip"": """"}'}",1.08E+12,,2,2,1,1,5,wood frame (5),5,wood frame (5),,,,,,
5ea1d735eabbc96ff8ab055c,M53544,8,otc alterations permit,2007-01-10T00:00:00.000,6516,9,2890,Mission,St,street space & sidewalk repair,issued,2007-01-10T00:00:00.000,2007-01-10T00:00:00.000,2007-01-10T00:00:00.000,,,0,,,,9,Mission,94110,"{'latitude': '37.75079553471085', 'longitude': '-122.4186488303516', 'human_address': '{""address"": """", ""city"": """", ""state"": """", ""zip"": """"}'}",1.08E+12,,,,,,,,,,,,,,,
5ea1d735eabbc96ff8ab055d,2.01E+11,8,otc alterations permit,2007-01-10T00:00:00.000,868,11,244,Hermann,St,"install 12 vinyl windows in kind into (e) frames. no change in size or location. windows do face the street. if applicable, bedroom windows will comply with section 310.4 for rescue. all windows will be double pane & have a u-factor of 0.30.",complete,2007-02-14T00:00:00.000,2007-01-10T00:00:00.000,2007-01-10T00:00:00.000,2007-07-10T00:00:00.000Z,5933,5933,apartments,apartments,0,5,Hayes Valley,94117,"{'latitude': '37.77054078660429', 'longitude': '-122.4292464893063', 'human_address': '{""address"": """", ""city"": """", ""state"": """", ""zip"": """"}'}",1.08E+11,,2,2,4,4,5,wood frame (5),5,wood frame (5),2007-02-14T00:00:00.000,,,,,
5ea1d735eabbc96ff8ab055e,2.01E+11,8,otc alterations permit,2007-01-10T00:00:00.000,2375,21,3620,Taraval,St,unit#1. install 3 vinyl windows in kind into (e) frames.no change in size or location. windows do face the street. all windows will be double pane & have a u-factor of 0.30.,complete,2007-03-08T00:00:00.000,2007-01-10T00:00:00.000,2007-01-10T00:00:00.000,2007-05-10T00:00:00.000Z,2897,2897,2 family dwelling,2 family dwelling,0,4,Sunset/Parkside,94116,"{'latitude': '37.742003103936156', 'longitude': '-122.50508751489104', 'human_address': '{""address"": """", ""city"": """", ""state"": """", ""zip"": """"}'}",1.08E+12,,2,2,2,2,5,wood frame (5),5,wood frame (5),2007-03-08T00:00:00.000,,,,,
5ea1d735eabbc96ff8ab055f,2.01E+11,8,otc alterations permit,2007-01-10T00:00:00.000,2518,36,2821,Yorba,St,"install 3 vinyl windows in kind into (e) frames. no change in size or location. windows do face the front. if applicable, bedroom windows will comply with section 310.4 for rescue. windows do face the street. all windows will be double pane & have a u-factor of 0.30.",issued,2007-01-10T00:00:00.000,2007-01-10T00:00:00.000,2007-01-10T00:00:00.000,2007-05-10T00:00:00.000Z,3188,3188,1 family dwelling,1 family dwelling,0,4,Sunset/Parkside,94116,"{'latitude': '37.73441320792425', 'longitude': '-122.49699699428179', 'human_address': '{""address"": """", ""city"": """", ""state"": """", ""zip"": """"}'}",1.08E+12,,2,2,1,1,5,wood frame (5),5,wood frame (5),,,,,,
5ea1d735eabbc96ff8ab0560,2.01E+11,8,otc alterations permit,2007-01-10T00:00:00.000,1895,26,1678,Great,Hy,"revisiont permit to: app.#20404060513, pernut 1021694. ab built condition in living room area, kitchen layout and family room colset and bedroom.",complete,2008-03-14T00:00:00.000,2007-01-10T00:00:00.000,2007-01-10T00:00:00.000,2007-05-10T00:00:00.000Z,1,1,1 family dwelling,1 family dwelling,2,4,Sunset/Parkside,94122,"{'latitude': '37.75515709321531', 'longitude': '-122.50842135800593', 'human_address': '{""address"": """", ""city"": """", ""state"": """", ""zip"": """"}'}",1.08E+12,,2,2,1,1,5,wood frame (5),5,wood frame (5),2008-03-14T00:00:00.000,,,,,
5ea1d735eabbc96ff8ab0561,2.01E+11,8,otc alterations permit,2007-01-10T00:00:00.000,4710,60,1550,La Salle,Av,"safety bars on three windows (2 in the back of the upstairs, 1 on the side downstair) and on the gate door (back of the house).1 more in front of the house downstairs. totl 4 windows & 1 door. safety bars operable from inside without tools.",complete,2007-04-13T00:00:00.000,2007-01-10T00:00:00.000,2007-01-10T00:00:00.000,2007-05-10T00:00:00.000Z,1000,1000,1 family dwelling,1 family dwelling,0,10,Bayview Hunters Point,94124,"{'latitude': '37.73614514857685', 'longitude': '-122.38759205712786', 'human_address': '{""address"": """", ""city"": """", ""state"": """", ""zip"": """"}'}",1.08E+12,,2,2,1,1,5,wood frame (5),5,wood frame (5),2007-04-13T00:00:00.000,,,,,
5ea1d735eabbc96ff8ab0562,2.01E+11,8,otc alterations permit,2007-01-10T00:00:00.000,6022,31,800,Excelsior,Av,reroofing.,expired,2007-11-30T00:00:00.000,2007-01-10T00:00:00.000,2007-01-10T00:00:00.000,2007-07-10T00:00:00.000Z,8100,8100,1 family dwelling,1 family dwelling,0,11,Excelsior,94112,"{'latitude': '37.72297827910005', 'longitude': '-122.42707399019837', 'human_address': '{""address"": """", ""city"": """", ""state"": """", ""zip"": """"}'}",1.08E+12,,,,,,,,,,,,,,,
5ea1d735eabbc96ff8ab0563,M53522,8,otc alterations permit,2007-01-10T00:00:00.000,1215,16,1100,Oak,St,street space & sidewalk,issued,2007-01-10T00:00:00.000,2007-01-10T00:00:00.000,2007-01-10T00:00:00.000,,,0,,,,5,Hayes Valley,94117,"{'latitude': '37.7733640668518', 'longitude': '-122.43787522657315', 'human_address': '{""address"": """", ""city"": """", ""state"": """", ""zip"": """"}'}",1.08E+11,,,,,,,,,,,,,,,
5ea1d735eabbc96ff8ab0564,M53523,8,otc alterations permit,2007-01-10T00:00:00.000,5362,3,5245,03rd,St,sidewalk,issued,2007-01-10T00:00:00.000,2007-01-10T00:00:00.000,2007-01-10T00:00:00.000,,,0,,,,10,Bayview Hunters Point,94124,"{'latitude': '37.73021354609903', 'longitude': '-122.39201808948252', 'human_address': '{""address"": """", ""city"": """", ""state"": """", ""zip"": """"}'}",1.08E+12,,,,,,,,,,,,,,,
5ea1d735eabbc96ff8ab0565,M53524,8,otc alterations permit,2007-01-10T00:00:00.000,1229,33,1700,Haight,St,sidewalk,issued,2007-01-10T00:00:00.000,2007-01-10T00:00:00.000,2007-01-10T00:00:00.000,,,0,,,,5,Haight Ashbury,94117,"{'latitude': '37.769790601805454', 'longitude': '-122.45045850523246', 'human_address': '{""address"": """", ""city"": """", ""state"": """", ""zip"": """"}'}",10795362379,,,,,,,,,,,,,,,
5ea1d735eabbc96ff8ab0566,M53525,8,otc alterations permit,2007-01-10T00:00:00.000,1228,5,1878,Haight,St,sidewalk,issued,2007-01-10T00:00:00.000,2007-01-10T00:00:00.000,2007-01-10T00:00:00.000,,,0,,,,5,Haight Ashbury,94117,"{'latitude': '37.76954808656871', 'longitude': '-122.45281470382479', 'human_address': '{""address"": """", ""city"": """", ""state"": """", ""zip"": """"}'}",1.08E+12,,,,,,,,,,,,,,,
5ea1d735eabbc96ff8ab0567,M53526,8,otc alterations permit,2007-01-10T00:00:00.000,1228,6,690,Stanyan,St,sidewalk,issued,2007-01-10T00:00:00.000,2007-01-10T00:00:00.000,2007-01-10T00:00:00.000,,,0,,,,5,Haight Ashbury,94117,"{'latitude': '37.769485908014', 'longitude': '-122.45328169319872', 'human_address': '{""address"": """", ""city"": """", ""state"": """", ""zip"": """"}'}",1.08E+12,,,,,,,,,,,,,,,
5ea1d735eabbc96ff8ab0568,M53527,8,otc alterations permit,2007-01-10T00:00:00.000,3932,1,208,Utah,St,street space permit only.,issued,2007-01-10T00:00:00.000,2007-01-10T00:00:00.000,2007-01-10T00:00:00.000,,,0,,,,10,Mission,94103,"{'latitude': '37.76676642726421', 'longitude': '-122.40712560720348', 'human_address': '{""address"": """", ""city"": """", ""state"": """", ""zip"": """"}'}",1.08E+12,,,,,,,,,,,,,,,
5ea1d735eabbc96ff8ab0569,2.01E+11,4,sign - erect,2007-01-10T00:00:00.000,489,22,2398,Lombard,St,to erect a single-faced non-electric walal sign,complete,2007-02-01T00:00:00.000,2007-01-10T00:00:00.000,2007-01-10T00:00:00.000,2007-07-10T00:00:00.000Z,,7000,retail sales,,2,2,Marina,94123,"{'latitude': '37.79950902441924', 'longitude': '-122.44086756460982', 'human_address': '{""address"": """", ""city"": """", ""state"": """", ""zip"": """"}'}",1.08E+12,,,,,,,,,,2007-02-01T00:00:00.000,,,,,
5ea1d735eabbc96ff8ab056a,2.01E+11,8,otc alterations permit,2007-01-10T00:00:00.000,5575,8,16,Joy,St,remove stucco on front of building. re-finish & paint (e) redwood siding. replace 3 windows of same design & size on front of building. replace wood deck of same design & size on front of house. no framing or concrete alterations are planned.,expired,2007-08-01T00:00:00.000,2007-01-10T00:00:00.000,2007-01-10T00:00:00.000,2007-07-10T00:00:00.000Z,20000,20000,1 family dwelling,1 family dwelling,0,9,Bernal Heights,94110,"{'latitude': '37.743940386796424', 'longitude': '-122.40685209756282', 'human_address': '{""address"": """", ""city"": """", ""state"": """", ""zip"": """"}'}",1.08E+12,,2,2,1,1,5,wood frame (5),5,wood frame (5),,,,,,
5ea1d735eabbc96ff8ab056b,2.01E+11,8,otc alterations permit,2007-01-10T00:00:00.000,2618A,21,60,Clifford,Tr,"item ia,3a,3b,3c,5a,5b,5c & 5d per lingruen assoc. report #48843 &8843-s1 (non structural work)",complete,2007-02-01T00:00:00.000,2007-01-10T00:00:00.000,2007-01-10T00:00:00.000,2007-07-10T00:00:00.000Z,9500,9500,1 family dwelling,1 family dwelling,0,8,Castro/Upper Market,94117,"{'latitude': '37.76408753102657', 'longitude': '-122.4437695735175', 'human_address': '{""address"": """", ""city"": """", ""state"": """", ""zip"": """"}'}",1.08E+12,,2,2,1,1,5,wood frame (5),5,wood frame (5),2007-02-01T00:00:00.000,,,,,
5ea1d735eabbc96ff8ab056c,M53542,8,otc alterations permit,2007-01-10T00:00:00.000,5575,8,16,Joy,St,street space permit only.,issued,2007-01-10T00:00:00.000,2007-01-10T00:00:00.000,2007-01-10T00:00:00.000,,,0,,,,9,Bernal Heights,94110,"{'latitude': '37.743940386796424', 'longitude': '-122.40685209756282', 'human_address': '{""address"": """", ""city"": """", ""state"": """", ""zip"": """"}'}",1.08E+12,,,,,,,,,,,,,,,
5ea1d735eabbc96ff8ab056d,M53543,8,otc alterations permit,2007-01-10T00:00:00.000,3786,13,310,Townsend,St,street space,issued,2007-01-10T00:00:00.000,2007-01-10T00:00:00.000,2007-01-10T00:00:00.000,,,0,,,,6,South of Market,94107,"{'latitude': '37.777052036991954', 'longitude': '-122.39574899018349', 'human_address': '{""address"": """", ""city"": """", ""state"": """", ""zip"": """"}'}",1.08E+12,0,,,,,,,,,,,,,,
5ea1d735eabbc96ff8ab056e,M53544,8,otc alterations permit,2007-01-10T00:00:00.000,6516,9,2884,Mission,St,street space & sidewalk repair,issued,2007-01-10T00:00:00.000,2007-01-10T00:00:00.000,2007-01-10T00:00:00.000,,,0,,,,9,Mission,94110,"{'latitude': '37.75079553471085', 'longitude': '-122.4186488303516', 'human_address': '{""address"": """", ""city"": """", ""state"": """", ""zip"": """"}'}",1.08E+12,,,,,,,,,,,,,,,
5ea1d735eabbc96ff8ab056f,2.01E+11,3,additions alterations or repairs,2007-01-10T00:00:00.000,3000B,17,675,Teresita,Bl,"remodel of (e) residence to include (n) master suite (nte 500 sq ft). replace (e) siding, add all windows and exit doors. new decks and balconies, interior stair to be replaced. no vertical.",complete,2009-05-28T00:00:00.000,2007-01-10T00:00:00.000,2007-09-04T00:00:00.000,2008-09-04T00:00:00.000Z,100000,275000,1 family dwelling,1 family dwelling,2,7,West of Twin Peaks,94131,"{'latitude': '37.736017263394785', 'longitude': '-122.44582902716726', 'human_address': '{""address"": """", ""city"": """", ""state"": """", ""zip"": """"}'}",1.08E+12,,3,3,1,1,5,wood frame (5),5,wood frame (5),2009-05-28T00:00:00.000,Y,Y,,,
5ea1d735eabbc96ff8ab0570,2.01E+11,8,otc alterations permit,2007-01-10T00:00:00.000,1155,18,914,Divisadero,St,to renew pa# 2005/09/02/2013 to continue work.,expired,2011-01-20T00:00:00.000,2007-01-10T00:00:00.000,2007-01-10T00:00:00.000,2008-01-10T00:00:00.000Z,50000,50000,office,2 family dwelling,0,5,Western Addition,94115,"{'latitude': '37.778095523567764', 'longitude': '-122.43810811490475', 'human_address': '{""address"": """", ""city"": """", ""state"": """", ""zip"": """"}'}",1.08E+11,,4,4,0,2,5,wood frame (5),5,wood frame (5),,,,,,
5ea1d735eabbc96ff8ab0571,2.01E+11,6,demolitions,2007-01-10T00:00:00.000,4108,003F,2420,03rd,St,to demolish 1 story building,complete,2007-02-16T00:00:00.000,2007-01-10T00:00:00.000,2007-01-10T00:00:00.000,2007-07-09T00:00:00.000Z,,,barber/beauty salon,,0,10,Potrero Hill,94107,"{'latitude': '37.75894062441518', 'longitude': '-122.38872195088865', 'human_address': '{""address"": """", ""city"": """", ""state"": """", ""zip"": """"}'}",1.08E+12,,1,,0,,5,wood frame (5),,,2007-02-16T00:00:00.000,,,,,
5ea1d735eabbc96ff8ab0572,M53545,8,otc alterations permit,2007-01-10T00:00:00.000,5710,23,29,Gladys,St,street space permit only.,issued,2007-01-10T00:00:00.000,2007-01-10T00:00:00.000,2007-01-10T00:00:00.000,,,0,,,,9,Bernal Heights,94110,"{'latitude': '37.73967856610072', 'longitude': '-122.42237884479093', 'human_address': '{""address"": """", ""city"": """", ""state"": """", ""zip"": """"}'}",1.08E+12,,,,,,,,,,,,,,,
5ea1d735eabbc96ff8ab0573,2.01E+11,8,otc alterations permit,2007-01-10T00:00:00.000,6536,23,1175,Sanchez,St,"replace (e) brick foundation with reinforced concrete foundation, replace one section of central support beam with steel i beam.",complete,2008-11-25T00:00:00.000,2007-01-10T00:00:00.000,2007-01-10T00:00:00.000,2008-01-10T00:00:00.000Z,35000,35000,2 family dwelling,2 family dwelling,2,8,Noe Valley,94114,"{'latitude': '37.75026410880694', 'longitude': '-122.4292122772067', 'human_address': '{""address"": """", ""city"": """", ""state"": """", ""zip"": """"}'}",1.08E+12,,3,3,2,2,5,wood frame (5),5,wood frame (5),2008-11-25T00:00:00.000,,,,,
5ea1d735eabbc96ff8ab0574,2.01E+11,8,otc alterations permit,2007-01-10T00:00:00.000,177,1,935,Kearny,St,renew pa#200603297769 for final inspection only.,complete,2007-01-18T00:00:00.000,2007-01-10T00:00:00.000,2007-01-10T00:00:00.000,2007-05-10T00:00:00.000Z,1,1,residential hotel,residential hotel,0,3,Chinatown,94133,"{'latitude': '37.79678685362231', 'longitude': '-122.40557965827051', 'human_address': '{""address"": """", ""city"": """", ""state"": """", ""zip"": """"}'}",10795532153,,4,4,149,149,3,constr type 3,3,constr type 3,2007-01-18T00:00:00.000,,,,,
5ea1d735eabbc96ff8ab0575,2.01E+11,8,otc alterations permit,2007-01-10T00:00:00.000,7096A,36,18,Moneta,Ct,renew pa#2005/12/19/0606 for final inspection only,expired,2008-05-22T00:00:00.000,2007-01-10T00:00:00.000,2007-01-10T00:00:00.000,2007-05-10T00:00:00.000Z,1,1,1 family dwelling,1 family dwelling,0,11,Outer Mission,94112,"{'latitude': '37.71336312419069', 'longitude': '-122.44943069280687', 'human_address': '{""address"": """", ""city"": """", ""state"": """", ""zip"": """"}'}",1.08E+12,,2,2,1,1,5,wood frame (5),5,wood frame (5),,,,,,
5ea1d735eabbc96ff8ab0576,M53546,8,otc alterations permit,2007-01-10T00:00:00.000,200,14,460,Davis,St,street space permit only.,issued,2007-01-10T00:00:00.000,2007-01-10T00:00:00.000,2007-01-10T00:00:00.000,,,0,,,,3,Financial District/South Beach,94111,"{'latitude': '37.79669693582685', 'longitude': '-122.39777129258873', 'human_address': '{""address"": """", ""city"": """", ""state"": """", ""zip"": """"}'}",1.08E+12,,,,,,,,,,,,,,,
5ea1d735eabbc96ff8ab0577,2.01E+11,8,otc alterations permit,2007-01-10T00:00:00.000,2683,5,361,Warren,Dr,"revise appl#200606053193, revise design at  master bath, replace all windows same size, same kind wood windows. remodel (e) 2 baths and kitchen at 2/f",complete,2007-12-05T00:00:00.000,2007-01-10T00:00:00.000,2007-01-10T00:00:00.000,2007-07-10T00:00:00.000Z,22000,22000,1 family dwelling,1 family dwelling,2,7,Inner Sunset,94131,"{'latitude': '37.75587718575485', 'longitude': '-122.46158886846138', 'human_address': '{""address"": """", ""city"": """", ""state"": """", ""zip"": """"}'}",1.08E+12,,2,2,1,1,5,wood frame (5),5,wood frame (5),2007-12-05T00:00:00.000,,,,,
5ea1d735eabbc96ff8ab0578,2.01E+11,8,otc alterations permit,2007-01-10T00:00:00.000,1799,21,1390,45th,Av,replace bath tub. repair & replace damaged walls. repair & replace damaged counter.,issued,2007-01-10T00:00:00.000,2007-01-10T00:00:00.000,2007-01-10T00:00:00.000,2007-05-10T00:00:00.000Z,1000,1000,1 family dwelling,1 family dwelling,0,4,Sunset/Parkside,94122,"{'latitude': '37.76069744292894', 'longitude': '-122.5045867662041', 'human_address': '{""address"": """", ""city"": """", ""state"": """", ""zip"": """"}'}",1.08E+12,,3,3,1,1,5,wood frame (5),5,wood frame (5),,,,,,
5ea1d735eabbc96ff8ab0579,2.01E+11,8,otc alterations permit,2007-01-10T00:00:00.000,1641,43,630,04th,Av,"interior remodeling for an existing residential unit. work includes relocation of kitchen and bedrrom. rearrange of bathrooms as shown, relocate water heater to basement at an open space.",complete,2007-08-07T00:00:00.000,2007-01-10T00:00:00.000,2007-01-10T00:00:00.000,2007-07-10T00:00:00.000Z,25000,25000,2 family dwelling,2 family dwelling,2,1,Inner Richmond,94118,"{'latitude': '37.77676314797811', 'longitude': '-122.46149787639686', 'human_address': '{""address"": """", ""city"": """", ""state"": """", ""zip"": """"}'}",1.08E+12,,2,2,2,2,5,wood frame (5),5,wood frame (5),2007-08-07T00:00:00.000,,,,,
5ea1d735eabbc96ff8ab057a,2.01E+11,3,additions alterations or repairs,2007-01-10T00:00:00.000,229,3,301,Battery,St,"mechanical work, chiller replacement and lighting control. floor 1 thru penthouse.",complete,2008-09-25T00:00:00.000,2007-01-10T00:00:00.000,2007-02-27T00:00:00.000,2009-08-27T00:00:00.000Z,2000000,2000000,office,office,2,3,Chinatown,94111,"{'latitude': '37.79428947707852', 'longitude': '-122.40078475025547', 'human_address': '{""address"": """", ""city"": """", ""state"": """", ""zip"": """"}'}",1.08E+12,,8,8,0,0,2,constr type 2,2,constr type 2,2008-09-25T00:00:00.000,,,,,
5ea1d735eabbc96ff8ab057b,2.01E+11,8,otc alterations permit,2007-01-10T00:00:00.000,3606,48,232,Liberty,St,replace kitchen cabinets + countertops in same locations. (lower unit) (no change in lighting).,complete,2007-03-05T00:00:00.000,2007-01-10T00:00:00.000,2007-01-10T00:00:00.000,2007-07-10T00:00:00.000Z,25000,25000,2 family dwelling,2 family dwelling,0,8,Castro/Upper Market,94114,"{'latitude': '37.75762072705879', 'longitude': '-122.42658440146589', 'human_address': '{""address"": """", ""city"": """", ""state"": """", ""zip"": """"}'}",1.08E+12,,2,2,2,2,5,wood frame (5),5,wood frame (5),2007-03-05T00:00:00.000,,,,,
5ea1d735eabbc96ff8ab057c,2.01E+11,8,otc alterations permit,2007-01-10T00:00:00.000,7138,22,182,Sagamore,St,renewal of permit applic. #2006/02/17/4950 for final inspection only.,complete,2007-01-16T00:00:00.000,2007-01-10T00:00:00.000,2007-01-10T00:00:00.000,2007-05-10T00:00:00.000Z,1,1,1 family dwelling,1 family dwelling,0,11,Oceanview/Merced/Ingleside,94112,"{'latitude': '37.711699507056686', 'longitude': '-122.45851796471565', 'human_address': '{""address"": """", ""city"": """", ""state"": """", ""zip"": """"}'}",1.08E+12,,2,2,1,1,5,wood frame (5),5,wood frame (5),2007-01-16T00:00:00.000,,,,,
5ea1d735eabbc96ff8ab057d,2.01E+11,8,otc alterations permit,2007-01-10T00:00:00.000,5437,41,2469,San Bruno,Av,reroofing,complete,2007-01-24T00:00:00.000,2007-01-10T00:00:00.000,2007-01-10T00:00:00.000,2007-07-10T00:00:00.000Z,19303,19303,1 family dwelling,1 family dwelling,0,9,Portola,94134,"{'latitude': '37.73099141407293', 'longitude': '-122.4047572902765', 'human_address': '{""address"": """", ""city"": """", ""state"": """", ""zip"": """"}'}",1.08E+12,,,,,,,,,,2007-01-24T00:00:00.000,,,,,
5ea1d735eabbc96ff8ab057e,M53562,8,otc alterations permit,2007-01-10T00:00:00.000,3533,73,45,Brosnan,St,street space,issued,2007-01-10T00:00:00.000,2007-01-10T00:00:00.000,2007-01-10T00:00:00.000,,,0,,,,8,Mission,94103,"{'latitude': '37.76855043225975', 'longitude': '-122.42331806825595', 'human_address': '{""address"": """", ""city"": """", ""state"": """", ""zip"": """"}'}",1.08E+12,,,,,,,,,,,,,,,
5ea1d735eabbc96ff8ab057f,2.01E+11,8,otc alterations permit,2007-01-10T00:00:00.000,3704,50,47,06th,St,"renew pa#200406216923,3200304112095 to continue work.",issued,2007-01-10T00:00:00.000,2007-01-10T00:00:00.000,2007-01-10T00:00:00.000,2007-05-10T00:00:00.000Z,1000,1000,residential hotel,residential hotel,0,6,South of Market,94103,"{'latitude': '37.78168696794942', 'longitude': '-122.40922244503778', 'human_address': '{""address"": """", ""city"": """", ""state"": """", ""zip"": """"}'}",1.08E+12,,5,5,63,63,5,wood frame (5),5,wood frame (5),,,,,,
5ea1d735eabbc96ff8ab0580,2.01E+11,8,otc alterations permit,2007-01-10T00:00:00.000,3704,50,55,06th,St,"renew pa#200406216923,3200304112095 to continue work.",issued,2007-01-10T00:00:00.000,2007-01-10T00:00:00.000,2007-01-10T00:00:00.000,2007-05-10T00:00:00.000Z,1000,1000,residential hotel,residential hotel,0,6,South of Market,94103,"{'latitude': '37.78168696794942', 'longitude': '-122.40922244503778', 'human_address': '{""address"": """", ""city"": """", ""state"": """", ""zip"": """"}'}",1.08E+12,,5,5,63,63,5,wood frame (5),5,wood frame (5),,,,,,
5ea1d735eabbc96ff8ab0581,2.01E+11,8,otc alterations permit,2007-01-10T00:00:00.000,804,2,643,Webster,St,revision to appl#200612270583 change from cast-in-place to shotcrete for foundation strengthening.,complete,2007-01-29T00:00:00.000,2007-01-10T00:00:00.000,2007-01-10T00:00:00.000,2007-05-10T00:00:00.000Z,1,1,apartments,apartments,2,5,Hayes Valley,94117,"{'latitude': '37.77667142659695', 'longitude': '-122.42997201236338', 'human_address': '{""address"": """", ""city"": """", ""state"": """", ""zip"": """"}'}",1.08E+12,,3,3,10,10,5,wood frame (5),5,wood frame (5),2007-01-29T00:00:00.000,,,,,
5ea1d735eabbc96ff8ab0582,2.01E+11,8,otc alterations permit,2007-01-10T00:00:00.000,2503A,6,2735,34th,Av,reroofing.,complete,2007-07-19T00:00:00.000,2007-01-10T00:00:00.000,2007-01-10T00:00:00.000,2007-07-10T00:00:00.000Z,15981,15981,1 family dwelling,1 family dwelling,0,4,Sunset/Parkside,94116,"{'latitude': '37.736562637232524', 'longitude': '-122.49170229497658', 'human_address': '{""address"": """", ""city"": """", ""state"": """", ""zip"": """"}'}",1.08E+12,,,,,,,,,,2007-07-19T00:00:00.000,,,,,
5ea1d735eabbc96ff8ab0583,2.01E+11,8,otc alterations permit,2007-01-10T00:00:00.000,3729,57,249,09th,St,(e) garage room with stainless steel surround.,complete,2007-08-06T00:00:00.000,2007-01-10T00:00:00.000,2007-01-10T00:00:00.000,2007-05-10T00:00:00.000Z,1000,1000,residential hotel,residential hotel,2,6,South of Market,94103,"{'latitude': '37.774508876514055', 'longitude': '-122.41217066101979', 'human_address': '{""address"": """", ""city"": """", ""state"": """", ""zip"": """"}'}",1.08E+12,,3,3,20,20,5,wood frame (5),5,wood frame (5),2007-08-06T00:00:00.000,,,,,
5ea1d735eabbc96ff8ab0584,2.01E+11,8,otc alterations permit,2007-01-10T00:00:00.000,3729,57,251,09th,St,(e) garage room with stainless steel surround.,complete,2007-08-06T00:00:00.000,2007-01-10T00:00:00.000,2007-01-10T00:00:00.000,2007-05-10T00:00:00.000Z,1000,1000,residential hotel,residential hotel,2,6,South of Market,94103,"{'latitude': '37.774508876514055', 'longitude': '-122.41217066101979', 'human_address': '{""address"": """", ""city"": """", ""state"": """", ""zip"": """"}'}",1.08E+12,,3,3,20,20,5,wood frame (5),5,wood frame (5),2007-08-06T00:00:00.000,,,,,
5ea1d735eabbc96ff8ab0585,2.01E+11,8,otc alterations permit,2007-01-10T00:00:00.000,6552,22,1285,Sanchez,St,termit & dryrot repair# 8680-06.,expired,2008-05-14T00:00:00.000,2007-01-10T00:00:00.000,2007-01-10T00:00:00.000,2007-07-10T00:00:00.000Z,7100,7100,2 family dwelling,2 family dwelling,0,,,,,1.08E+12,,2,2,2,2,5,wood frame (5),5,wood frame (5),,,,,,
5ea1d735eabbc96ff8ab0586,2.01E+11,8,otc alterations permit,2007-01-10T00:00:00.000,6552,22,1287,Sanchez,St,termit & dryrot repair# 8680-06.,expired,2008-05-14T00:00:00.000,2007-01-10T00:00:00.000,2007-01-10T00:00:00.000,2007-07-10T00:00:00.000Z,7100,7100,2 family dwelling,2 family dwelling,0,,,,,1.08E+12,,2,2,2,2,5,wood frame (5),5,wood frame (5),,,,,,
5ea1d735eabbc96ff8ab0587,2.01E+11,8,otc alterations permit,2007-01-10T00:00:00.000,3544,40,62,Landers,St,"remove  & replace  (e) plywood & rustic siding in the left side lightwell. also repair strructurally damaged studs, plate a sill. approx 100sqft.dryrot  repair only. not visible from street replace in kind.",expired,2008-04-18T00:00:00.000,2007-01-10T00:00:00.000,2007-01-10T00:00:00.000,2007-07-10T00:00:00.000Z,6500,6500,apartments,apartments,0,8,Castro/Upper Market,94114,"{'latitude': '37.76680613769998', 'longitude': '-122.42809136294592', 'human_address': '{""address"": """", ""city"": """", ""state"": """", ""zip"": """"}'}",1.08E+12,,3,3,3,3,5,wood frame (5),5,wood frame (5),,,,,,
5ea1d735eabbc96ff8ab0588,2.01E+11,8,otc alterations permit,2007-01-10T00:00:00.000,3544,40,64,Landers,St,"remove  & replace  (e) plywood & rustic siding in the left side lightwell. also repair strructurally damaged studs, plate a sill. approx 100sqft.dryrot  repair only. not visible from street replace in kind.",expired,2008-04-18T00:00:00.000,2007-01-10T00:00:00.000,2007-01-10T00:00:00.000,2007-07-10T00:00:00.000Z,6500,6500,apartments,apartments,0,8,Castro/Upper Market,94114,"{'latitude': '37.76680613769998', 'longitude': '-122.42809136294592', 'human_address': '{""address"": """", ""city"": """", ""state"": """", ""zip"": """"}'}",1.08E+12,,3,3,3,3,5,wood frame (5),5,wood frame (5),,,,,,
5ea1d735eabbc96ff8ab0589,2.01E+11,8,otc alterations permit,2007-01-10T00:00:00.000,3584,94,155,Hancock,St,aluminum replacement 2 windows & 1 sliding patio door. size for size. no new opening. clear opening to remain the same or greater. duel glazing. u valve 0.42 or lower.,expired,2010-02-02T00:00:00.000,2007-01-10T00:00:00.000,2007-01-10T00:00:00.000,2007-07-10T00:00:00.000Z,6661,6661,apartments,apartments,0,8,Castro/Upper Market,94114,"{'latitude': '37.76003536189801', 'longitude': '-122.43177147361828', 'human_address': '{""address"": """", ""city"": """", ""state"": """", ""zip"": """"}'}",1.08E+12,2,4,4,6,6,5,wood frame (5),5,wood frame (5),,,,,,
5ea1d735eabbc96ff8ab058a,2.01E+11,3,additions alterations or repairs,2007-01-10T00:00:00.000,7109,19,825,Huron,Av,proposed two story horizontal addition @ front of bldg.,cancelled,2009-03-17T00:00:00.000,2007-01-10T00:00:00.000,,,150000,150000,1 family dwelling,1 family dwelling,2,11,Outer Mission,94112,"{'latitude': '37.71062898455714', 'longitude': '-122.45100173167633', 'human_address': '{""address"": """", ""city"": """", ""state"": """", ""zip"": """"}'}",1.08E+12,,2,2,1,1,5,wood frame (5),5,wood frame (5),,Y,Y,,,
5ea1d735eabbc96ff8ab058b,2.01E+11,8,otc alterations permit,2007-01-10T00:00:00.000,3584,95,155,Hancock,St,aluminum replacement 4 windows. size for size. no new opening. clear opening to remain the same or greater. duel glazing. u valve 0.42 or lower.,complete,2007-01-30T00:00:00.000,2007-01-10T00:00:00.000,2007-01-10T00:00:00.000,2007-05-10T00:00:00.000Z,2500,2500,apartments,apartments,0,8,Castro/Upper Market,94114,"{'latitude': '37.76003536189801', 'longitude': '-122.43177147361828', 'human_address': '{""address"": """", ""city"": """", ""state"": """", ""zip"": """"}'}",1.08E+12,3,4,4,6,6,5,wood frame (5),5,wood frame (5),2007-01-30T00:00:00.000,,,,,
5ea1d735eabbc96ff8ab058c,2.01E+11,8,otc alterations permit,2007-01-10T00:00:00.000,3584,96,155,Hancock,St,aluminum replacement 9 windows & 1 sliding patio door. like for like. no new opening. clear opening to remain the same or greater. duel glazing. u valve 0.42 or lower.,complete,2007-01-30T00:00:00.000,2007-01-10T00:00:00.000,2007-01-10T00:00:00.000,2007-05-10T00:00:00.000Z,3511,3511,apartments,apartments,0,8,Castro/Upper Market,94114,"{'latitude': '37.76003536189801', 'longitude': '-122.43177147361828', 'human_address': '{""address"": """", ""city"": """", ""state"": """", ""zip"": """"}'}",1.08E+12,4,4,4,6,6,5,wood frame (5),5,wood frame (5),2007-01-30T00:00:00.000,,,,,
5ea1d735eabbc96ff8ab058d,2.01E+11,8,otc alterations permit,2007-01-10T00:00:00.000,3584,97,155,Hancock,St,work @ unit# 5 only. aluminum replacement 7 windows. size for size. no new opening. clear opening to remain the same or greater. duel glazing. u valve 0.42 or lower.,complete,2007-01-30T00:00:00.000,2007-01-10T00:00:00.000,2007-01-10T00:00:00.000,2007-05-10T00:00:00.000Z,4002,4002,apartments,apartments,0,8,Castro/Upper Market,94114,"{'latitude': '37.76003536189801', 'longitude': '-122.43177147361828', 'human_address': '{""address"": """", ""city"": """", ""state"": """", ""zip"": """"}'}",1.08E+12,5,4,4,6,6,5,wood frame (5),5,wood frame (5),2007-01-30T00:00:00.000,,,,,
5ea1d735eabbc96ff8ab058e,2.01E+11,8,otc alterations permit,2007-01-10T00:00:00.000,993,21,3725,Washington,St,"replace 3 existing skylights  same size, location, style.",complete,2007-03-12T00:00:00.000,2007-01-10T00:00:00.000,2007-01-10T00:00:00.000,2007-07-10T00:00:00.000Z,6000,6000,1 family dwelling,1 family dwelling,0,2,Presidio Heights,94118,"{'latitude': '37.78877659062538', 'longitude': '-122.45436274204886', 'human_address': '{""address"": """", ""city"": """", ""state"": """", ""zip"": """"}'}",1.08E+11,,2,2,1,1,5,wood frame (5),5,wood frame (5),2007-03-12T00:00:00.000,,,,,
5ea1d735eabbc96ff8ab058f,2.01E+11,8,otc alterations permit,2007-01-10T00:00:00.000,3544,40,62,Landers,St,"remove  & replace  (e) plywood & rustic siding in the left side lightwell. also repair strructurally damaged studs, plate a sill. approx 100sqft.dryrot  repair only. not visible from street replace in kind.",expired,2008-04-18T00:00:00.000,2007-01-10T00:00:00.000,2007-01-10T00:00:00.000,2007-07-10T00:00:00.000Z,6500,6500,apartments,apartments,0,8,Castro/Upper Market,94114,"{'latitude': '37.76680613769998', 'longitude': '-122.42809136294592', 'human_address': '{""address"": """", ""city"": """", ""state"": """", ""zip"": """"}'}",1.08E+12,,3,3,3,3,5,wood frame (5),5,wood frame (5),,,,A,,
5ea1d735eabbc96ff8ab0590,2.01E+11,8,otc alterations permit,2007-01-10T00:00:00.000,7550,31,333,Addison,St,revise pa# 2007/01/02/0833. dryrot explore. repair sheething & siding and less than 10 studs. not visible from street.,complete,2007-02-06T00:00:00.000,2007-01-10T00:00:00.000,2007-01-10T00:00:00.000,2007-05-10T00:00:00.000Z,1,1,1 family dwelling,1 family dwelling,0,8,Glen Park,94131,"{'latitude': '37.73992689728953', 'longitude': '-122.43469595547313', 'human_address': '{""address"": """", ""city"": """", ""state"": """", ""zip"": """"}'}",1.08E+12,,2,2,1,1,5,wood frame (5),5,wood frame (5),2007-02-06T00:00:00.000,,,,,
5ea1d735eabbc96ff8ab0591,2.01E+11,8,otc alterations permit,2007-01-10T00:00:00.000,207,32,600,Montgomery,St,"oti-1  13th floor el, me, l/s, sp",complete,2008-12-17T00:00:00.000,2007-01-10T00:00:00.000,2007-01-10T00:00:00.000,2008-01-10T00:00:00.000Z,35000,35000,office,office,2,3,Chinatown,94111,"{'latitude': '37.79515270651952', 'longitude': '-122.4027150305396', 'human_address': '{""address"": """", ""city"": """", ""state"": """", ""zip"": """"}'}",1.08E+11,,48,48,0,0,1,constr type 1,1,constr type 1,2008-12-17T00:00:00.000,,,,,
5ea1d735eabbc96ff8ab0592,2.01E+11,8,otc alterations permit,2007-01-10T00:00:00.000,207,32,600,Montgomery,St,"oti-1, 5th floor, el, ls, sp",complete,2008-12-22T00:00:00.000,2007-01-10T00:00:00.000,2007-01-10T00:00:00.000,2007-07-10T00:00:00.000Z,20000,20000,office,office,2,3,Chinatown,94111,"{'latitude': '37.79515270651952', 'longitude': '-122.4027150305396', 'human_address': '{""address"": """", ""city"": """", ""state"": """", ""zip"": """"}'}",1.08E+11,,48,48,0,0,1,constr type 1,1,constr type 1,2008-12-22T00:00:00.000,,,,,
5ea1d735eabbc96ff8ab0593,M53582,8,otc alterations permit,2007-01-10T00:00:00.000,1422,39,206,12th,Av,street space,issued,2007-01-10T00:00:00.000,2007-01-10T00:00:00.000,2007-01-10T00:00:00.000,,,0,,,,1,Inner Richmond,94118,"{'latitude': '37.78428628910282', 'longitude': '-122.47078696424983', 'human_address': '{""address"": """", ""city"": """", ""state"": """", ""zip"": """"}'}",1.08E+12,,,,,,,,,,,,,,,
5ea1d735eabbc96ff8ab0594,M53582,8,otc alterations permit,2007-01-10T00:00:00.000,1422,39,212,12th,Av,street space,issued,2007-01-10T00:00:00.000,2007-01-10T00:00:00.000,2007-01-10T00:00:00.000,,,0,,,,1,Inner Richmond,94118,"{'latitude': '37.78428628910282', 'longitude': '-122.47078696424983', 'human_address': '{""address"": """", ""city"": """", ""state"": """", ""zip"": """"}'}",1.08E+12,,,,,,,,,,,,,,,
5ea1d735eabbc96ff8ab0595,2.01E+11,8,otc alterations permit,2007-01-10T00:00:00.000,1125,9,2010,Eddy,St,"all work in kind: to repair dry rot sill plate, 14' in garage from leaking bath tub drain.to repair and replace deck posts (3) to replace beetle damaged deck ledger and decking close to house shingles, replace deck facia board due to beetle and fungus damage.not seen from street. 20' long x 8' wide",complete,2007-04-10T00:00:00.000,2007-01-10T00:00:00.000,2007-01-10T00:00:00.000,2007-07-10T00:00:00.000Z,10800,10800,apartments,apartments,0,2,Western Addition,94115,"{'latitude': '37.7805172188185', 'longitude': '-122.44102431128223', 'human_address': '{""address"": """", ""city"": """", ""state"": """", ""zip"": """"}'}",1.08E+11,,3,3,4,4,5,wood frame (5),5,wood frame (5),2007-04-10T00:00:00.000,,,,,
5ea1d735eabbc96ff8ab0596,M53583,8,otc alterations permit,2007-01-10T00:00:00.000,864,22,627,Waller,St,streetspace,issued,2007-01-10T00:00:00.000,2007-01-10T00:00:00.000,2007-01-10T00:00:00.000,,,0,,,,8,Haight Ashbury,94117,"{'latitude': '37.770478429455174', 'longitude': '-122.43398709060403', 'human_address': '{""address"": """", ""city"": """", ""state"": """", ""zip"": """"}'}",1.08E+11,,,,,,,,,,,,,,,
5ea1d735eabbc96ff8ab0597,2.01E+11,8,otc alterations permit,2007-01-10T00:00:00.000,73,002A,2135,Taylor,St,remove one interior wall between dining and kitchen area only on 3rd floor.,complete,2007-05-25T00:00:00.000,2007-01-10T00:00:00.000,2007-01-10T00:00:00.000,2007-05-10T00:00:00.000Z,2000,2000,apartments,apartments,2,3,Russian Hill,94133,"{'latitude': '37.80215723607119', 'longitude': '-122.41484100574996', 'human_address': '{""address"": """", ""city"": """", ""state"": """", ""zip"": """"}'}",1.08E+12,,4,4,3,3,5,wood frame (5),5,wood frame (5),2007-05-25T00:00:00.000,,,,,
5ea1d735eabbc96ff8ab0598,2.01E+11,8,otc alterations permit,2007-01-10T00:00:00.000,7218,7,3070,21st,Av,"termite repair at bay window at front of the house, replace 22 of (e) windows.",expired,2008-11-18T00:00:00.000,2007-01-10T00:00:00.000,2007-01-10T00:00:00.000,2007-07-10T00:00:00.000Z,12000,12000,1 family dwelling,1 family dwelling,2,7,Sunset/Parkside,94132,"{'latitude': '37.7315917351761', 'longitude': '-122.47660495263123', 'human_address': '{""address"": """", ""city"": """", ""state"": """", ""zip"": """"}'}",1.08E+12,,2,2,1,1,5,wood frame (5),5,wood frame (5),,,,,,
5ea1d735eabbc96ff8ab0599,2.01E+11,8,otc alterations permit,2007-01-10T00:00:00.000,2851,20,201,Glenview,Dr,repair and replace dry rotted guard rail,complete,2007-01-17T00:00:00.000,2007-01-10T00:00:00.000,2007-01-10T00:00:00.000,2007-05-10T00:00:00.000Z,1500,1500,2 family dwelling,2 family dwelling,0,8,Twin Peaks,94131,"{'latitude': '37.74880516699032', 'longitude': '-122.44707062076658', 'human_address': '{""address"": """", ""city"": """", ""state"": """", ""zip"": """"}'}",1.08E+12,,2,2,2,2,5,wood frame (5),5,wood frame (5),2007-01-17T00:00:00.000,,,,,
5ea1d735eabbc96ff8ab059a,2.01E+11,8,otc alterations permit,2007-01-10T00:00:00.000,6534,021A,1265,Dolores,St,renewal of permit application #200511188536 and permit 1072806 for final inspection.,complete,2007-01-16T00:00:00.000,2007-01-10T00:00:00.000,2007-01-10T00:00:00.000,2007-05-10T00:00:00.000Z,1,1,apartments,apartments,0,8,Mission,94110,"{'latitude': '37.74926195254733', 'longitude': '-122.42448475997335', 'human_address': '{""address"": """", ""city"": """", ""state"": """", ""zip"": """"}'}",1.08E+12,,2,2,6,6,5,wood frame (5),5,wood frame (5),2007-01-16T00:00:00.000,,,,,
5ea1d735eabbc96ff8ab059b,2.01E+11,8,otc alterations permit,2007-01-10T00:00:00.000,3254,3,220,San Benito,Wy,renovate (e) kitchen and bathrooms only on 2nd floor.,complete,2007-05-18T00:00:00.000,2007-01-10T00:00:00.000,2007-01-10T00:00:00.000,2007-07-10T00:00:00.000Z,15000,15000,1 family dwelling,1 family dwelling,2,7,West of Twin Peaks,94127,"{'latitude': '37.73269782902508', 'longitude': '-122.46720875325877', 'human_address': '{""address"": """", ""city"": """", ""state"": """", ""zip"": """"}'}",1.08E+12,,2,2,1,1,5,wood frame (5),5,wood frame (5),2007-05-18T00:00:00.000,,,,,
5ea1d735eabbc96ff8ab059c,2.01E+11,3,additions alterations or repairs,2007-01-10T00:00:00.000,1028,23,2863,California,St,"revision to pa #2002/08/06/3236 - revise garage level plan, foundation and 1st floor framing plans, where and as shown on the plans. expansion of mezzanine to floor - revise all floor plans.",complete,2009-02-18T00:00:00.000,2007-01-10T00:00:00.000,2007-11-05T00:00:00.000,2008-11-05T00:00:00.000Z,1,30000,apartments,apartments,2,2,Pacific Heights,94115,"{'latitude': '37.78762156844761', 'longitude': '-122.44150652913073', 'human_address': '{""address"": """", ""city"": """", ""state"": """", ""zip"": """"}'}",1.08E+11,,4,4,3,3,5,wood frame (5),5,wood frame (5),2009-02-18T00:00:00.000,Y,,,,
5ea1d735eabbc96ff8ab059d,2.01E+11,8,otc alterations permit,2007-01-10T00:00:00.000,5708,18,205,Bennington,St,"optional voluntary anchorbolt retrofit. install anchorbolts at 4"" intervals in existing perimeter foundation. anchors to be 5/8 x12"" threaded rod with 2' square washers, epoxy set with 7"" embedment. construct plywood stiffening panels on existing basement walls.panels to be 1/2 cdx plywood, nailed",expired,2013-02-04T00:00:00.000,2007-01-10T00:00:00.000,2007-01-10T00:00:00.000,2007-05-10T00:00:00.000Z,2000,2000,2 family dwelling,2 family dwelling,0,9,Bernal Heights,94110,"{'latitude': '37.73815800729215', 'longitude': '-122.41767420492035', 'human_address': '{""address"": """", ""city"": """", ""state"": """", ""zip"": """"}'}",1.08E+12,,2,2,2,2,5,wood frame (5),5,wood frame (5),,,,,,
5ea1d735eabbc96ff8ab059e,2.01E+11,8,otc alterations permit,2007-01-10T00:00:00.000,5708,18,207,Bennington,St,"optional voluntary anchorbolt retrofit. install anchorbolts at 4"" intervals in existing perimeter foundation. anchors to be 5/8 x12"" threaded rod with 2' square washers, epoxy set with 7"" embedment. construct plywood stiffening panels on existing basement walls.panels to be 1/2 cdx plywood, nailed",expired,2013-02-04T00:00:00.000,2007-01-10T00:00:00.000,2007-01-10T00:00:00.000,2007-05-10T00:00:00.000Z,2000,2000,2 family dwelling,2 family dwelling,0,9,Bernal Heights,94110,"{'latitude': '37.73815800729215', 'longitude': '-122.41767420492035', 'human_address': '{""address"": """", ""city"": """", ""state"": """", ""zip"": """"}'}",1.08E+12,,2,2,2,2,5,wood frame (5),5,wood frame (5),,,,,,
5ea1d735eabbc96ff8ab059f,M53602,8,otc alterations permit,2007-01-10T00:00:00.000,620,14,1680,Clay,St,streetspace,issued,2007-01-10T00:00:00.000,2007-01-10T00:00:00.000,2007-01-10T00:00:00.000,,,0,,,,3,Russian Hill,94109,"{'latitude': '37.792632426447135', 'longitude': '-122.42071995251334', 'human_address': '{""address"": """", ""city"": """", ""state"": """", ""zip"": """"}'}",1.08E+11,,,,,,,,,,,,,,,
5ea1d735eabbc96ff8ab05a0,2.01E+11,8,otc alterations permit,2007-01-10T00:00:00.000,942,37,2775,Greenwich,St,split one bathroom and closer ino two bathroom all lighting per title 24,cancelled,2007-08-03T00:00:00.000,2007-01-10T00:00:00.000,2007-01-10T00:00:00.000,2007-07-10T00:00:00.000Z,10000,10000,1 family dwelling,1 family dwelling,2,2,Marina,94123,"{'latitude': '37.797495310705614', 'longitude': '-122.44525601401125', 'human_address': '{""address"": """", ""city"": """", ""state"": """", ""zip"": """"}'}",1.08E+11,2775,2,2,1,1,5,wood frame (5),5,wood frame (5),,,,,,
5ea1d735eabbc96ff8ab05a1,2.01E+11,8,otc alterations permit,2007-01-10T00:00:00.000,5802,20,3999,Mission,St,renewal for expired permit applic. #2000/10/26/4172 for final inspection.,complete,2007-03-01T00:00:00.000,2007-01-10T00:00:00.000,2007-01-10T00:00:00.000,2007-05-10T00:00:00.000Z,1,1,apartments,apartments,0,9,Bernal Heights,94112,"{'latitude': '37.73385183654777', 'longitude': '-122.42585121398481', 'human_address': '{""address"": """", ""city"": """", ""state"": """", ""zip"": """"}'}",10795992565,,4,4,16,16,4,constr type 4,4,constr type 4,2007-03-01T00:00:00.000,,,,,
5ea1d735eabbc96ff8ab05a2,M53603,8,otc alterations permit,2007-01-10T00:00:00.000,106,017D,33,Alta,St,streetpace,issued,2007-01-10T00:00:00.000,2007-01-10T00:00:00.000,2007-01-10T00:00:00.000,,,0,,,,3,North Beach,94133,"{'latitude': '37.80147114754607', 'longitude': '-122.40415862467185', 'human_address': '{""address"": """", ""city"": """", ""state"": """", ""zip"": """"}'}",1.08E+11,,,,,,,,,,,,,,,
5ea1d735eabbc96ff8ab05a3,M53604,8,otc alterations permit,2007-01-10T00:00:00.000,979,5,2311,Scott,St,street space permit,issued,2007-01-10T00:00:00.000,2007-01-10T00:00:00.000,2007-01-10T00:00:00.000,,,0,,,,,,,,1.08E+12,,,,,,,,,,,,,,,
5ea1d735eabbc96ff8ab05a4,2.01E+11,8,otc alterations permit,2007-01-10T00:00:00.000,7025,18,211,Tara,St,reroofing,complete,2007-01-23T00:00:00.000,2007-01-10T00:00:00.000,2007-01-10T00:00:00.000,2007-07-10T00:00:00.000Z,8000,8000,1 family dwelling,1 family dwelling,0,11,Oceanview/Merced/Ingleside,94112,"{'latitude': '37.71982946546408', 'longitude': '-122.44916624255849', 'human_address': '{""address"": """", ""city"": """", ""state"": """", ""zip"": """"}'}",1.08E+12,,,,,,,,,,2007-01-23T00:00:00.000,,,,,
5ea1d735eabbc96ff8ab05a5,M53605,8,otc alterations permit,2007-01-10T00:00:00.000,1444,9,345,12th,Av,sidewalk permit only.,issued,2007-01-10T00:00:00.000,2007-01-10T00:00:00.000,2007-01-10T00:00:00.000,,,0,,,,1,Inner Richmond,94118,"{'latitude': '37.7817394499235', 'longitude': '-122.47110954106573', 'human_address': '{""address"": """", ""city"": """", ""state"": """", ""zip"": """"}'}",1.08E+11,,,,,,,,,,,,,,,
5ea1d735eabbc96ff8ab05a6,M53606,8,otc alterations permit,2007-01-10T00:00:00.000,3556,25,299,Dolores,St,street space,issued,2007-01-10T00:00:00.000,2007-01-10T00:00:00.000,2007-01-10T00:00:00.000,,,0,,,,8,Mission,94103,"{'latitude': '37.76503523792591', 'longitude': '-122.42584448457588', 'human_address': '{""address"": """", ""city"": """", ""state"": """", ""zip"": """"}'}",1.08E+12,,,,,,,,,,,,,,,
5ea1d735eabbc96ff8ab05a7,2.01E+11,8,otc alterations permit,2007-01-10T00:00:00.000,6915,12,60,Urbano,Dr,"remodel bathrooms,1 kitchen, change accessories, light fixtures,appliances,(2). no change to fixtures. remove wall to wall carpet,refinish hardwood floors, paint interior/exterior, rpair cracks on ceiling of living rm/dining rm",complete,2007-05-25T00:00:00.000,2007-01-10T00:00:00.000,2007-01-10T00:00:00.000,2007-05-10T00:00:00.000Z,5000,5000,1 family dwelling,1 family dwelling,0,7,West of Twin Peaks,94127,"{'latitude': '37.72521762793758', 'longitude': '-122.46357079197217', 'human_address': '{""address"": """", ""city"": """", ""state"": """", ""zip"": """"}'}",1.08E+12,,2,2,1,1,5,wood frame (5),5,wood frame (5),2007-05-25T00:00:00.000,,,,,
5ea1d735eabbc96ff8ab05a8,2.01E+11,8,otc alterations permit,2007-01-10T00:00:00.000,5339,15,1623,Quesada,Av,"remove unused gas line, ground floor (cap in wall). modify existin gcoutner @ ground floor for installation of new a/v entertainment center (less than 50% of voltage). open wall 1' max. between family & bedroom for opening family room. see plan",complete,2007-01-29T00:00:00.000,2007-01-10T00:00:00.000,2007-01-10T00:00:00.000,2007-05-10T00:00:00.000Z,3000,3000,1 family dwelling,1 family dwelling,2,10,Bayview Hunters Point,94124,"{'latitude': '37.73235753170797', 'longitude': '-122.3902589305954', 'human_address': '{""address"": """", ""city"": """", ""state"": """", ""zip"": """"}'}",1.08E+12,,2,2,1,1,5,wood frame (5),5,wood frame (5),2007-01-29T00:00:00.000,,,,,
5ea1d735eabbc96ff8ab05a9,2.01E+11,8,otc alterations permit,2007-01-10T00:00:00.000,6509,20,3899,24th,St,"revise storefront, office partitions, & restroom to pa# 2006/07/07/5910 submit for mechanical drawings.",complete,2007-03-12T00:00:00.000,2007-01-10T00:00:00.000,2007-01-10T00:00:00.000,2007-05-10T00:00:00.000Z,500,500,office,office,2,8,Noe Valley,94114,"{'latitude': '37.75138466492652', 'longitude': '-122.42944977279261', 'human_address': '{""address"": """", ""city"": """", ""state"": """", ""zip"": """"}'}",1.08E+12,,3,3,2,2,5,wood frame (5),5,wood frame (5),2007-03-12T00:00:00.000,,,,,
5ea1d735eabbc96ff8ab05aa,2.01E+11,8,otc alterations permit,2007-01-10T00:00:00.000,1013,14,3880,Sacramento,St,revise current permit app#200606053233 to eliminate work on o upper floor and reinforce (e) fireplace at foundation only.,complete,2007-10-19T00:00:00.000,2007-01-10T00:00:00.000,2007-01-10T00:00:00.000,2007-05-10T00:00:00.000Z,1,1,2 family dwelling,2 family dwelling,2,2,Presidio Heights,94118,"{'latitude': '37.78720305442757', 'longitude': '-122.45655278739959', 'human_address': '{""address"": """", ""city"": """", ""state"": """", ""zip"": """"}'}",1.08E+11,,2,2,1,1,5,wood frame (5),5,wood frame (5),2007-10-19T00:00:00.000,,,,,
5ea1d735eabbc96ff8ab05ab,2.01E+11,3,additions alterations or repairs,2007-01-10T00:00:00.000,4268,36,2889,24th,St,installation of fire alarm system in new bldng.,complete,2007-02-01T00:00:00.000,2007-01-10T00:00:00.000,2007-01-23T00:00:00.000,2008-01-23T00:00:00.000Z,49000,49000,apartments,apartments,2,9,Mission,94110,"{'latitude': '37.75253683431497', 'longitude': '-122.40971714882464', 'human_address': '{""address"": """", ""city"": """", ""state"": """", ""zip"": """"}'}",1.08E+12,,4,4,8,8,5,wood frame (5),5,wood frame (5),2007-02-01T00:00:00.000,,,,,
5ea1d735eabbc96ff8ab05ac,2.01E+11,8,otc alterations permit,2007-01-10T00:00:00.000,6604,23,1527,Diamond,St,roofing,complete,2007-02-07T00:00:00.000,2007-01-10T00:00:00.000,2007-01-10T00:00:00.000,2007-07-10T00:00:00.000Z,13000,13000,1 family dwelling,1 family dwelling,0,8,Noe Valley,94131,"{'latitude': '37.74518126902893', 'longitude': '-122.43540089214032', 'human_address': '{""address"": """", ""city"": """", ""state"": """", ""zip"": """"}'}",1.08E+12,,,,,,,,,,2007-02-07T00:00:00.000,,,,,
5ea1d735eabbc96ff8ab05ad,2.01E+11,8,otc alterations permit,2007-01-10T00:00:00.000,6611,037B,549,28th,St,shoring permit to comply with nov# 200684891,expired,2008-02-22T00:00:00.000,2007-01-10T00:00:00.000,2007-01-10T00:00:00.000,2007-05-10T00:00:00.000Z,1000,1000,1 family dwelling,1 family dwelling,2,8,Noe Valley,94131,"{'latitude': '37.744589254495374', 'longitude': '-122.43450948258679', 'human_address': '{""address"": """", ""city"": """", ""state"": """", ""zip"": """"}'}",1.08E+12,,1,1,1,1,5,wood frame (5),5,wood frame (5),,,,,,
5ea1d735eabbc96ff8ab05ae,2.01E+11,3,additions alterations or repairs,2007-01-10T00:00:00.000,1846,29,1478,08th,Av,remodel existing single family residence with small addition for a new interior stairwell down to the ground floor and a slight enlargement to the existing 3rd floor to rationalize the structural design and voluntary seismic upgrade. rebuild front porch with similar layout.,complete,2008-08-20T00:00:00.000,2007-01-10T00:00:00.000,2007-11-19T00:00:00.000,2008-11-19T00:00:00.000Z,80000,90000,1 family dwelling,1 family dwelling,2,5,Inner Sunset,94122,"{'latitude': '37.760859480961784', 'longitude': '-122.46468835442931', 'human_address': '{""address"": """", ""city"": """", ""state"": """", ""zip"": """"}'}",1.08E+12,,3,3,1,1,5,wood frame (5),5,wood frame (5),2008-08-20T00:00:00.000,Y,Y,,,
5ea1d735eabbc96ff8ab05af,2.01E+11,8,otc alterations permit,2007-01-10T00:00:00.000,914,2,2136,Beach,St,renew 200210017862 for final,complete,2007-01-25T00:00:00.000,2007-01-10T00:00:00.000,2007-01-10T00:00:00.000,2007-05-10T00:00:00.000Z,1,1,2 family dwelling,2 family dwelling,0,2,Marina,94123,"{'latitude': '37.80390028924285', 'longitude': '-122.44432506882231', 'human_address': '{""address"": """", ""city"": """", ""state"": """", ""zip"": """"}'}",1.08E+11,,3,3,2,2,5,wood frame (5),5,wood frame (5),2007-01-25T00:00:00.000,,,,,
5ea1d735eabbc96ff8ab05b0,2.01E+11,8,otc alterations permit,2007-01-10T00:00:00.000,914,2,2138,Beach,St,renew 200210017862 for final,complete,2007-01-25T00:00:00.000,2007-01-10T00:00:00.000,2007-01-10T00:00:00.000,2007-05-10T00:00:00.000Z,1,1,2 family dwelling,2 family dwelling,0,2,Marina,94123,"{'latitude': '37.80390028924285', 'longitude': '-122.44432506882231', 'human_address': '{""address"": """", ""city"": """", ""state"": """", ""zip"": """"}'}",1.08E+12,,3,3,2,2,5,wood frame (5),5,wood frame (5),2007-01-25T00:00:00.000,,,,,
5ea1d735eabbc96ff8ab05b1,M53622,8,otc alterations permit,2007-01-10T00:00:00.000,5526,7,1646,Alabama,St,street space permit,filed,2007-01-10T00:00:00.000,2007-01-10T00:00:00.000,,,,0,,,,9,Bernal Heights,94110,"{'latitude': '37.74613409138239', 'longitude': '-122.41087784717728', 'human_address': '{""address"": """", ""city"": """", ""state"": """", ""zip"": """"}'}",1.08E+12,,,,,,,,,,,,,,,
5ea1d735eabbc96ff8ab05b2,2.01E+11,8,otc alterations permit,2007-01-10T00:00:00.000,3727,120,1167,Mission,St,renew pa#200110039866 for final inspection.,complete,2007-05-08T00:00:00.000,2007-01-10T00:00:00.000,2007-01-10T00:00:00.000,2007-05-10T00:00:00.000Z,1,1,manufacturing,manufacturing,0,6,South of Market,94103,"{'latitude': '37.77774114291746', 'longitude': '-122.41219799754302', 'human_address': '{""address"": """", ""city"": """", ""state"": """", ""zip"": """"}'}",1.08E+12,,4,4,0,0,2,constr type 2,2,constr type 2,2007-05-08T00:00:00.000,,,,,
5ea1d735eabbc96ff8ab05b3,2.01E+11,8,otc alterations permit,2007-01-10T00:00:00.000,2771,66,680,Alvarado,St,replace broken window & replace door with similar kind window. replace damaged bathtub @ upper floor,complete,2007-05-16T00:00:00.000,2007-01-10T00:00:00.000,2007-01-10T00:00:00.000,2007-05-10T00:00:00.000Z,2900,2900,2 family dwelling,2 family dwelling,0,8,Noe Valley,94114,"{'latitude': '37.75381625592184', 'longitude': '-122.43600410805419', 'human_address': '{""address"": """", ""city"": """", ""state"": """", ""zip"": """"}'}",1.08E+12,,3,3,2,2,5,wood frame (5),5,wood frame (5),2007-05-16T00:00:00.000,,,,,
5ea1d735eabbc96ff8ab05b4,2.01E+11,8,otc alterations permit,2007-01-10T00:00:00.000,5720,57,190,Park,St,renew pa# 200406095892.,complete,2007-02-28T00:00:00.000,2007-01-10T00:00:00.000,2007-01-10T00:00:00.000,2007-05-10T00:00:00.000Z,2000,2000,1 family dwelling,2 family dwelling,0,9,Bernal Heights,94110,"{'latitude': '37.73632920930865', 'longitude': '-122.4212955044089', 'human_address': '{""address"": """", ""city"": """", ""state"": """", ""zip"": """"}'}",1.08E+12,,2,2,2,1,5,wood frame (5),5,wood frame (5),2007-02-28T00:00:00.000,,,,,
5ea1d735eabbc96ff8ab05b5,2.01E+11,8,otc alterations permit,2007-01-10T00:00:00.000,875,13,34,Steiner,St,"dry rot rrpair on rear stairs, repair replace in kind less that 50% not visabel form street",complete,2007-01-23T00:00:00.000,2007-01-10T00:00:00.000,2007-01-10T00:00:00.000,2007-07-10T00:00:00.000Z,6000,6000,apartments,apartments,0,8,Hayes Valley,94117,"{'latitude': '37.76989870874836', 'longitude': '-122.43141147166934', 'human_address': '{""address"": """", ""city"": """", ""state"": """", ""zip"": """"}'}",1.08E+12,,3,3,7,7,5,wood frame (5),5,wood frame (5),2007-01-23T00:00:00.000,,,,,
5ea1d735eabbc96ff8ab05b6,2.01E+11,8,otc alterations permit,2007-01-10T00:00:00.000,2141,4,2051,21st,Av,remodel 2nd floor kitchen. revision to approved pa# 2007/01/08/1220 in kind. (less than 50% voltage). replace counter top cabinets & sink only.,complete,2007-07-16T00:00:00.000,2007-01-10T00:00:00.000,2007-01-10T00:00:00.000,2007-07-10T00:00:00.000Z,7000,7000,1 family dwelling,1 family dwelling,0,4,Sunset/Parkside,94116,"{'latitude': '37.74943449716588', 'longitude': '-122.47861469125525', 'human_address': '{""address"": """", ""city"": """", ""state"": """", ""zip"": """"}'}",1.08E+12,,2,2,1,1,5,wood frame (5),5,wood frame (5),2007-07-16T00:00:00.000,,,,,
5ea1d735eabbc96ff8ab05b7,2.01E+11,8,otc alterations permit,2007-01-10T00:00:00.000,1364,24,164,05th,Av,"renovate kitchen, split bathroom, reframe existing hallway ceiling in kind to accomodate carrier central heating duct work due to unit being located in middle flat of 3 unit bldg. relocate water heater in kitchen to rear porch which is located in adjacent room to kitchen, install new ducting for",complete,2007-05-09T00:00:00.000,2007-01-10T00:00:00.000,2007-01-10T00:00:00.000,2007-07-10T00:00:00.000Z,12000,12000,apartments,apartments,0,2,Inner Richmond,94118,"{'latitude': '37.78556477954677', 'longitude': '-122.46320680897367', 'human_address': '{""address"": """", ""city"": """", ""state"": """", ""zip"": """"}'}",1.08E+12,,3,3,3,3,5,wood frame (5),5,wood frame (5),2007-05-09T00:00:00.000,,,,,
5ea1d735eabbc96ff8ab05b8,M53642,8,otc alterations permit,2007-01-10T00:00:00.000,1426,35,240,08th,Av,streetspace and sidewalk,issued,2007-01-10T00:00:00.000,2007-01-10T00:00:00.000,2007-01-10T00:00:00.000,,,0,,,,1,Inner Richmond,94118,"{'latitude': '37.783954505269854', 'longitude': '-122.46631400384872', 'human_address': '{""address"": """", ""city"": """", ""state"": """", ""zip"": """"}'}",1.08E+11,,,,,,,,,,,,,,,
5ea1d735eabbc96ff8ab05b9,M53642,8,otc alterations permit,2007-01-10T00:00:00.000,1426,35,242,08th,Av,streetspace and sidewalk,issued,2007-01-10T00:00:00.000,2007-01-10T00:00:00.000,2007-01-10T00:00:00.000,,,0,,,,1,Inner Richmond,94118,"{'latitude': '37.783954505269854', 'longitude': '-122.46631400384872', 'human_address': '{""address"": """", ""city"": """", ""state"": """", ""zip"": """"}'}",1.08E+12,0,,,,,,,,,,,,,,
5ea1d735eabbc96ff8ab05ba,2.01E+11,8,otc alterations permit,2007-01-10T00:00:00.000,860,62,551,Haight,St,add1 smoke and 2 horn/strobe to existing fire alarm system moved some devices to . rev to pa#200605242399.r-1 comply with nov#200006795 & #200671742.,expired,2009-06-24T00:00:00.000,2007-01-10T00:00:00.000,2007-01-10T00:00:00.000,2007-05-10T00:00:00.000Z,1,1,apartments,apartments,2,5,Hayes Valley,94117,"{'latitude': '37.77180527600348', 'longitude': '-122.43131826239697', 'human_address': '{""address"": """", ""city"": """", ""state"": """", ""zip"": """"}'}",1.08E+11,,3,3,4,4,3,constr type 3,3,constr type 3,,,,,,
5ea1d735eabbc96ff8ab05bb,2.01E+11,8,otc alterations permit,2007-01-10T00:00:00.000,860,62,559,Haight,St,add1 smoke and 2 horn/strobe to existing fire alarm system moved some devices to . rev to pa#200605242399.r-1 comply with nov#200006795 & #200671742.,expired,2009-06-24T00:00:00.000,2007-01-10T00:00:00.000,2007-01-10T00:00:00.000,2007-05-10T00:00:00.000Z,1,1,apartments,apartments,2,5,Hayes Valley,94117,"{'latitude': '37.77180527600348', 'longitude': '-122.43131826239697', 'human_address': '{""address"": """", ""city"": """", ""state"": """", ""zip"": """"}'}",1.08E+12,,3,3,4,4,3,constr type 3,3,constr type 3,,,,,,
5ea1d735eabbc96ff8ab05bc,2.01E+11,2,new construction wood frame,2007-01-10T00:00:00.000,6621,30,497,Valley,St,to erect a new 3 story single family dwelling unit,complete,2016-06-13T00:00:00.000,2007-01-10T00:00:00.000,2013-07-22T00:00:00.000,2016-07-06T00:00:00.000Z,680000,807609,,1 family dwelling,2,8,Noe Valley,94131,"{'latitude': '37.743991613033565', 'longitude': '-122.43305245930195', 'human_address': '{""address"": """", ""city"": """", ""state"": """", ""zip"": """"}'}",1.08E+12,,,3,,1,,,5,wood frame (5),2016-06-13T00:00:00.000,,Y,,2014-05-09T00:00:00.000,
5ea1d735eabbc96ff8ab05bd,2.01E+11,2,new construction wood frame,2007-01-10T00:00:00.000,1334,40,107,24th,Av,"to erect 3 stories, single family resident building.",issued,2010-09-16T00:00:00.000,2007-01-10T00:00:00.000,2010-09-16T00:00:00.000,2013-08-31T00:00:00.000Z,700000,915000,,1 family dwelling,2,2,Seacliff,94121,"{'latitude': '37.78728293276914', 'longitude': '-122.4844254186266', 'human_address': '{""address"": """", ""city"": """", ""state"": """", ""zip"": """"}'}",1.16E+12,,,3,,1,,,5,wood frame (5),,,Y,,2010-09-16T00:00:00.000,
5ea1d736eabbc96ff8ab05be,M53682,8,otc alterations permit,2007-01-11T00:00:00.000,618,4,1890,Clay,St,street space,issued,2007-01-11T00:00:00.000,2007-01-11T00:00:00.000,2007-01-11T00:00:00.000,,,0,,,,2,Pacific Heights,94109,"{'latitude': '37.792189466278046', 'longitude': '-122.42402443478369', 'human_address': '{""address"": """", ""city"": """", ""state"": """", ""zip"": """"}'}",1.08E+11,,,,,,,,,,,,,,,
5ea1d736eabbc96ff8ab05bf,M53662,8,otc alterations permit,2007-01-11T00:00:00.000,7018,43,990,Plymouth,Av,street space & sidewalk repair,issued,2007-01-11T00:00:00.000,2007-01-11T00:00:00.000,2007-01-11T00:00:00.000,,,0,,,,11,Oceanview/Merced/Ingleside,94112,"{'latitude': '37.719814236968524', 'longitude': '-122.4559727979612', 'human_address': '{""address"": """", ""city"": """", ""state"": """", ""zip"": """"}'}",1.08E+12,,,,,,,,,,,,,,,
5ea1d736eabbc96ff8ab05c0,2.01E+11,8,otc alterations permit,2007-01-11T00:00:00.000,3705,42,865,Market,St,relocate or add 46 fire sprinlers in a remodeled retail space on the 2nd floor only,issued,2007-01-11T00:00:00.000,2007-01-11T00:00:00.000,2007-01-11T00:00:00.000,2007-07-11T00:00:00.000Z,12000,12000,retail sales,retail sales,2,6,South of Market,94103,"{'latitude': '37.78394695457302', 'longitude': '-122.40715830829208', 'human_address': '{""address"": """", ""city"": """", ""state"": """", ""zip"": """"}'}",1.08E+12,,7,7,0,0,1,constr type 1,1,constr type 1,,,,,,
5ea1d736eabbc96ff8ab05c1,2.01E+11,8,otc alterations permit,2007-01-11T00:00:00.000,1602,4,727,42nd,Av,to renew 200604048168,issued,2007-01-11T00:00:00.000,2007-01-11T00:00:00.000,2007-01-11T00:00:00.000,2007-07-11T00:00:00.000Z,8000,8000,1 family dwelling,1 family dwelling,0,1,Outer Richmond,94121,"{'latitude': '37.774897888243736', 'longitude': '-122.50295406042888', 'human_address': '{""address"": """", ""city"": """", ""state"": """", ""zip"": """"}'}",1.08E+12,,4,4,1,1,5,wood frame (5),5,wood frame (5),,,,,,
5ea1d736eabbc96ff8ab05c2,2.01E+11,8,otc alterations permit,2007-01-11T00:00:00.000,293,5,126,Post,St,"tenant improvement-5th floor, relocate 18 fire sprinklers.",expired,2009-04-07T00:00:00.000,2007-01-11T00:00:00.000,2007-01-11T00:00:00.000,2007-05-11T00:00:00.000Z,4250,4250,office,office,2,3,Financial District/South Beach,94108,"{'latitude': '37.789101650295486', 'longitude': '-122.40429166209135', 'human_address': '{""address"": """", ""city"": """", ""state"": """", ""zip"": """"}'}",1.08E+11,,6,6,0,0,3,constr type 3,3,constr type 3,,,,,,
5ea1d736eabbc96ff8ab05c3,2.01E+11,8,otc alterations permit,2007-01-11T00:00:00.000,3717,21,150,Spear,St,oti-3 10th floor sp,complete,2007-08-21T00:00:00.000,2007-01-11T00:00:00.000,2007-01-11T00:00:00.000,2007-07-11T00:00:00.000Z,11000,11000,office,office,2,6,Financial District/South Beach,94105,"{'latitude': '37.79175339067497', 'longitude': '-122.39361386013451', 'human_address': '{""address"": """", ""city"": """", ""state"": """", ""zip"": """"}'}",1.08E+12,,17,17,0,0,1,constr type 1,1,constr type 1,2007-08-21T00:00:00.000,,,,,
5ea1d736eabbc96ff8ab05c4,2.01E+11,8,otc alterations permit,2007-01-11T00:00:00.000,4975,16,11,Gilroy,St,"address complaint #20078781-kitchen and bathroom remodel. no structural work. repair and replace kitchen, toilet, hardwood floor. wattage of kitchen lighting to be 50% fluorescent, bathroom lighting to be fluorescent or on motion detector",complete,2007-05-04T00:00:00.000,2007-01-11T00:00:00.000,2007-01-11T00:00:00.000,2007-07-11T00:00:00.000Z,8000,13500,1 family dwelling,1 family dwelling,0,10,Bayview Hunters Point,94124,"{'latitude': '37.71624900337328', 'longitude': '-122.38852755348928', 'human_address': '{""address"": """", ""city"": """", ""state"": """", ""zip"": """"}'}",1.08E+12,,1,1,1,1,5,wood frame (5),5,wood frame (5),2007-05-04T00:00:00.000,,,,,
5ea1d736eabbc96ff8ab05c5,2.01E+11,8,otc alterations permit,2007-01-11T00:00:00.000,1767,12,1345,12th,Av,install fire sprinkler heads (6) for garage only,issued,2007-01-11T00:00:00.000,2007-01-11T00:00:00.000,2007-01-11T00:00:00.000,2007-05-11T00:00:00.000Z,3200,3200,apartments,apartments,2,5,Inner Sunset,94122,"{'latitude': '37.76298608691113', 'longitude': '-122.46978868573704', 'human_address': '{""address"": """", ""city"": """", ""state"": """", ""zip"": """"}'}",1.08E+12,,2,2,3,3,5,wood frame (5),5,wood frame (5),,,,,,
5ea1d736eabbc96ff8ab05c6,2.01E+11,8,otc alterations permit,2007-01-11T00:00:00.000,1076,34,1635,Divisadero,St,relocation of 2 existing lines in work area submitting as buits for 200609071577,issued,2007-01-11T00:00:00.000,2007-01-11T00:00:00.000,2007-01-11T00:00:00.000,2007-05-11T00:00:00.000Z,1,1,office,office,2,5,Japantown,94115,"{'latitude': '37.78473107445393', 'longitude': '-122.44038678313258', 'human_address': '{""address"": """", ""city"": """", ""state"": """", ""zip"": """"}'}",1.08E+11,,4,4,0,0,1,constr type 1,1,constr type 1,,,,,,
5ea1d736eabbc96ff8ab05c7,2.01E+11,3,additions alterations or repairs,2007-01-11T00:00:00.000,3730,102,64,Langton,St,"install a fire sprinkler to protect the entire building per nfpa 13r, fire sprinkler work only",complete,2009-03-03T00:00:00.000,2007-01-11T00:00:00.000,2007-03-22T00:00:00.000,2007-09-22T00:00:00.000Z,22250,22250,apartments,apartments,2,6,South of Market,94103,"{'latitude': '37.77665427596063', 'longitude': '-122.40907750423263', 'human_address': '{""address"": """", ""city"": """", ""state"": """", ""zip"": """"}'}",1.08E+12,,3,3,4,4,5,wood frame (5),5,wood frame (5),2009-03-03T00:00:00.000,,,,,
5ea1d736eabbc96ff8ab05c8,2.01E+11,3,additions alterations or repairs,2007-01-11T00:00:00.000,3730,102,66,Langton,St,"install a fire sprinkler to protect the entire building per nfpa 13r, fire sprinkler work only",complete,2009-03-03T00:00:00.000,2007-01-11T00:00:00.000,2007-03-22T00:00:00.000,2007-09-22T00:00:00.000Z,22250,22250,apartments,apartments,2,6,South of Market,94103,"{'latitude': '37.77665427596063', 'longitude': '-122.40907750423263', 'human_address': '{""address"": """", ""city"": """", ""state"": """", ""zip"": """"}'}",1.08E+12,,3,3,4,4,5,wood frame (5),5,wood frame (5),2009-03-03T00:00:00.000,,,,,
5ea1d736eabbc96ff8ab05c9,2.01E+11,3,additions alterations or repairs,2007-01-11T00:00:00.000,3730,102,68,Langton,St,"install a fire sprinkler to protect the entire building per nfpa 13r, fire sprinkler work only",complete,2009-03-03T00:00:00.000,2007-01-11T00:00:00.000,2007-03-22T00:00:00.000,2007-09-22T00:00:00.000Z,22250,22250,apartments,apartments,2,6,South of Market,94103,"{'latitude': '37.77665427596063', 'longitude': '-122.40907750423263', 'human_address': '{""address"": """", ""city"": """", ""state"": """", ""zip"": """"}'}",1.08E+12,,3,3,4,4,5,wood frame (5),5,wood frame (5),2009-03-03T00:00:00.000,,,,,
5ea1d736eabbc96ff8ab05ca,2.01E+11,3,additions alterations or repairs,2007-01-11T00:00:00.000,3730,102,70,Langton,St,"install a fire sprinkler to protect the entire building per nfpa 13r, fire sprinkler work only",complete,2009-03-03T00:00:00.000,2007-01-11T00:00:00.000,2007-03-22T00:00:00.000,2007-09-22T00:00:00.000Z,22250,22250,apartments,apartments,2,6,South of Market,94103,"{'latitude': '37.77665427596063', 'longitude': '-122.40907750423263', 'human_address': '{""address"": """", ""city"": """", ""state"": """", ""zip"": """"}'}",1.08E+12,,3,3,4,4,5,wood frame (5),5,wood frame (5),2009-03-03T00:00:00.000,,,,,
5ea1d736eabbc96ff8ab05cb,2.01E+11,8,otc alterations permit,2007-01-11T00:00:00.000,2355,001F,2327,26th,Av,revision to pa# 2006/07/13/6415: change extent of (n) wall seperate (e) garage from (n) addition: relocate (n) door & furnace & water heater. delete swing door from (e) family room to (n) addition (entertainment rm). request extension of completion date for construction work. (lerrter from owner).,complete,2007-08-03T00:00:00.000,2007-01-11T00:00:00.000,2007-01-11T00:00:00.000,2007-05-11T00:00:00.000Z,1,1,1 family dwelling,1 family dwelling,2,4,Sunset/Parkside,94116,"{'latitude': '37.74399789894487', 'longitude': '-122.48361037376898', 'human_address': '{""address"": """", ""city"": """", ""state"": """", ""zip"": """"}'}",1.08E+12,,2,2,1,1,5,wood frame (5),5,wood frame (5),2007-08-03T00:00:00.000,,,,,
5ea1d736eabbc96ff8ab05cc,2.01E+11,8,otc alterations permit,2007-01-11T00:00:00.000,633,001D,2001,Pierce,St,"remodel kitchen, bath in kind. no structural changes. plumbing & electrical code upgrades. no lighting change.",complete,2007-06-01T00:00:00.000,2007-01-11T00:00:00.000,2007-01-11T00:00:00.000,2007-07-11T00:00:00.000Z,13500,13500,apartments,apartments,0,2,Pacific Heights,94115,"{'latitude': '37.788751535693045', 'longitude': '-122.43743338152997', 'human_address': '{""address"": """", ""city"": """", ""state"": """", ""zip"": """"}'}",1.08E+12,,5,5,45,45,1,constr type 1,1,constr type 1,2007-06-01T00:00:00.000,,,,,
5ea1d736eabbc96ff8ab05cd,2.01E+11,8,otc alterations permit,2007-01-11T00:00:00.000,633,001D,2001,Pierce,St,"replace kitchen cabinet, counter top in kind. no structural changes. hook up sink & faucet. no door window or light work to be done.",issued,2007-01-11T00:00:00.000,2007-01-11T00:00:00.000,2007-01-11T00:00:00.000,2007-07-11T00:00:00.000Z,7300,7300,apartments,apartments,0,2,Pacific Heights,94115,"{'latitude': '37.788751535693045', 'longitude': '-122.43743338152997', 'human_address': '{""address"": """", ""city"": """", ""state"": """", ""zip"": """"}'}",1.08E+12,,5,5,45,45,1,constr type 1,1,constr type 1,,,,,,
5ea1d736eabbc96ff8ab05ce,2.01E+11,8,otc alterations permit,2007-01-11T00:00:00.000,668,2,1330,Bush,St,"unit 96:1 kitchen and 1 bath remodel in kind. no structural changes. plumbing and elec code upgrades. no windows, doors, or lighting",complete,2007-04-06T00:00:00.000,2007-01-11T00:00:00.000,2007-01-11T00:00:00.000,2007-07-11T00:00:00.000Z,9000,13500,apartments,apartments,0,3,Nob Hill,94109,"{'latitude': '37.789112947112365', 'longitude': '-122.41909261693445', 'human_address': '{""address"": """", ""city"": """", ""state"": """", ""zip"": """"}'}",1.08E+11,,12,12,117,117,1,constr type 1,1,constr type 1,2007-04-06T00:00:00.000,,,,,
5ea1d736eabbc96ff8ab05cf,2.01E+11,8,otc alterations permit,2007-01-11T00:00:00.000,633,001D,2001,Pierce,St,work @ unit# 55 only. replace kitchen cabinets counter tops in kind. hook up sink faucets & toilet. no structural change. no lighting.,complete,2007-06-01T00:00:00.000,2007-01-11T00:00:00.000,2007-01-11T00:00:00.000,2007-07-11T00:00:00.000Z,7300,7300,apartments,apartments,0,2,Pacific Heights,94115,"{'latitude': '37.788751535693045', 'longitude': '-122.43743338152997', 'human_address': '{""address"": """", ""city"": """", ""state"": """", ""zip"": """"}'}",1.08E+11,,5,5,45,45,1,constr type 1,1,constr type 1,2007-06-01T00:00:00.000,,,,,
5ea1d736eabbc96ff8ab05d0,2.01E+11,8,otc alterations permit,2007-01-11T00:00:00.000,129,29,755,Green,St,"1 kitchen, 1 bath remodel in kind. no structural changes, sink, faucets, shower valves, cabinet, counter tops & electrical code upgrades. no light changes.",issued,2007-01-11T00:00:00.000,2007-01-11T00:00:00.000,2007-01-11T00:00:00.000,2007-07-11T00:00:00.000Z,13500,13500,apartments,apartments,0,3,Chinatown,94133,"{'latitude': '37.798907237280126', 'longitude': '-122.41152666033851', 'human_address': '{""address"": """", ""city"": """", ""state"": """", ""zip"": """"}'}",1.08E+12,0,3,3,15,15,5,wood frame (5),5,wood frame (5),,,,,,
5ea1d736eabbc96ff8ab05d1,2.01E+11,8,otc alterations permit,2007-01-11T00:00:00.000,920,002H,3615,Scott,St,"remove old lath/plaster. new sheetrock. upgrade electrical/plumbing to code. kitchen remodel, existing. no change to partitions or windows",complete,2007-09-21T00:00:00.000,2007-01-11T00:00:00.000,2007-01-11T00:00:00.000,2007-07-11T00:00:00.000Z,10000,10000,2 family dwelling,2 family dwelling,0,2,Marina,94123,"{'latitude': '37.803213151349986', 'longitude': '-122.44207102172292', 'human_address': '{""address"": """", ""city"": """", ""state"": """", ""zip"": """"}'}",1.08E+11,,2,2,2,2,5,wood frame (5),5,wood frame (5),2007-09-21T00:00:00.000,,,,,
5ea1d736eabbc96ff8ab05d2,M53702,8,otc alterations permit,2007-01-11T00:00:00.000,494,22,47,Magnolia,St,street space permit.,issued,2007-01-11T00:00:00.000,2007-01-11T00:00:00.000,2007-01-11T00:00:00.000,,,0,,,,2,Marina,94123,"{'latitude': '37.80072515026727', 'longitude': '-122.4322037163521', 'human_address': '{""address"": """", ""city"": """", ""state"": """", ""zip"": """"}'}",1.08E+12,,,,,,,,,,,,,,,
5ea1d736eabbc96ff8ab05d3,2.01E+11,8,otc alterations permit,2007-01-11T00:00:00.000,3612,9,2900,21st,St,"renewal of pa# 2005/11/16/8238, pa# 2005/08/22/0859, pa# 2006/08/15/9471 & pa# 2006/08/15/9486 for final inspection only.",complete,2007-03-07T00:00:00.000,2007-01-11T00:00:00.000,2007-01-11T00:00:00.000,2007-05-11T00:00:00.000Z,1,1,apartments,apartments,0,9,Mission,94110,"{'latitude': '37.75764091875177', 'longitude': '-122.41258247302474', 'human_address': '{""address"": """", ""city"": """", ""state"": """", ""zip"": """"}'}",1.08E+12,,2,2,3,3,5,wood frame (5),5,wood frame (5),2007-03-07T00:00:00.000,,,,,
5ea1d736eabbc96ff8ab05d4,2.01E+11,8,otc alterations permit,2007-01-11T00:00:00.000,3612,9,2902,21st,St,"renewal of pa# 2005/11/16/8238, pa# 2005/08/22/0859, pa# 2006/08/15/9471 & pa# 2006/08/15/9486 for final inspection only.",complete,2007-03-07T00:00:00.000,2007-01-11T00:00:00.000,2007-01-11T00:00:00.000,2007-05-11T00:00:00.000Z,1,1,apartments,apartments,0,9,Mission,94110,"{'latitude': '37.75764091875177', 'longitude': '-122.41258247302474', 'human_address': '{""address"": """", ""city"": """", ""state"": """", ""zip"": """"}'}",1.08E+12,,2,2,3,3,5,wood frame (5),5,wood frame (5),2007-03-07T00:00:00.000,,,,,
5ea1d736eabbc96ff8ab05d5,2.01E+11,8,otc alterations permit,2007-01-11T00:00:00.000,3612,9,2904,21st,St,"renewal of pa# 2005/11/16/8238, pa# 2005/08/22/0859, pa# 2006/08/15/9471 & pa# 2006/08/15/9486 for final inspection only.",complete,2007-03-07T00:00:00.000,2007-01-11T00:00:00.000,2007-01-11T00:00:00.000,2007-05-11T00:00:00.000Z,1,1,apartments,apartments,0,9,Mission,94110,"{'latitude': '37.75764091875177', 'longitude': '-122.41258247302474', 'human_address': '{""address"": """", ""city"": """", ""state"": """", ""zip"": """"}'}",1.08E+12,,2,2,3,3,5,wood frame (5),5,wood frame (5),2007-03-07T00:00:00.000,,,,,
5ea1d736eabbc96ff8ab05d6,M53703,8,otc alterations permit,2007-01-11T00:00:00.000,4004,33,215,Arkansas,St,sidewalk repair,issued,2007-01-11T00:00:00.000,2007-01-11T00:00:00.000,2007-01-11T00:00:00.000,,,0,,,,10,Potrero Hill,94107,"{'latitude': '37.763420888970224', 'longitude': '-122.39824086836789', 'human_address': '{""address"": """", ""city"": """", ""state"": """", ""zip"": """"}'}",1.08E+12,,,,,,,,,,,,,,,
5ea1d736eabbc96ff8ab05d7,2.01E+11,8,otc alterations permit,2007-01-11T00:00:00.000,289,4,1,Sansome,St,oti-3  30th floor sp,complete,2007-03-23T00:00:00.000,2007-01-11T00:00:00.000,2007-01-11T00:00:00.000,2007-05-11T00:00:00.000Z,4000,4000,office,office,2,3,Financial District/South Beach,94104,"{'latitude': '37.79043181197283', 'longitude': '-122.40135901191479', 'human_address': '{""address"": """", ""city"": """", ""state"": """", ""zip"": """"}'}",1.08E+11,,43,43,0,0,1,constr type 1,1,constr type 1,2007-03-23T00:00:00.000,,,,,
5ea1d736eabbc96ff8ab05d8,M53704,8,otc alterations permit,2007-01-11T00:00:00.000,3636,1,2600,Mission,St,sidewalk repair,issued,2007-01-11T00:00:00.000,2007-01-11T00:00:00.000,2007-01-11T00:00:00.000,,,0,,,,9,Mission,94110,"{'latitude': '37.75527237416796', 'longitude': '-122.41909297026417', 'human_address': '{""address"": """", ""city"": """", ""state"": """", ""zip"": """"}'}",1.08E+12,,,,,,,,,,,,,,,
5ea1d736eabbc96ff8ab05d9,2.01E+11,8,otc alterations permit,2007-01-11T00:00:00.000,328,3,77,Ofarrell,St,"fire sprinkler system. 239 new speakers, 3rd & 4th floors.",complete,2007-12-07T00:00:00.000,2007-01-11T00:00:00.000,2007-01-11T00:00:00.000,2008-01-11T00:00:00.000Z,60000,60000,retail sales,retail sales,2,3,Financial District/South Beach,94108,"{'latitude': '37.78630347434889', 'longitude': '-122.40608977025623', 'human_address': '{""address"": """", ""city"": """", ""state"": """", ""zip"": """"}'}",1.08E+12,0,6,6,0,0,5,wood frame (5),5,wood frame (5),2007-12-07T00:00:00.000,,,,,
5ea1d736eabbc96ff8ab05da,2.01E+11,8,otc alterations permit,2007-01-11T00:00:00.000,328,4,77,Ofarrell,St,"fire sprinkler system. 239 new speakers, 3rd & 4th floors.",complete,2007-12-07T00:00:00.000,2007-01-11T00:00:00.000,2007-01-11T00:00:00.000,2008-01-11T00:00:00.000Z,60000,60000,retail sales,retail sales,2,3,Financial District/South Beach,94108,"{'latitude': '37.78645873330659', 'longitude': '-122.4060990357068', 'human_address': '{""address"": """", ""city"": """", ""state"": """", ""zip"": """"}'}",1.08E+12,,6,6,0,0,5,wood frame (5),5,wood frame (5),2007-12-07T00:00:00.000,,,,,
5ea1d736eabbc96ff8ab05db,2.01E+11,8,otc alterations permit,2007-01-11T00:00:00.000,2831,8,4120,24th,St,remodel of (e) apartment: addition of new forced air furnace in structure on roof and all required services and ducting; general repairs; full decoration.,complete,2008-12-18T00:00:00.000,2007-01-11T00:00:00.000,2007-01-11T00:00:00.000,2008-01-11T00:00:00.000Z,57000,57000,apartments,apartments,2,8,Noe Valley,94114,"{'latitude': '37.75150142047014', 'longitude': '-122.43474967375936', 'human_address': '{""address"": """", ""city"": """", ""state"": """", ""zip"": """"}'}",1.08E+12,,2,2,5,5,5,wood frame (5),5,wood frame (5),2008-12-18T00:00:00.000,,,,,
5ea1d736eabbc96ff8ab05dc,2.01E+11,8,otc alterations permit,2007-01-11T00:00:00.000,2831,8,4122,24th,St,remodel of (e) apartment: addition of new forced air furnace in structure on roof and all required services and ducting; general repairs; full decoration.,complete,2008-12-18T00:00:00.000,2007-01-11T00:00:00.000,2007-01-11T00:00:00.000,2008-01-11T00:00:00.000Z,57000,57000,apartments,apartments,2,8,Noe Valley,94114,"{'latitude': '37.75150142047014', 'longitude': '-122.43474967375936', 'human_address': '{""address"": """", ""city"": """", ""state"": """", ""zip"": """"}'}",1.08E+12,,2,2,5,5,5,wood frame (5),5,wood frame (5),2008-12-18T00:00:00.000,,,,,
5ea1d736eabbc96ff8ab05dd,2.01E+11,8,otc alterations permit,2007-01-11T00:00:00.000,2831,8,4124,24th,St,remodel of (e) apartment: addition of new forced air furnace in structure on roof and all required services and ducting; general repairs; full decoration.,complete,2008-12-18T00:00:00.000,2007-01-11T00:00:00.000,2007-01-11T00:00:00.000,2008-01-11T00:00:00.000Z,57000,57000,apartments,apartments,2,8,Noe Valley,94114,"{'latitude': '37.75150142047014', 'longitude': '-122.43474967375936', 'human_address': '{""address"": """", ""city"": """", ""state"": """", ""zip"": """"}'}",1.08E+12,0,2,2,5,5,5,wood frame (5),5,wood frame (5),2008-12-18T00:00:00.000,,,,,
5ea1d736eabbc96ff8ab05de,2.01E+11,8,otc alterations permit,2007-01-11T00:00:00.000,2432,002I,2551,31st,Av,"kchn remodel. install new cnbys, new counter tops, sink, gas range , dichwaser, and sinks and faucets. 50% of lighting wattage to be flourescent",complete,2007-07-10T00:00:00.000,2007-01-11T00:00:00.000,2007-01-11T00:00:00.000,2007-07-11T00:00:00.000Z,15000,15000,1 family dwelling,1 family dwelling,0,4,Sunset/Parkside,94116,"{'latitude': '37.73963539735925', 'longitude': '-122.48867723319893', 'human_address': '{""address"": """", ""city"": """", ""state"": """", ""zip"": """"}'}",1.08E+12,,1,1,1,1,5,wood frame (5),5,wood frame (5),2007-07-10T00:00:00.000,,,,,
5ea1d736eabbc96ff8ab05df,2.01E+11,8,otc alterations permit,2007-01-11T00:00:00.000,289,4,1,Sansome,St,oti-3  38th floor l/s,complete,2007-03-23T00:00:00.000,2007-01-11T00:00:00.000,2007-01-11T00:00:00.000,2007-07-11T00:00:00.000Z,20000,20000,office,office,2,3,Financial District/South Beach,94104,"{'latitude': '37.79043181197283', 'longitude': '-122.40135901191479', 'human_address': '{""address"": """", ""city"": """", ""state"": """", ""zip"": """"}'}",1.08E+11,,43,43,0,0,1,constr type 1,1,constr type 1,2007-03-23T00:00:00.000,,,,,
5ea1d736eabbc96ff8ab05e0,2.01E+11,8,otc alterations permit,2007-01-11T00:00:00.000,6614,25,1521,Sanchez,St,"replace 12 windows, size for size. wood to wood composite. visible from street. u-value 0.39.",expired,2007-07-12T00:00:00.000,2007-01-11T00:00:00.000,2007-01-11T00:00:00.000,2007-07-11T00:00:00.000Z,17900,17900,1 family dwelling,1 family dwelling,0,8,Noe Valley,94131,"{'latitude': '37.74478470819793', 'longitude': '-122.42868352299222', 'human_address': '{""address"": """", ""city"": """", ""state"": """", ""zip"": """"}'}",1.08E+12,,2,2,1,1,5,wood frame (5),5,wood frame (5),,,,,,
5ea1d736eabbc96ff8ab05e1,2.01E+11,8,otc alterations permit,2007-01-11T00:00:00.000,2192,1,1601,Quintara,St,"kitchen remodel, no structural work. replace cbnts, sink, dishwaser, faucet, hood, wndw to insulated. .67 uf and gas range and counter tops. 50% of lighing wattage to be flourescent",expired,2008-01-03T00:00:00.000,2007-01-11T00:00:00.000,2007-01-11T00:00:00.000,2007-07-11T00:00:00.000Z,15000,15000,1 family dwelling,1 family dwelling,0,4,Sunset/Parkside,94116,"{'latitude': '37.74820635950506', 'longitude': '-122.48278771599598', 'human_address': '{""address"": """", ""city"": """", ""state"": """", ""zip"": """"}'}",1.08E+12,,2,2,1,1,5,wood frame (5),5,wood frame (5),,,,,,
5ea1d736eabbc96ff8ab05e2,2.01E+11,8,otc alterations permit,2007-01-11T00:00:00.000,1329,6,2800,Lake,St,"replace 22 windows, size for size. wood to wood composite. visible from street. u-value 0.39.",complete,2007-03-02T00:00:00.000,2007-01-11T00:00:00.000,2007-01-11T00:00:00.000,2008-01-11T00:00:00.000Z,37600,37600,1 family dwelling,1 family dwelling,0,2,Seacliff,94121,"{'latitude': '37.785302819695254', 'longitude': '-122.48962753498058', 'human_address': '{""address"": """", ""city"": """", ""state"": """", ""zip"": """"}'}",1.08E+11,,2,2,1,1,5,wood frame (5),5,wood frame (5),2007-03-02T00:00:00.000,,,,,
5ea1d736eabbc96ff8ab05e3,2.01E+11,8,otc alterations permit,2007-01-11T00:00:00.000,729,44,1835,Ellis,St,"level 1 - tenant improvements. existing fire speaker system. 35 relocates, 9 new, 1 removed.",complete,2007-10-05T00:00:00.000,2007-01-11T00:00:00.000,2007-01-11T00:00:00.000,2007-07-11T00:00:00.000Z,7750,7750,theater,theater,2,5,Western Addition,94115,"{'latitude': '37.78135386569716', 'longitude': '-122.43652937212623', 'human_address': '{""address"": """", ""city"": """", ""state"": """", ""zip"": """"}'}",1.08E+12,,2,2,0,0,2,constr type 2,2,constr type 2,2007-10-05T00:00:00.000,,,,,
5ea1d736eabbc96ff8ab05e4,2.01E+11,8,otc alterations permit,2007-01-11T00:00:00.000,3578,28,487,Dolores,St,"replace 2-4x post in existing deck, less than 50% of structural comply with notice of violation #200682672",complete,2007-05-11T00:00:00.000,2007-01-11T00:00:00.000,2007-01-11T00:00:00.000,2007-05-11T00:00:00.000Z,1500,1500,apartments,apartments,0,8,Mission,94110,"{'latitude': '37.76167671334953', 'longitude': '-122.4257154752594', 'human_address': '{""address"": """", ""city"": """", ""state"": """", ""zip"": """"}'}",1.08E+12,,3,3,6,6,5,wood frame (5),5,wood frame (5),2007-05-11T00:00:00.000,,,,,
5ea1d736eabbc96ff8ab05e5,2.01E+11,8,otc alterations permit,2007-01-11T00:00:00.000,3578,28,489,Dolores,St,"replace 2-4x post in existing deck, less than 50% of structural comply with notice of violation #200682672",complete,2007-05-11T00:00:00.000,2007-01-11T00:00:00.000,2007-01-11T00:00:00.000,2007-05-11T00:00:00.000Z,1500,1500,apartments,apartments,0,8,Mission,94110,"{'latitude': '37.76167671334953', 'longitude': '-122.4257154752594', 'human_address': '{""address"": """", ""city"": """", ""state"": """", ""zip"": """"}'}",1.08E+12,,3,3,6,6,5,wood frame (5),5,wood frame (5),2007-05-11T00:00:00.000,,,,,
5ea1d736eabbc96ff8ab05e6,2.01E+11,8,otc alterations permit,2007-01-11T00:00:00.000,2134A,7,2025,14th,Av,"kchn remodel, no structural work or walls removed. replace cbnts, counter tops, sink, faucet, dixh washer and gas range. 50% of lighting wattage to be flourescent",expired,2008-01-22T00:00:00.000,2007-01-11T00:00:00.000,2007-01-11T00:00:00.000,2007-07-11T00:00:00.000Z,15000,15000,1 family dwelling,1 family dwelling,0,7,Inner Sunset,94116,"{'latitude': '37.7502441387774', 'longitude': '-122.47122332945204', 'human_address': '{""address"": """", ""city"": """", ""state"": """", ""zip"": """"}'}",1.08E+12,,1,1,1,1,5,wood frame (5),5,wood frame (5),,,,,,
5ea1d736eabbc96ff8ab05e7,2.01E+11,8,otc alterations permit,2007-01-11T00:00:00.000,6935,16,542,Faxon,Av,"two bedroom, full bathoom & laundry room to be added at ground floor.",complete,2007-05-17T00:00:00.000,2007-01-11T00:00:00.000,2007-01-11T00:00:00.000,2008-01-11T00:00:00.000Z,32000,32000,1 family dwelling,1 family dwelling,2,7,Oceanview/Merced/Ingleside,94112,"{'latitude': '37.72424684952734', 'longitude': '-122.45993874511964', 'human_address': '{""address"": """", ""city"": """", ""state"": """", ""zip"": """"}'}",1.08E+12,,2,2,1,1,5,wood frame (5),5,wood frame (5),2007-05-17T00:00:00.000,,,,,
5ea1d736eabbc96ff8ab05e8,2.01E+11,8,otc alterations permit,2007-01-11T00:00:00.000,259,26,555,California,St,"48th floor - tenant improvements. existing fire sprinkler system. 223 relocates, existing & new calc's.",complete,2007-05-08T00:00:00.000,2007-01-11T00:00:00.000,2007-01-11T00:00:00.000,2008-01-11T00:00:00.000Z,51000,51000,office,office,2,3,Financial District/South Beach,94104,"{'latitude': '37.79226164880319', 'longitude': '-122.40348595414692', 'human_address': '{""address"": """", ""city"": """", ""state"": """", ""zip"": """"}'}",1.08E+12,0,55,55,0,0,1,constr type 1,1,constr type 1,2007-05-08T00:00:00.000,,,,,
5ea1d736eabbc96ff8ab05e9,M53722,8,otc alterations permit,2007-01-11T00:00:00.000,926,9,3301,Broderick,St,street space & sidewalk permit only.,issued,2007-01-11T00:00:00.000,2007-01-11T00:00:00.000,2007-01-11T00:00:00.000,,,0,,,,2,Marina,94123,"{'latitude': '37.80082083954642', 'longitude': '-122.4450113916085', 'human_address': '{""address"": """", ""city"": """", ""state"": """", ""zip"": """"}'}",1.08E+11,,,,,,,,,,,,,,,
5ea1d736eabbc96ff8ab05ea,2.01E+11,8,otc alterations permit,2007-01-11T00:00:00.000,293,5,126,Post,St,tanner hecht: oti-2  5th floor el,expired,2009-06-29T00:00:00.000,2007-01-11T00:00:00.000,2007-01-11T00:00:00.000,2008-01-11T00:00:00.000Z,31800,31800,office,office,2,3,Financial District/South Beach,94108,"{'latitude': '37.789101650295486', 'longitude': '-122.40429166209135', 'human_address': '{""address"": """", ""city"": """", ""state"": """", ""zip"": """"}'}",1.08E+11,,6,6,0,0,3,constr type 3,3,constr type 3,,,,,,
5ea1d736eabbc96ff8ab05eb,2.01E+11,8,otc alterations permit,2007-01-11T00:00:00.000,1622,27,658,23rd,Av,"remodel replace fixtures in bathroom, sink, floors toilets.",issued,2007-01-11T00:00:00.000,2007-01-11T00:00:00.000,2007-01-11T00:00:00.000,2007-07-11T00:00:00.000Z,6000,6000,2 family dwelling,2 family dwelling,0,1,Outer Richmond,94121,"{'latitude': '37.77531028790537', 'longitude': '-122.48191151349963', 'human_address': '{""address"": """", ""city"": """", ""state"": """", ""zip"": """"}'}",1.08E+12,,2,2,2,2,5,wood frame (5),5,wood frame (5),,,,,,
5ea1d736eabbc96ff8ab05ec,2.01E+11,8,otc alterations permit,2007-01-11T00:00:00.000,814,20,100,Van Ness,Av,"renew: 9415883, 9415884 951145 for final inspection only",cancelled,2007-01-22T00:00:00.000,2007-01-11T00:00:00.000,2007-01-11T00:00:00.000,2007-05-11T00:00:00.000Z,1,1,office,office,0,6,Tenderloin,94102,"{'latitude': '37.776721112206374', 'longitude': '-122.41917732348324', 'human_address': '{""address"": """", ""city"": """", ""state"": """", ""zip"": """"}'}",1.08E+11,,28,28,0,0,2,constr type 2,2,constr type 2,,,,,,
5ea1d736eabbc96ff8ab05ed,M53723,8,otc alterations permit,2007-01-11T00:00:00.000,589,25,2209,Pacific,Av,street space permit,issued,2007-01-11T00:00:00.000,2007-01-11T00:00:00.000,2007-01-11T00:00:00.000,,,0,,,,2,Pacific Heights,94115,"{'latitude': '37.79343426231262', 'longitude': '-122.43191761910658', 'human_address': '{""address"": """", ""city"": """", ""state"": """", ""zip"": """"}'}",1.08E+12,0,,,,,,,,,,,,,,
5ea1d736eabbc96ff8ab05ee,2.01E+11,8,otc alterations permit,2007-01-11T00:00:00.000,177,1,935,Kearny,St,"renew appl#200107113379, 200512200723, 200502155514, 200502014480 to continue work.",issued,2007-01-11T00:00:00.000,2007-01-11T00:00:00.000,2007-01-11T00:00:00.000,2008-01-11T00:00:00.000Z,30000,30000,residential hotel,residential hotel,0,3,Chinatown,94133,"{'latitude': '37.79678685362231', 'longitude': '-122.40557965827051', 'human_address': '{""address"": """", ""city"": """", ""state"": """", ""zip"": """"}'}",10796802153,,3,3,149,149,3,constr type 3,3,constr type 3,,,,,,
5ea1d736eabbc96ff8ab05ef,2.01E+11,8,otc alterations permit,2007-01-11T00:00:00.000,3708,15,560,Mission,St,"oti-2, jp morgan, 3rd floor, ls",complete,2007-04-13T00:00:00.000,2007-01-11T00:00:00.000,2007-01-11T00:00:00.000,2008-01-11T00:00:00.000Z,26000,26000,office,office,2,,,,,1.08E+12,,31,31,0,0,1,constr type 1,1,constr type 1,2007-04-13T00:00:00.000,,,,,
5ea1d736eabbc96ff8ab05f0,2.01E+11,8,otc alterations permit,2007-01-11T00:00:00.000,814,20,100,Van Ness,Av,renew: 9415803 and 9415885 for final inspection,cancelled,2007-01-22T00:00:00.000,2007-01-11T00:00:00.000,2007-01-11T00:00:00.000,2007-05-11T00:00:00.000Z,1,1,office,office,0,6,Tenderloin,94102,"{'latitude': '37.776721112206374', 'longitude': '-122.41917732348324', 'human_address': '{""address"": """", ""city"": """", ""state"": """", ""zip"": """"}'}",1.08E+11,,28,28,0,0,2,constr type 2,2,constr type 2,,,,,,
5ea1d736eabbc96ff8ab05f1,2.01E+11,8,otc alterations permit,2007-01-11T00:00:00.000,96,3,2049,Hyde,St,"voluntary seismic strengthening anchor bolt extg concrete foundation per ubc 1806.6 using 3/4x12"" long. redhead exp. ab. placed at 6'-0 max o.c. to extg 4x sill plate for seismic safety",complete,2007-01-19T00:00:00.000,2007-01-11T00:00:00.000,2007-01-11T00:00:00.000,2007-05-11T00:00:00.000Z,4000,4000,apartments,apartments,0,2,Russian Hill,94109,"{'latitude': '37.79984715682498', 'longitude': '-122.41942353629767', 'human_address': '{""address"": """", ""city"": """", ""state"": """", ""zip"": """"}'}",1.08E+11,,3,3,3,3,5,wood frame (5),5,wood frame (5),2007-01-19T00:00:00.000,,,,,
5ea1d736eabbc96ff8ab05f2,2.01E+11,8,otc alterations permit,2007-01-11T00:00:00.000,96,3,2053,Hyde,St,"voluntary seismic strengthening anchor bolt extg concrete foundation per ubc 1806.6 using 3/4x12"" long. redhead exp. ab. placed at 6'-0 max o.c. to extg 4x sill plate for seismic safety",complete,2007-01-19T00:00:00.000,2007-01-11T00:00:00.000,2007-01-11T00:00:00.000,2007-05-11T00:00:00.000Z,4000,4000,apartments,apartments,0,2,Russian Hill,94109,"{'latitude': '37.79984715682498', 'longitude': '-122.41942353629767', 'human_address': '{""address"": """", ""city"": """", ""state"": """", ""zip"": """"}'}",1.08E+12,,3,3,3,3,5,wood frame (5),5,wood frame (5),2007-01-19T00:00:00.000,,,,,
5ea1d736eabbc96ff8ab05f3,2.01E+11,3,additions alterations or repairs,2007-01-11T00:00:00.000,259,29,315,Montgomery,St,"oti-1, jones lang lasalle, 9th fl, el, me, sp.",complete,2007-06-18T00:00:00.000,2007-01-11T00:00:00.000,2007-02-01T00:00:00.000,2008-02-01T00:00:00.000Z,275000,275000,office,office,2,3,Financial District/South Beach,94104,"{'latitude': '37.79226164880319', 'longitude': '-122.40348595414692', 'human_address': '{""address"": """", ""city"": """", ""state"": """", ""zip"": """"}'}",1.08E+11,,12,12,0,0,1,constr type 1,1,constr type 1,2007-06-18T00:00:00.000,,,,,
5ea1d736eabbc96ff8ab05f4,2.01E+11,8,otc alterations permit,2007-01-11T00:00:00.000,1803,35,1322,La Playa,,"1)bathroom: change wall, floor, tiles, add exhaust fan, change lighting fixture. shower, toilet, bathtub, sink, light replacement in kind. 2) kchn: change out kchn floor tiles. 3) change out room dresser door to sliding door. fireplace change and cosmetic change only",complete,2007-06-22T00:00:00.000,2007-01-11T00:00:00.000,2007-01-11T00:00:00.000,2007-07-11T00:00:00.000Z,6000,6000,1 family dwelling,1 family dwelling,0,4,Sunset/Parkside,94122,"{'latitude': '37.7616747889227', 'longitude': '-122.50890866835077', 'human_address': '{""address"": """", ""city"": """", ""state"": """", ""zip"": """"}'}",1.08E+12,,2,2,1,1,5,wood frame (5),5,wood frame (5),2007-06-22T00:00:00.000,,,,,
5ea1d736eabbc96ff8ab05f5,2.01E+11,3,additions alterations or repairs,2007-01-11T00:00:00.000,3721,11,500,Howard,St,"oti-2 - prosodie interactive, 4th floor, el, me.",issued,2007-04-19T00:00:00.000,2007-01-11T00:00:00.000,2007-04-19T00:00:00.000,2009-04-19T00:00:00.000Z,499900,499900,office,office,2,6,Financial District/South Beach,94105,"{'latitude': '37.788422712787614', 'longitude': '-122.39656873618254', 'human_address': '{""address"": """", ""city"": """", ""state"": """", ""zip"": """"}'}",1.08E+12,,10,10,0,0,1,constr type 1,1,constr type 1,,,,,,
5ea1d736eabbc96ff8ab05f6,2.01E+11,8,otc alterations permit,2007-01-11T00:00:00.000,3707,62,33,New Montgomery,St,"to renew pa# 2005/04/06/9266 (oti-1), pa# 2005/05/24/3218 (oti-2), pa# 2005/06/14/4994 (oti-3) & pa# 2005/05/27/3596 (oti-4) for final inspection only.",complete,2007-06-15T00:00:00.000,2007-01-11T00:00:00.000,2007-01-11T00:00:00.000,2007-05-11T00:00:00.000Z,1,1,office,office,0,6,Financial District/South Beach,94105,"{'latitude': '37.788655395540395', 'longitude': '-122.40133025178771', 'human_address': '{""address"": """", ""city"": """", ""state"": """", ""zip"": """"}'}",1.08E+12,,20,20,0,0,1,constr type 1,1,constr type 1,2007-06-15T00:00:00.000,,,,,
5ea1d736eabbc96ff8ab05f7,2.01E+11,3,additions alterations or repairs,2007-01-11T00:00:00.000,259,29,315,Montgomery,St,"business regent centers -oti-1 8th fl el,me,ls,sp",complete,2007-06-18T00:00:00.000,2007-01-11T00:00:00.000,2007-02-01T00:00:00.000,2008-02-01T00:00:00.000Z,275000,275000,office,office,2,3,Financial District/South Beach,94104,"{'latitude': '37.79226164880319', 'longitude': '-122.40348595414692', 'human_address': '{""address"": """", ""city"": """", ""state"": """", ""zip"": """"}'}",1.08E+11,,12,12,0,0,1,constr type 1,1,constr type 1,2007-06-18T00:00:00.000,,,,,
5ea1d736eabbc96ff8ab05f8,2.01E+11,8,otc alterations permit,2007-01-11T00:00:00.000,1456,1,405,24th,Av,repair the rear exterior winder. type stair. remove the dry rot and damage member. replace with new pressured treated or redwood lumber. comply to n.o.v. #200684036 less than 50% of total stairs,complete,2007-03-09T00:00:00.000,2007-01-11T00:00:00.000,2007-01-11T00:00:00.000,2007-05-11T00:00:00.000Z,5000,5000,apartments,apartments,0,1,Outer Richmond,94121,"{'latitude': '37.78181433223167', 'longitude': '-122.48396441403142', 'human_address': '{""address"": """", ""city"": """", ""state"": """", ""zip"": """"}'}",1.08E+12,,3,3,8,8,5,wood frame (5),5,wood frame (5),2007-03-09T00:00:00.000,,,,,
5ea1d736eabbc96ff8ab05f9,2.01E+11,8,otc alterations permit,2007-01-11T00:00:00.000,1465,001D,3215,Clement,St,"cap (e) foundation to bring above (e) grade. expoy #4 rebar at 16 inch into (e) foundation for 12 ft type 2 horizontal. #4 rebar to vertical rebar and poor 12""x12"". install new mud sill with j bolts at 4' oc fix stairs.",complete,2007-03-16T00:00:00.000,2007-01-11T00:00:00.000,2007-01-11T00:00:00.000,2007-05-11T00:00:00.000Z,2500,2500,apartments,apartments,2,1,Outer Richmond,94121,"{'latitude': '37.781361626876794', 'longitude': '-122.49378053986081', 'human_address': '{""address"": """", ""city"": """", ""state"": """", ""zip"": """"}'}",1.08E+12,0,3,3,12,12,5,wood frame (5),5,wood frame (5),2007-03-16T00:00:00.000,,,,,
5ea1d736eabbc96ff8ab05fa,M53742,8,otc alterations permit,2007-01-11T00:00:00.000,2307,19,3138,Santiago,St,street space permit,issued,2007-01-11T00:00:00.000,2007-01-11T00:00:00.000,2007-01-11T00:00:00.000,,,0,,,,4,Sunset/Parkside,94116,"{'latitude': '37.7440477317833', 'longitude': '-122.50118950238712', 'human_address': '{""address"": """", ""city"": """", ""state"": """", ""zip"": """"}'}",1.08E+12,,,,,,,,,,,,,,,
5ea1d736eabbc96ff8ab05fb,2.01E+11,8,otc alterations permit,2007-01-11T00:00:00.000,1729,023L,1274,22nd,Av,legalized the storage rooms and toilet room at g/f to complying with complaint 34161 and abate comply the abatement order 1822-a.,issued,2007-01-11T00:00:00.000,2007-01-11T00:00:00.000,2007-01-11T00:00:00.000,2007-07-11T00:00:00.000Z,12000,12000,1 family dwelling,1 family dwelling,2,4,Sunset/Parkside,94122,"{'latitude': '37.76392449914793', 'longitude': '-122.48004308990029', 'human_address': '{""address"": """", ""city"": """", ""state"": """", ""zip"": """"}'}",1.08E+12,,2,2,1,1,5,wood frame (5),5,wood frame (5),,,,,,
5ea1d736eabbc96ff8ab05fc,M53743,8,otc alterations permit,2007-01-11T00:00:00.000,1554,3,521,11th,Av,street space,issued,2007-01-11T00:00:00.000,2007-01-11T00:00:00.000,2007-01-11T00:00:00.000,,,0,,,,1,Inner Richmond,94118,"{'latitude': '37.77842302989954', 'longitude': '-122.46979368037285', 'human_address': '{""address"": """", ""city"": """", ""state"": """", ""zip"": """"}'}",1.08E+12,0,,,,,,,,,,,,,,
5ea1d736eabbc96ff8ab05fd,2.01E+11,8,otc alterations permit,2007-01-11T00:00:00.000,1174,11,21,Atalaya,Tr,"delmolish existing bath and replace with new tile, fixtures etc. non structural",complete,2007-07-24T00:00:00.000,2007-01-11T00:00:00.000,2007-01-11T00:00:00.000,2007-07-11T00:00:00.000Z,20000,20000,1 family dwelling,1 family dwelling,2,1,Lone Mountain/USF,94117,"{'latitude': '37.776213119420824', 'longitude': '-122.44776856202841', 'human_address': '{""address"": """", ""city"": """", ""state"": """", ""zip"": """"}'}",1.08E+11,,3,3,1,1,5,wood frame (5),5,wood frame (5),2007-07-24T00:00:00.000,,,,,
5ea1d736eabbc96ff8ab05fe,2.01E+11,8,otc alterations permit,2007-01-11T00:00:00.000,517,018C,3044,Webster,St,repair dry rot at rear stairs and decks. less than 50% of structure.,expired,2007-06-29T00:00:00.000,2007-01-11T00:00:00.000,2007-01-11T00:00:00.000,2007-05-11T00:00:00.000Z,3000,3000,2 family dwelling,2 family dwelling,0,2,Marina,94123,"{'latitude': '37.798980909481614', 'longitude': '-122.43393491788493', 'human_address': '{""address"": """", ""city"": """", ""state"": """", ""zip"": """"}'}",1.08E+11,,3,3,2,2,5,wood frame (5),5,wood frame (5),,,,,,
5ea1d736eabbc96ff8ab05ff,2.01E+11,8,otc alterations permit,2007-01-11T00:00:00.000,642,3,1625,Van Ness,Av,"relocate 109 existing sprinklers to new location, change existing 22 drops to upright due to demolish of ceiling per light haz. spacking.",complete,2007-05-08T00:00:00.000,2007-01-11T00:00:00.000,2007-01-11T00:00:00.000,2007-07-11T00:00:00.000Z,22000,22000,office,office,2,2,Pacific Heights,94109,"{'latitude': '37.79085330340229', 'longitude': '-122.42295883977695', 'human_address': '{""address"": """", ""city"": """", ""state"": """", ""zip"": """"}'}",1.08E+11,,4,4,0,0,3,constr type 3,3,constr type 3,2007-05-08T00:00:00.000,,,,,
5ea1d736eabbc96ff8ab0600,2.01E+11,3,additions alterations or repairs,2007-01-11T00:00:00.000,230,28,1,Embarcadero Center,,"oti-2, bain & co, 35th floor, el, me.",complete,2008-01-09T00:00:00.000,2007-01-11T00:00:00.000,2007-02-01T00:00:00.000,2008-02-01T00:00:00.000Z,80000,80000,office,office,2,3,Financial District/South Beach,94111,"{'latitude': '37.79464865862657', 'longitude': '-122.39964659799554', 'human_address': '{""address"": """", ""city"": """", ""state"": """", ""zip"": """"}'}",1.08E+11,,40,40,0,0,1,constr type 1,1,constr type 1,2008-01-09T00:00:00.000,,,,,
5ea1d736eabbc96ff8ab0601,2.01E+11,3,additions alterations or repairs,2007-01-11T00:00:00.000,233,44,4,Embarcadero Center,,pantera: life safety work 11 devices. work on floor 36th only.,cancelled,2008-01-07T00:00:00.000,2007-01-11T00:00:00.000,,,5500,5500,office,office,2,3,Financial District/South Beach,94111,"{'latitude': '37.79506002552974', 'longitude': '-122.39593224461805', 'human_address': '{""address"": """", ""city"": """", ""state"": """", ""zip"": """"}'}",1.08E+11,,44,44,0,0,1,constr type 1,1,constr type 1,,,,,,
5ea1d736eabbc96ff8ab0602,2.01E+11,8,otc alterations permit,2007-01-11T00:00:00.000,4337,001A,1418,Florida,St,"termite and dry rotted work around windows. 1st floor remodel, add a storage. all (e) windows to be replaced w/dual pane wooden windows (typ). recessed a minimum of 3"" w/1/4 wd trim (typ).",expired,2008-04-16T00:00:00.000,2007-01-11T00:00:00.000,2007-01-11T00:00:00.000,2007-07-11T00:00:00.000Z,12000,12000,1 family dwelling,1 family dwelling,2,9,Mission,94110,"{'latitude': '37.74915938859649', 'longitude': '-122.41000254556074', 'human_address': '{""address"": """", ""city"": """", ""state"": """", ""zip"": """"}'}",1.08E+12,,2,2,1,1,5,wood frame (5),5,wood frame (5),,,,,,
5ea1d736eabbc96ff8ab0603,M53762,8,otc alterations permit,2007-01-11T00:00:00.000,5526,7,1646,Alabama,St,street space,issued,2007-01-11T00:00:00.000,2007-01-11T00:00:00.000,2007-01-11T00:00:00.000,,,0,,,,9,Bernal Heights,94110,"{'latitude': '37.74613409138239', 'longitude': '-122.41087784717728', 'human_address': '{""address"": """", ""city"": """", ""state"": """", ""zip"": """"}'}",1.08E+12,,,,,,,,,,,,,,,
5ea1d736eabbc96ff8ab0604,2.01E+11,8,otc alterations permit,2007-01-11T00:00:00.000,1157,13,752,Baker,St,rvision to application #200610064416:replace rear 1/2 permiter  foundation and add 2 piers to center for new beam 100 linear fi. approx.,complete,2008-03-19T00:00:00.000,2007-01-11T00:00:00.000,2007-01-11T00:00:00.000,2007-07-11T00:00:00.000Z,20000,20000,apartments,apartments,2,5,Western Addition,94115,"{'latitude': '37.778118431497774', 'longitude': '-122.44148401775165', 'human_address': '{""address"": """", ""city"": """", ""state"": """", ""zip"": """"}'}",1.08E+12,,3,3,3,3,5,wood frame (5),5,wood frame (5),2008-03-19T00:00:00.000,,,,,
5ea1d736eabbc96ff8ab0605,2.01E+11,8,otc alterations permit,2007-01-11T00:00:00.000,1157,13,756,Baker,St,rvision to application #200610064416:replace rear 1/2 permiter  foundation and add 2 piers to center for new beam 100 linear fi. approx.,complete,2008-03-19T00:00:00.000,2007-01-11T00:00:00.000,2007-01-11T00:00:00.000,2007-07-11T00:00:00.000Z,20000,20000,apartments,apartments,2,5,Western Addition,94115,"{'latitude': '37.778118431497774', 'longitude': '-122.44148401775165', 'human_address': '{""address"": """", ""city"": """", ""state"": """", ""zip"": """"}'}",1.08E+12,,3,3,3,3,5,wood frame (5),5,wood frame (5),2008-03-19T00:00:00.000,,,,,
5ea1d736eabbc96ff8ab0606,2.01E+11,8,otc alterations permit,2007-01-11T00:00:00.000,1050,17,1824,Divisadero,St,reroofing,expired,2011-04-20T00:00:00.000,2007-01-11T00:00:00.000,2007-01-11T00:00:00.000,2007-07-11T00:00:00.000Z,5500,5500,2 family dwelling,2 family dwelling,0,2,Pacific Heights,94115,"{'latitude': '37.786628503966504', 'longitude': '-122.4398583698828', 'human_address': '{""address"": """", ""city"": """", ""state"": """", ""zip"": """"}'}",1.08E+11,,,,,,,,,,,,,,,
5ea1d736eabbc96ff8ab0607,2.01E+11,8,otc alterations permit,2007-01-11T00:00:00.000,1050,17,1830,Divisadero,St,reroofing,expired,2011-04-20T00:00:00.000,2007-01-11T00:00:00.000,2007-01-11T00:00:00.000,2007-07-11T00:00:00.000Z,5500,5500,2 family dwelling,2 family dwelling,0,2,Pacific Heights,94115,"{'latitude': '37.786628503966504', 'longitude': '-122.4398583698828', 'human_address': '{""address"": """", ""city"": """", ""state"": """", ""zip"": """"}'}",1.08E+12,,,,,,,,,,,,,,,
5ea1d736eabbc96ff8ab0608,2.01E+11,8,otc alterations permit,2007-01-11T00:00:00.000,8709,7,1700,Owens,St,"oti-1 5/f alexandria real estate el, me, sp, ls",complete,2007-10-10T00:00:00.000,2007-01-11T00:00:00.000,2007-01-11T00:00:00.000,2007-07-11T00:00:00.000Z,25000,25000,office,office,2,6,Mission Bay,94158,"{'latitude': '37.767059407789866', 'longitude': '-122.39366420349594', 'human_address': '{""address"": """", ""city"": """", ""state"": """", ""zip"": """"}'}",1.08E+12,,5,5,0,0,1,constr type 1,1,constr type 1,2007-10-10T00:00:00.000,,,,,
5ea1d736eabbc96ff8ab0609,M53763,8,otc alterations permit,2007-01-11T00:00:00.000,210,43,815,Washington,St,street space permit,issued,2007-01-11T00:00:00.000,2007-01-11T00:00:00.000,2007-01-11T00:00:00.000,,,0,,,,3,Chinatown,94108,"{'latitude': '37.79495266259033', 'longitude': '-122.40676097985464', 'human_address': '{""address"": """", ""city"": """", ""state"": """", ""zip"": """"}'}",1.08E+11,,,,,,,,,,,,,,,
5ea1d736eabbc96ff8ab060a,M53763,8,otc alterations permit,2007-01-11T00:00:00.000,210,43,817,Washington,St,street space permit,issued,2007-01-11T00:00:00.000,2007-01-11T00:00:00.000,2007-01-11T00:00:00.000,,,0,,,,3,Chinatown,94108,"{'latitude': '37.79495266259033', 'longitude': '-122.40676097985464', 'human_address': '{""address"": """", ""city"": """", ""state"": """", ""zip"": """"}'}",1.08E+12,,,,,,,,,,,,,,,
5ea1d736eabbc96ff8ab060b,2.01E+11,8,otc alterations permit,2007-01-11T00:00:00.000,8709,7,1700,Owens,St,"oti-2 alexandria real estate 5th floor, el, me",complete,2007-10-10T00:00:00.000,2007-01-11T00:00:00.000,2007-01-11T00:00:00.000,2007-07-11T00:00:00.000Z,25000,25000,office,office,2,6,Mission Bay,94158,"{'latitude': '37.767059407789866', 'longitude': '-122.39366420349594', 'human_address': '{""address"": """", ""city"": """", ""state"": """", ""zip"": """"}'}",1.08E+12,,5,5,0,0,1,constr type 1,1,constr type 1,2007-10-10T00:00:00.000,,,,,
5ea1d736eabbc96ff8ab060c,2.01E+11,8,otc alterations permit,2007-01-11T00:00:00.000,7010,30,434,Bright,St,"install 4 replacement windows. 2 visible from street, u-value 0.38 - 0.52.",expired,2010-01-13T00:00:00.000,2007-01-11T00:00:00.000,2007-01-11T00:00:00.000,2007-05-11T00:00:00.000Z,3000,3000,1 family dwelling,1 family dwelling,0,11,Oceanview/Merced/Ingleside,94132,"{'latitude': '37.71858275196858', 'longitude': '-122.46327292351062', 'human_address': '{""address"": """", ""city"": """", ""state"": """", ""zip"": """"}'}",1.08E+12,,2,2,1,1,5,wood frame (5),5,wood frame (5),,,,,,
5ea1d736eabbc96ff8ab060d,2.01E+11,8,otc alterations permit,2007-01-11T00:00:00.000,5353,5,160,Maddux,Av,install 8 replacement windows. 2 visible from street. vinyl windows. u-value 0.38 - 0.52.,expired,2007-11-09T00:00:00.000,2007-01-11T00:00:00.000,2007-01-11T00:00:00.000,2007-07-11T00:00:00.000Z,5300,5300,1 family dwelling,1 family dwelling,0,10,Bayview Hunters Point,94124,"{'latitude': '37.73298052378386', 'longitude': '-122.39963756992803', 'human_address': '{""address"": """", ""city"": """", ""state"": """", ""zip"": """"}'}",1.08E+12,,2,2,1,1,5,wood frame (5),5,wood frame (5),,,,,,
5ea1d736eabbc96ff8ab060e,2.01E+11,8,otc alterations permit,2007-01-11T00:00:00.000,6902,9,390,Moncada,Wy,install 10 wood replacement windows & 1 wood replacement door.,expired,2010-03-30T00:00:00.000,2007-01-11T00:00:00.000,2007-01-11T00:00:00.000,2008-01-11T00:00:00.000Z,34876,34876,1 family dwelling,1 family dwelling,0,7,West of Twin Peaks,94127,"{'latitude': '37.7300125514345', 'longitude': '-122.4713622255982', 'human_address': '{""address"": """", ""city"": """", ""state"": """", ""zip"": """"}'}",1.08E+12,,2,2,1,1,5,wood frame (5),5,wood frame (5),,,,,,
5ea1d736eabbc96ff8ab060f,M53782,8,otc alterations permit,2007-01-11T00:00:00.000,2847,84,140,Portola,Dr,street space and sidewalk repair,issued,2007-01-11T00:00:00.000,2007-01-11T00:00:00.000,2007-01-11T00:00:00.000,,,0,,,,8,Twin Peaks,94131,"{'latitude': '37.748842285043075', 'longitude': '-122.44432158009799', 'human_address': '{""address"": """", ""city"": """", ""state"": """", ""zip"": """"}'}",1.08E+12,0,,,,,,,,,,,,,,
5ea1d736eabbc96ff8ab0610,2.01E+11,8,otc alterations permit,2007-01-11T00:00:00.000,819,22,536,Linden,St,renew app #200106201942 for final inspection,expired,2008-10-17T00:00:00.000,2007-01-11T00:00:00.000,2007-01-11T00:00:00.000,2007-05-11T00:00:00.000Z,1,1,2 family dwelling,2 family dwelling,0,5,Hayes Valley,94102,"{'latitude': '37.77612642787762', 'longitude': '-122.42684907467029', 'human_address': '{""address"": """", ""city"": """", ""state"": """", ""zip"": """"}'}",1.08E+12,,2,2,2,2,5,wood frame (5),5,wood frame (5),,,,,,
5ea1d736eabbc96ff8ab0611,2.01E+11,8,otc alterations permit,2007-01-11T00:00:00.000,819,22,538,Linden,St,renew app #200106201942 for final inspection,expired,2008-10-17T00:00:00.000,2007-01-11T00:00:00.000,2007-01-11T00:00:00.000,2007-05-11T00:00:00.000Z,1,1,2 family dwelling,2 family dwelling,0,5,Hayes Valley,94102,"{'latitude': '37.77612642787762', 'longitude': '-122.42684907467029', 'human_address': '{""address"": """", ""city"": """", ""state"": """", ""zip"": """"}'}",1.08E+12,,2,2,2,2,5,wood frame (5),5,wood frame (5),,,,,,
5ea1d736eabbc96ff8ab0612,2.01E+11,8,otc alterations permit,2007-01-11T00:00:00.000,819,22,633,Hayes,St,renew app #200106201942 for final inspection,expired,2008-10-17T00:00:00.000,2007-01-11T00:00:00.000,2007-01-11T00:00:00.000,2007-05-11T00:00:00.000Z,1,1,2 family dwelling,2 family dwelling,0,5,Hayes Valley,94102,"{'latitude': '37.77612642787762', 'longitude': '-122.42684907467029', 'human_address': '{""address"": """", ""city"": """", ""state"": """", ""zip"": """"}'}",1.08E+12,,2,2,2,2,5,wood frame (5),5,wood frame (5),,,,,,
5ea1d736eabbc96ff8ab0613,2.01E+11,8,otc alterations permit,2007-01-11T00:00:00.000,4084,5,820,Alabama,St,"to comply with nov# 200673092. handrail to be put on at exterior stairs at front. 1.25"" - 2"" rail & 1.5"" away from way 28"" - 34"" from f.f. repair stairs & landing steps.",complete,2007-05-31T00:00:00.000,2007-01-11T00:00:00.000,2007-01-11T00:00:00.000,2007-05-11T00:00:00.000Z,1500,1500,apartments,apartments,0,9,Mission,94110,"{'latitude': '37.7584444669862', 'longitude': '-122.4117923619643', 'human_address': '{""address"": """", ""city"": """", ""state"": """", ""zip"": """"}'}",1.08E+12,,2,2,3,3,5,wood frame (5),5,wood frame (5),2007-05-31T00:00:00.000,,,,,
5ea1d736eabbc96ff8ab0614,2.01E+11,8,otc alterations permit,2007-01-11T00:00:00.000,6448,26,1166,Munich,St,"to comply with nov# 200677807 by removing illegal kitchen, bath, & 4 bedrooms per plan.",issued,2007-01-11T00:00:00.000,2007-01-11T00:00:00.000,2007-01-11T00:00:00.000,2007-05-11T00:00:00.000Z,2000,2000,1 family dwelling,1 family dwelling,2,11,Excelsior,94112,"{'latitude': '37.71102878648957', 'longitude': '-122.43729978563087', 'human_address': '{""address"": """", ""city"": """", ""state"": """", ""zip"": """"}'}",1.08E+12,,2,2,1,1,5,wood frame (5),5,wood frame (5),,,,,,
5ea1d736eabbc96ff8ab0615,2.01E+11,8,otc alterations permit,2007-01-11T00:00:00.000,1875,29,1546,30th,Av,"revise approved app #200612139780, relocate room door, reduce the hallway, relocate full bath for extg sewer stack",complete,2007-06-27T00:00:00.000,2007-01-11T00:00:00.000,2007-01-11T00:00:00.000,2007-05-11T00:00:00.000Z,1,1,1 family dwelling,1 family dwelling,2,4,Sunset/Parkside,94122,"{'latitude': '37.75843429462371', 'longitude': '-122.48825730623359', 'human_address': '{""address"": """", ""city"": """", ""state"": """", ""zip"": """"}'}",1.08E+12,,2,2,1,1,5,wood frame (5),5,wood frame (5),2007-06-27T00:00:00.000,,,,,
5ea1d736eabbc96ff8ab0616,2.01E+11,8,otc alterations permit,2007-01-11T00:00:00.000,1599,035A,722,46th,Av,"revision to appl#200701081154 correct plans to label ""basement entrance"" instead of ""main entrance"".",complete,2007-02-15T00:00:00.000,2007-01-11T00:00:00.000,2007-01-11T00:00:00.000,2007-05-11T00:00:00.000Z,1,1,1 family dwelling,1 family dwelling,2,1,Outer Richmond,94121,"{'latitude': '37.77479966502466', 'longitude': '-122.5065935591276', 'human_address': '{""address"": """", ""city"": """", ""state"": """", ""zip"": """"}'}",1.08E+12,,2,2,1,1,5,wood frame (5),5,wood frame (5),2007-02-15T00:00:00.000,,,,,
5ea1d736eabbc96ff8ab0617,2.01E+11,3,additions alterations or repairs,2007-01-11T00:00:00.000,3705,49,845,Market,St,"revision to approved  pa#'s 200603318070 and  200604048186 as built changes to ""ruehl"" spaces#251 (2nd floor) no structural changes.",issued,2007-02-13T00:00:00.000,2007-01-11T00:00:00.000,2007-02-13T00:00:00.000,2007-08-13T00:00:00.000Z,13600,13600,retail sales,retail sales,2,6,South of Market,94103,"{'latitude': '37.78410015716841', 'longitude': '-122.40609807725492', 'human_address': '{""address"": """", ""city"": """", ""state"": """", ""zip"": """"}'}",1.08E+12,,9,9,0,0,1,constr type 1,1,constr type 1,,,,,,
5ea1d736eabbc96ff8ab0618,2.01E+11,3,additions alterations or repairs,2007-01-11T00:00:00.000,2623,47,9,Douglass,St,vertical addition to rear portion of house for new master bedroom suite and interior renovation. site permit only. not for constructions.,withdrawn,2009-10-26T00:00:00.000,2007-01-11T00:00:00.000,2007-11-08T00:00:00.000,2008-11-08T00:00:00.000Z,160000,225000,1 family dwelling,1 family dwelling,2,8,Castro/Upper Market,94114,"{'latitude': '37.76334943469128', 'longitude': '-122.43931431105877', 'human_address': '{""address"": """", ""city"": """", ""state"": """", ""zip"": """"}'}",1.08E+12,,2,3,1,1,5,wood frame (5),5,wood frame (5),,Y,Y,,,
5ea1d736eabbc96ff8ab0619,2.01E+11,8,otc alterations permit,2007-01-11T00:00:00.000,4101,39,1431,20th,St,"repair dryrot on the side of property approx 20-30 square feet. in garage. re,pve dryrotted portion at base of single post towards front of garage. raise concrete footing above slab level. install post base. all work not visible from the street",complete,2007-01-31T00:00:00.000,2007-01-11T00:00:00.000,2007-01-11T00:00:00.000,2007-05-11T00:00:00.000Z,1300,1300,1 family dwelling,1 family dwelling,0,10,Potrero Hill,94107,"{'latitude': '37.7598198001088', 'longitude': '-122.39590895289385', 'human_address': '{""address"": """", ""city"": """", ""state"": """", ""zip"": """"}'}",1.08E+12,,2,2,1,1,5,wood frame (5),5,wood frame (5),2007-01-31T00:00:00.000,,,,,
5ea1d736eabbc96ff8ab061a,2.01E+11,8,otc alterations permit,2007-01-11T00:00:00.000,807,001B,539,Octavia,St,connection of fire alarm monitoring panel for sprinkler monitoring.,complete,2007-01-25T00:00:00.000,2007-01-11T00:00:00.000,2007-01-11T00:00:00.000,2007-05-11T00:00:00.000Z,800,800,apartments,apartments,2,5,Hayes Valley,94102,"{'latitude': '37.77725730736001', 'longitude': '-122.42495728120139', 'human_address': '{""address"": """", ""city"": """", ""state"": """", ""zip"": """"}'}",1.08E+12,,3,3,30,30,5,wood frame (5),5,wood frame (5),2007-01-25T00:00:00.000,,,,,
5ea1d736eabbc96ff8ab061b,2.01E+11,3,additions alterations or repairs,2007-01-11T00:00:00.000,2608,21,118,Buena Vista,Tr,"3/fl addition to 2 story house.add rearyard decks&exit stair,new 3/fl contain bedroom,bathrm,study&front, rear decks. interior alterations @ 2/fl to incl renovation (e)bathrms(2),& expansion of (e)bedrm at (e)roof deck. partialrenovation of 1/fl. elec,mech,plumb appl under separate permit.",complete,2009-08-18T00:00:00.000,2007-01-11T00:00:00.000,2007-08-20T00:00:00.000,2009-08-20T00:00:00.000Z,450000,450000,1 family dwelling,1 family dwelling,2,8,Castro/Upper Market,94117,"{'latitude': '37.766953645829304', 'longitude': '-122.43853499055228', 'human_address': '{""address"": """", ""city"": """", ""state"": """", ""zip"": """"}'}",1.08E+12,,2,3,1,1,5,wood frame (5),5,wood frame (5),2009-08-18T00:00:00.000,Y,Y,,,
5ea1d736eabbc96ff8ab061c,2.01E+11,3,additions alterations or repairs,2007-01-11T00:00:00.000,1361,20,3923,California,St,omply with 3r-4481,filed,2007-01-11T00:00:00.000,2007-01-11T00:00:00.000,,,7000,,2 family dwelling,2 family dwelling,0,1,Inner Richmond,94118,"{'latitude': '37.78537172683489', 'longitude': '-122.46005593994607', 'human_address': '{""address"": """", ""city"": """", ""state"": """", ""zip"": """"}'}",1.08E+11,,3,3,2,2,5,wood frame (5),5,wood frame (5),,,,,,
5ea1d736eabbc96ff8ab061d,M53802,8,otc alterations permit,2007-01-11T00:00:00.000,5891,35,178,Ney,St,street space & sidewalk permit,issued,2007-01-11T00:00:00.000,2007-01-11T00:00:00.000,2007-01-11T00:00:00.000,,,0,,,,11,Excelsior,94112,"{'latitude': '37.72989385331528', 'longitude': '-122.42654122960529', 'human_address': '{""address"": """", ""city"": """", ""state"": """", ""zip"": """"}'}",1.08E+12,,,,,,,,,,,,,,,
5ea1d736eabbc96ff8ab061e,M53822,8,otc alterations permit,2007-01-11T00:00:00.000,1429,23,332,Clement,St,street space & sidewalk permit only.,issued,2007-01-11T00:00:00.000,2007-01-11T00:00:00.000,2007-01-11T00:00:00.000,,,0,,,,1,Inner Richmond,94118,"{'latitude': '37.78326434492771', 'longitude': '-122.46292137345685', 'human_address': '{""address"": """", ""city"": """", ""state"": """", ""zip"": """"}'}",1.08E+11,,,,,,,,,,,,,,,
5ea1d736eabbc96ff8ab061f,M53823,8,otc alterations permit,2007-01-11T00:00:00.000,3561,68,245,Castro,St,street space permit and sidewalk repair,issued,2007-01-11T00:00:00.000,2007-01-11T00:00:00.000,2007-01-11T00:00:00.000,,,0,,,,8,Castro/Upper Market,94114,"{'latitude': '37.765066039663736', 'longitude': '-122.43509192216244', 'human_address': '{""address"": """", ""city"": """", ""state"": """", ""zip"": """"}'}",1.08E+12,,,,,,,,,,,,,,,
5ea1d736eabbc96ff8ab0620,2.01E+11,8,otc alterations permit,2007-01-11T00:00:00.000,859,27,459,Haight,St,repair dryrot sidding at rear of building with like kind.,issued,2007-01-11T00:00:00.000,2007-01-11T00:00:00.000,2007-01-11T00:00:00.000,2007-05-11T00:00:00.000Z,3000,3000,apartments,apartments,0,5,Hayes Valley,94117,"{'latitude': '37.7718814652616', 'longitude': '-122.42965979225858', 'human_address': '{""address"": """", ""city"": """", ""state"": """", ""zip"": """"}'}",1.08E+12,,3,3,3,3,5,wood frame (5),5,wood frame (5),,,,,,
5ea1d736eabbc96ff8ab0621,2.01E+11,8,otc alterations permit,2007-01-11T00:00:00.000,4080,11,720,York,St,"unit #210-tear out (e) 1 kitchen, 1 bath and update design. extend mezzanini approx 3' to push stairs out to accomodate new kitchen.",complete,2007-11-08T00:00:00.000,2007-01-11T00:00:00.000,2007-01-11T00:00:00.000,2008-01-11T00:00:00.000Z,38000,38000,apartments,apartments,2,10,Mission,94110,"{'latitude': '37.759709668121424', 'longitude': '-122.40968183296171', 'human_address': '{""address"": """", ""city"": """", ""state"": """", ""zip"": """"}'}",1.08E+12,,2,2,20,20,3,constr type 3,3,constr type 3,2007-11-08T00:00:00.000,,,,,
5ea1d736eabbc96ff8ab0622,M53824,8,otc alterations permit,2007-01-11T00:00:00.000,959,11,2770,Broadway,,street space permit,issued,2007-01-11T00:00:00.000,2007-01-11T00:00:00.000,2007-01-11T00:00:00.000,,,0,,,,2,Pacific Heights,94123,"{'latitude': '37.79360887022625', 'longitude': '-122.44257279287072', 'human_address': '{""address"": """", ""city"": """", ""state"": """", ""zip"": """"}'}",1.08E+11,,,,,,,,,,,,,,,
5ea1d736eabbc96ff8ab0623,2.01E+11,8,otc alterations permit,2007-01-11T00:00:00.000,2117,14,1990,18th,Av,"replace 11 windows, size for size, back of house.",complete,2007-01-25T00:00:00.000,2007-01-11T00:00:00.000,2007-01-11T00:00:00.000,2007-07-11T00:00:00.000Z,6533,6533,1 family dwelling,1 family dwelling,0,7,Inner Sunset,94116,"{'latitude': '37.750805131753744', 'longitude': '-122.47484751575905', 'human_address': '{""address"": """", ""city"": """", ""state"": """", ""zip"": """"}'}",1.08E+12,,2,2,1,1,5,wood frame (5),5,wood frame (5),2007-01-25T00:00:00.000,,,,,
5ea1d736eabbc96ff8ab0624,2.01E+11,8,otc alterations permit,2007-01-11T00:00:00.000,241,25,650,California,St,"renewal of pa# 2005/09/29/4271, pa# 2005/10/31/6940 & pa# 2005/10/31/6935 for final inspection.",complete,2007-03-19T00:00:00.000,2007-01-11T00:00:00.000,2007-01-11T00:00:00.000,2007-05-11T00:00:00.000Z,1,1,office,office,0,3,Chinatown,94108,"{'latitude': '37.793029020021095', 'longitude': '-122.40520964058072', 'human_address': '{""address"": """", ""city"": """", ""state"": """", ""zip"": """"}'}",1.08E+12,0,34,34,0,0,1,constr type 1,1,constr type 1,2007-03-19T00:00:00.000,,,,,
5ea1d736eabbc96ff8ab0625,2.01E+11,8,otc alterations permit,2007-01-11T00:00:00.000,241,25,650,California,St,"renewal of pa# 2005/12/20/0691, pa# 2005/12/20/0689 & pa# 2005/11/22/8794 for final inspection.",complete,2007-03-20T00:00:00.000,2007-01-11T00:00:00.000,2007-01-11T00:00:00.000,2007-05-11T00:00:00.000Z,1,1,office,office,0,3,Chinatown,94108,"{'latitude': '37.793029020021095', 'longitude': '-122.40520964058072', 'human_address': '{""address"": """", ""city"": """", ""state"": """", ""zip"": """"}'}",1.08E+12,0,34,34,0,0,1,constr type 1,1,constr type 1,2007-03-20T00:00:00.000,,,,,
5ea1d736eabbc96ff8ab0626,2.01E+11,8,otc alterations permit,2007-01-11T00:00:00.000,149,21,1644,Taylor,St,renew appl#200607247402 for final.,complete,2007-06-01T00:00:00.000,2007-01-11T00:00:00.000,2007-01-11T00:00:00.000,2007-05-11T00:00:00.000Z,1,1,apartments,apartments,0,3,Nob Hill,94133,"{'latitude': '37.7975906577099', 'longitude': '-122.41342306391715', 'human_address': '{""address"": """", ""city"": """", ""state"": """", ""zip"": """"}'}",1.08E+12,0,4,4,17,17,5,wood frame (5),5,wood frame (5),2007-06-01T00:00:00.000,,,,,
5ea1d736eabbc96ff8ab0627,2.01E+11,3,additions alterations or repairs,2007-01-11T00:00:00.000,7243,8,258,Denslowe,Dr,horizontal addition to create maser bedroom with bathroom,complete,2009-08-27T00:00:00.000,2007-01-11T00:00:00.000,2007-08-06T00:00:00.000,2008-08-06T00:00:00.000Z,37000,37000,1 family dwelling,1 family dwelling,2,7,West of Twin Peaks,94132,"{'latitude': '37.72027927298699', 'longitude': '-122.47477723724327', 'human_address': '{""address"": """", ""city"": """", ""state"": """", ""zip"": """"}'}",1.08E+12,,2,2,1,1,5,wood frame (5),5,wood frame (5),2009-08-27T00:00:00.000,Y,Y,,2007-08-06T00:00:00.000,
5ea1d736eabbc96ff8ab0628,2.01E+11,8,otc alterations permit,2007-01-11T00:00:00.000,288,32,333,Bush,St,renewal for pa# 2006/02/27/5462.,expired,2008-06-17T00:00:00.000,2007-01-11T00:00:00.000,2007-01-11T00:00:00.000,2007-05-11T00:00:00.000Z,1,1,office,office,0,3,Financial District/South Beach,94108,"{'latitude': '37.79057472898199', 'longitude': '-122.4031096060195', 'human_address': '{""address"": """", ""city"": """", ""state"": """", ""zip"": """"}'}",1.08E+11,,34,34,0,0,1,constr type 1,1,constr type 1,,,,,,
5ea1d736eabbc96ff8ab0629,2.01E+11,3,additions alterations or repairs,2007-01-11T00:00:00.000,3706,74,50,03rd,St,"1st fl - renovations to lobby; lounge, restaurant, bar & port cochere. 3rd fl-renovation to meeting rooms, corridors and pre-function areas. exterior-modify marquere canopy, install decorative glass on facade over (e) facade. replace (e) marble w/cement fiber panels, glass/alum storefront.",expired,2013-10-23T00:00:00.000,2007-01-11T00:00:00.000,2007-03-21T00:00:00.000,2009-09-21T00:00:00.000Z,1500000,1800000,tourist hotel/motel,tourist hotel/motel,2,6,Financial District/South Beach,94103,"{'latitude': '37.78652508124445', 'longitude': '-122.40309239617214', 'human_address': '{""address"": """", ""city"": """", ""state"": """", ""zip"": """"}'}",1.08E+12,,36,36,669,676,1,constr type 1,1,constr type 1,,,,,,
5ea1d736eabbc96ff8ab062a,2.01E+11,8,otc alterations permit,2007-01-11T00:00:00.000,288,32,333,Bush,St,"renewal of pa# 2006/05/04/0737, pa# 2006/05/19/2001 & pa# 2006/01/18/2363 for final inspection.",complete,2007-03-21T00:00:00.000,2007-01-11T00:00:00.000,2007-01-11T00:00:00.000,2007-05-11T00:00:00.000Z,1,1,office,office,0,3,Financial District/South Beach,94108,"{'latitude': '37.79057472898199', 'longitude': '-122.4031096060195', 'human_address': '{""address"": """", ""city"": """", ""state"": """", ""zip"": """"}'}",1.08E+11,,34,34,0,0,1,constr type 1,1,constr type 1,2007-03-21T00:00:00.000,,,,,
5ea1d736eabbc96ff8ab062b,2.01E+11,8,otc alterations permit,2007-01-11T00:00:00.000,2771,58,650,Alvarado,St,replace termite damaged wood in kind at noted locations. replace certain beams and exterior load-bearing stud walls as shown on plans. finishes to  match existing.,expired,2008-11-05T00:00:00.000,2007-01-11T00:00:00.000,2007-01-11T00:00:00.000,2007-07-11T00:00:00.000Z,7500,7500,1 family dwelling,1 family dwelling,2,8,Noe Valley,94114,"{'latitude': '37.75400106963332', 'longitude': '-122.43553393745766', 'human_address': '{""address"": """", ""city"": """", ""state"": """", ""zip"": """"}'}",1.08E+12,,3,3,27,27,5,wood frame (5),5,wood frame (5),,,,,,
5ea1d736eabbc96ff8ab062c,2.01E+11,8,otc alterations permit,2007-01-11T00:00:00.000,1141,22,672,Arguello,Bl,add 1 bath on 2nd floor delete partition wall in garage. maintain 3' clear extg way change ceiling height and maintain 40' maximum height per planing code. reconfigure bathrooms on 2nd floor per plan. ref #200502145404,complete,2010-06-07T00:00:00.000,2007-01-11T00:00:00.000,2007-01-11T00:00:00.000,2007-05-11T00:00:00.000Z,3800,3800,1 family dwelling,1 family dwelling,2,1,Lone Mountain/USF,94118,"{'latitude': '37.777671944607', 'longitude': '-122.45826870134962', 'human_address': '{""address"": """", ""city"": """", ""state"": """", ""zip"": """"}'}",1.08E+11,,4,4,1,1,5,wood frame (5),5,wood frame (5),2010-06-07T00:00:00.000,,,,,
5ea1d736eabbc96ff8ab062d,M53842,8,otc alterations permit,2007-01-11T00:00:00.000,689,16,1409,Sutter,St,street space permit only.,issued,2007-01-11T00:00:00.000,2007-01-11T00:00:00.000,2007-01-11T00:00:00.000,,,0,,,,2,Western Addition,94109,"{'latitude': '37.78699713231729', 'longitude': '-122.42382315123456', 'human_address': '{""address"": """", ""city"": """", ""state"": """", ""zip"": """"}'}",1.08E+11,,,,,,,,,,,,,,,
5ea1d736eabbc96ff8ab062e,2.01E+11,8,otc alterations permit,2007-01-11T00:00:00.000,1403,6,335,30th,Av,comply with complaint #200684997 new windows and bathroom repair - upper level.,complete,2007-03-05T00:00:00.000,2007-01-11T00:00:00.000,2007-01-11T00:00:00.000,2007-05-11T00:00:00.000Z,3000,3000,1 family dwelling,1 family dwelling,0,1,Outer Richmond,94121,"{'latitude': '37.78293703730282', 'longitude': '-122.49064325504841', 'human_address': '{""address"": """", ""city"": """", ""state"": """", ""zip"": """"}'}",1.08E+11,,2,2,1,1,5,wood frame (5),5,wood frame (5),2007-03-05T00:00:00.000,,,,,
5ea1d736eabbc96ff8ab062f,2.01E+11,8,otc alterations permit,2007-01-11T00:00:00.000,163,5,909,Montgomery,St,provide 2 new heat pumps. relocate 2 heat pumps. replace 6 existing heat pumps. miscellaneous ducting for th enew heat pump configuration. 8 new hp total. mechanical work only. ref to appl #200612220485 city approved permit. 1 new fire demper (fsd).,complete,2008-03-21T00:00:00.000,2007-01-11T00:00:00.000,2007-01-11T00:00:00.000,2008-01-11T00:00:00.000Z,30000,30000,office,office,2,3,North Beach,94133,"{'latitude': '37.797509439407904', 'longitude': '-122.40406962115884', 'human_address': '{""address"": """", ""city"": """", ""state"": """", ""zip"": """"}'}",1.08E+12,0,6,6,0,0,2,constr type 2,2,constr type 2,2008-03-21T00:00:00.000,,,,,
5ea1d736eabbc96ff8ab0630,2.01E+11,3,additions alterations or repairs,2007-01-11T00:00:00.000,2799,13,950,Corbett,Av,plan check comments for full spklr system. revision to plan checking #200612139741,cancelled,2007-06-27T00:00:00.000,2007-01-11T00:00:00.000,,,1,,apartments,apartments,2,8,Twin Peaks,94131,"{'latitude': '37.751845280725696', 'longitude': '-122.44372472154133', 'human_address': '{""address"": """", ""city"": """", ""state"": """", ""zip"": """"}'}",1.08E+12,,4,4,3,3,5,wood frame (5),5,wood frame (5),,,,,,
5ea1d736eabbc96ff8ab0631,2.01E+11,8,otc alterations permit,2007-01-11T00:00:00.000,977,001B,2815,Pacific,Av,remove & replace stucco & replace flashing at the rear of the building to repair water leak.,expired,2008-06-26T00:00:00.000,2007-01-11T00:00:00.000,2007-01-11T00:00:00.000,2008-01-11T00:00:00.000Z,42000,42000,1 family dwelling,1 family dwelling,0,2,Pacific Heights,94115,"{'latitude': '37.79225448327885', 'longitude': '-122.44163997677352', 'human_address': '{""address"": """", ""city"": """", ""state"": """", ""zip"": """"}'}",1.08E+11,,2,2,1,1,5,wood frame (5),5,wood frame (5),,,,,,
5ea1d736eabbc96ff8ab0632,2.01E+11,8,otc alterations permit,2007-01-11T00:00:00.000,3730,7,262,07th,St,"new countertop, sink and refrigerator in staff break areas on mezzanine & ground level.",complete,2008-09-29T00:00:00.000,2007-01-11T00:00:00.000,2007-01-11T00:00:00.000,2007-07-11T00:00:00.000Z,10000,10000,workshop commercial,workshop commercial,2,6,South of Market,94103,"{'latitude': '37.77698554482191', 'longitude': '-122.40873675759948', 'human_address': '{""address"": """", ""city"": """", ""state"": """", ""zip"": """"}'}",1.08E+12,,1,1,0,0,3,constr type 3,3,constr type 3,2008-09-29T00:00:00.000,,,,,
5ea1d736eabbc96ff8ab0633,2.01E+11,8,otc alterations permit,2007-01-11T00:00:00.000,4070,25,536,Wisconsin,St,remodel 2 bathrooms. install new plumbing valves in (e) locations. new shower pan. tile pan & walls & floor. shower drain in (e) location. no change.,complete,2007-03-06T00:00:00.000,2007-01-11T00:00:00.000,2007-01-11T00:00:00.000,2007-07-11T00:00:00.000Z,6000,6000,apartments,apartments,0,10,Potrero Hill,94107,"{'latitude': '37.76045905948295', 'longitude': '-122.39972399644871', 'human_address': '{""address"": """", ""city"": """", ""state"": """", ""zip"": """"}'}",1.08E+12,,4,4,80,80,5,wood frame (5),5,wood frame (5),2007-03-06T00:00:00.000,,,,,
5ea1d736eabbc96ff8ab0634,2.01E+11,8,otc alterations permit,2007-01-11T00:00:00.000,2840,1,62,Castenada,Av,"remodel 2 bathrooms, change tile. replace sink, toilet and faucet.",complete,2007-04-11T00:00:00.000,2007-01-11T00:00:00.000,2007-01-11T00:00:00.000,2007-07-11T00:00:00.000Z,9000,9000,1 family dwelling,1 family dwelling,0,7,West of Twin Peaks,94116,"{'latitude': '37.75001835706547', 'longitude': '-122.46223606071992', 'human_address': '{""address"": """", ""city"": """", ""state"": """", ""zip"": """"}'}",1.08E+12,,2,2,1,1,5,wood frame (5),5,wood frame (5),2007-04-11T00:00:00.000,,,,,
5ea1d736eabbc96ff8ab0635,2.01E+11,8,otc alterations permit,2007-01-11T00:00:00.000,7146,9,24,Regent,St,remodel (e) porch at front of house consisting of infilling (e) opening at side wall of porch. put paint w/stucco coat to exterior of porch. comply w/nov# 200684771.,complete,2007-02-07T00:00:00.000,2007-01-11T00:00:00.000,2007-01-11T00:00:00.000,2007-05-11T00:00:00.000Z,1000,1000,1 family dwelling,1 family dwelling,0,11,Outer Mission,94112,"{'latitude': '37.709558406259575', 'longitude': '-122.45597043246995', 'human_address': '{""address"": """", ""city"": """", ""state"": """", ""zip"": """"}'}",1.08E+12,,3,3,1,1,5,wood frame (5),5,wood frame (5),2007-02-07T00:00:00.000,,,,,
5ea1d736eabbc96ff8ab0636,2.01E+11,4,sign - erect,2007-01-11T00:00:00.000,3760,119,65,Oak Grove,St,"sign permit - wall, single faced.",issued,2007-01-11T00:00:00.000,2007-01-11T00:00:00.000,2007-01-11T00:00:00.000,2008-01-11T00:00:00.000Z,,25506.78,office,,2,6,South of Market,94107,"{'latitude': '37.77755020000258', 'longitude': '-122.40164355791248', 'human_address': '{""address"": """", ""city"": """", ""state"": """", ""zip"": """"}'}",1.08E+12,,2,,0,,5,wood frame (5),,,,,,,,
5ea1d736eabbc96ff8ab0637,2.01E+11,8,otc alterations permit,2007-01-11T00:00:00.000,6618,10,210,29th,St,"replace 13 windows, size for size, visable from street. aluminum to vinyl.",complete,2007-02-02T00:00:00.000,2007-01-11T00:00:00.000,2007-01-11T00:00:00.000,2007-07-11T00:00:00.000Z,10000,10000,2 family dwelling,2 family dwelling,0,8,Noe Valley,94131,"{'latitude': '37.74403911297648', 'longitude': '-122.42509418553365', 'human_address': '{""address"": """", ""city"": """", ""state"": """", ""zip"": """"}'}",1.08E+12,,2,2,2,2,5,wood frame (5),5,wood frame (5),2007-02-02T00:00:00.000,,,,,
5ea1d736eabbc96ff8ab0638,2.01E+11,8,otc alterations permit,2007-01-11T00:00:00.000,2771,58,650,Alvarado,St,replacement of termite damaged wood in kind at noted locations. replace certain beams and load-bearing stud walls. finishes to match (e). refer to plans.,expired,2008-11-05T00:00:00.000,2007-01-11T00:00:00.000,2007-01-11T00:00:00.000,2007-07-11T00:00:00.000Z,7500,7500,apartments,apartments,2,8,Noe Valley,94114,"{'latitude': '37.75400106963332', 'longitude': '-122.43553393745766', 'human_address': '{""address"": """", ""city"": """", ""state"": """", ""zip"": """"}'}",1.08E+12,,3,3,27,27,5,wood frame (5),5,wood frame (5),,,,,,
5ea1d736eabbc96ff8ab0639,2.01E+11,8,otc alterations permit,2007-01-11T00:00:00.000,6618,10,212,29th,St,"replace 13 windows, size for size, visable from street. aluminum to vinyl.",complete,2007-02-02T00:00:00.000,2007-01-11T00:00:00.000,2007-01-11T00:00:00.000,2007-07-11T00:00:00.000Z,10000,10000,2 family dwelling,2 family dwelling,0,8,Noe Valley,94131,"{'latitude': '37.74403911297648', 'longitude': '-122.42509418553365', 'human_address': '{""address"": """", ""city"": """", ""state"": """", ""zip"": """"}'}",1.08E+12,,2,2,2,2,5,wood frame (5),5,wood frame (5),2007-02-02T00:00:00.000,,,,,
5ea1d736eabbc96ff8ab063a,M53862,8,otc alterations permit,2007-01-11T00:00:00.000,519,19,3004,Laguna,St,sidewalk permit,issued,2007-01-11T00:00:00.000,2007-01-11T00:00:00.000,2007-01-11T00:00:00.000,,,0,,,,2,Marina,94123,"{'latitude': '37.79891260067376', 'longitude': '-122.43057142499232', 'human_address': '{""address"": """", ""city"": """", ""state"": """", ""zip"": """"}'}",1.08E+11,,,,,,,,,,,,,,,
5ea1d736eabbc96ff8ab063b,2.01E+11,8,otc alterations permit,2007-01-11T00:00:00.000,6514,18,257,San Jose,Av,reroofing,complete,2007-01-24T00:00:00.000,2007-01-11T00:00:00.000,2007-01-11T00:00:00.000,2007-07-11T00:00:00.000Z,11000,11000,apartments,apartments,0,8,Mission,94110,"{'latitude': '37.75120322081861', 'longitude': '-122.42123723209518', 'human_address': '{""address"": """", ""city"": """", ""state"": """", ""zip"": """"}'}",1.08E+12,,2,2,8,8,5,wood frame (5),5,wood frame (5),2007-01-24T00:00:00.000,,,,,
5ea1d736eabbc96ff8ab063c,2.01E+11,8,otc alterations permit,2007-01-11T00:00:00.000,6513,34,1201,Guerrero,St,replace approx 60% of rear stairway in kind due to dry rot. used as 2nd means of egress for residential units. stair serves residential only.,complete,2007-06-14T00:00:00.000,2007-01-11T00:00:00.000,2007-01-11T00:00:00.000,2007-07-11T00:00:00.000Z,6500,6500,apartments,apartments,2,8,Mission,94110,"{'latitude': '37.7518361952855', 'longitude': '-122.42261967728669', 'human_address': '{""address"": """", ""city"": """", ""state"": """", ""zip"": """"}'}",1.08E+12,,3,3,3,3,5,wood frame (5),5,wood frame (5),2007-06-14T00:00:00.000,Y,,,,
5ea1d736eabbc96ff8ab063d,2.01E+11,8,otc alterations permit,2007-01-11T00:00:00.000,6421,2,287,South Hill,Bl,reroofing,complete,2007-01-22T00:00:00.000,2007-01-11T00:00:00.000,2007-01-11T00:00:00.000,2007-07-11T00:00:00.000Z,5250,5250,1 family dwelling,1 family dwelling,0,11,Excelsior,94112,"{'latitude': '37.70920756336609', 'longitude': '-122.4298448889036', 'human_address': '{""address"": """", ""city"": """", ""state"": """", ""zip"": """"}'}",1.08E+12,,,,,,,,,,2007-01-22T00:00:00.000,,,,,
5ea1d736eabbc96ff8ab063e,M53882,8,otc alterations permit,2007-01-11T00:00:00.000,120,24,933,Union,St,street space permit,issued,2007-01-11T00:00:00.000,2007-01-11T00:00:00.000,2007-01-11T00:00:00.000,,,0,,,,3,Russian Hill,94133,"{'latitude': '37.799574476142936', 'longitude': '-122.41470776144207', 'human_address': '{""address"": """", ""city"": """", ""state"": """", ""zip"": """"}'}",1.08E+12,0,,,,,,,,,,,,,,
5ea1d736eabbc96ff8ab063f,M53882,8,otc alterations permit,2007-01-11T00:00:00.000,120,24,935,Union,St,street space permit,issued,2007-01-11T00:00:00.000,2007-01-11T00:00:00.000,2007-01-11T00:00:00.000,,,0,,,,3,Russian Hill,94133,"{'latitude': '37.799574476142936', 'longitude': '-122.41470776144207', 'human_address': '{""address"": """", ""city"": """", ""state"": """", ""zip"": """"}'}",1.08E+12,,,,,,,,,,,,,,,
5ea1d736eabbc96ff8ab0640,2.01E+11,3,additions alterations or repairs,2007-01-11T00:00:00.000,180,45,977,Pacific,Av,"star fire installed without permit. we are taking job over. work remaining is riser tie-ins, test & inspections. owner is installing new system under voluntary conditions.",complete,2007-10-12T00:00:00.000,2007-01-11T00:00:00.000,2007-03-15T00:00:00.000,2007-09-15T00:00:00.000Z,5000,17000,apartments,apartments,2,3,Chinatown,94133,"{'latitude': '37.79619229981552', 'longitude': '-122.41126490532365', 'human_address': '{""address"": """", ""city"": """", ""state"": """", ""zip"": """"}'}",1.08E+12,0,3,3,6,6,5,wood frame (5),5,wood frame (5),2007-10-12T00:00:00.000,,,,,
5ea1d736eabbc96ff8ab0641,2.01E+11,8,otc alterations permit,2007-01-11T00:00:00.000,813,6,1390,Market,St,"remodel kitchen tops. no window or door work. cabinets, kit, sink, dishwasher, bathroom, tile sorround. vanity sink. on units# 1424, # 1815.",complete,2007-03-14T00:00:00.000,2007-01-11T00:00:00.000,2007-01-11T00:00:00.000,2007-07-11T00:00:00.000Z,24000,24000,apartments,apartments,0,6,Tenderloin,94102,"{'latitude': '37.777142649690035', 'longitude': '-122.41722112719671', 'human_address': '{""address"": """", ""city"": """", ""state"": """", ""zip"": """"}'}",1.08E+11,,29,29,448,448,1,constr type 1,1,constr type 1,2007-03-14T00:00:00.000,,,,,
5ea1d736eabbc96ff8ab0642,M53883,8,otc alterations permit,2007-01-11T00:00:00.000,0460A,7,1624,Bay,St,street space permit,issued,2007-01-11T00:00:00.000,2007-01-11T00:00:00.000,2007-01-11T00:00:00.000,,,0,,,,2,Marina,94123,"{'latitude': '37.803315023636905', 'longitude': '-122.4338947907168', 'human_address': '{""address"": """", ""city"": """", ""state"": """", ""zip"": """"}'}",1.08E+12,0,,,,,,,,,,,,,,
5ea1d736eabbc96ff8ab0643,2.01E+11,3,additions alterations or repairs,2007-01-11T00:00:00.000,5730,8,246,Putnam,St,"temporary shoring-common property lines, ref. 2004/07/08/8338s1, other permit for new shoring by hawk lee.",issued,2007-02-09T00:00:00.000,2007-01-11T00:00:00.000,2007-02-09T00:00:00.000,2007-08-09T00:00:00.000Z,10000,15000,1 family dwelling,1 family dwelling,2,9,Bernal Heights,94110,"{'latitude': '37.7363482046823', 'longitude': '-122.41124014077778', 'human_address': '{""address"": """", ""city"": """", ""state"": """", ""zip"": """"}'}",1.08E+12,,3,3,1,1,5,wood frame (5),5,wood frame (5),,,,,,
5ea1d736eabbc96ff8ab0644,2.01E+11,8,otc alterations permit,2007-01-11T00:00:00.000,813,6,1390,Market,St,"remodel kitchen tops. no window or door work. cabinets, kit, sink, dishwasher, bathroom, tile sorround. vanity sink. on units# 1520, # 1619, # 1622, # 2027 & # 2125.",complete,2007-02-07T00:00:00.000,2007-01-11T00:00:00.000,2007-01-11T00:00:00.000,2008-01-11T00:00:00.000Z,60000,60000,apartments,apartments,0,6,Tenderloin,94102,"{'latitude': '37.777142649690035', 'longitude': '-122.41722112719671', 'human_address': '{""address"": """", ""city"": """", ""state"": """", ""zip"": """"}'}",1.08E+11,,29,29,448,448,1,constr type 1,1,constr type 1,2007-02-07T00:00:00.000,,,,,
5ea1d736eabbc96ff8ab0645,2.01E+11,8,otc alterations permit,2007-01-11T00:00:00.000,5518,004A,45,Powers,Av,"in-fill e sub sidewalk coal chut einfill e sub-sidewalk coal chute, including appro 3' concrete footing and stemwall, mudsill, replace approx 20sf sidewalk",expired,2007-05-16T00:00:00.000,2007-01-11T00:00:00.000,2007-01-11T00:00:00.000,2007-05-11T00:00:00.000Z,2000,2000,2 family dwelling,2 family dwelling,2,9,Bernal Heights,94110,"{'latitude': '37.74593308725132', 'longitude': '-122.41844514362744', 'human_address': '{""address"": """", ""city"": """", ""state"": """", ""zip"": """"}'}",1.08E+12,,3,3,2,2,5,wood frame (5),5,wood frame (5),,,,,,
5ea1d736eabbc96ff8ab0646,2.01E+11,3,additions alterations or repairs,2007-01-11T00:00:00.000,4912,1,2814,Jennings,St,"make corr req'd on nov compt #200449960 &legalize(e)2/fl residences.(e)residences will be remodeled&(e)comm'l units on main fl(1/fl)will be brought up to code&new ada/handicap bathrooms will be constructed.new electrical,1/fl comm'l wk under separate permit.occupancy class change from r-3 to r-1.",cancelled,2012-02-15T00:00:00.000,2007-01-11T00:00:00.000,,,40000,210000,1 family dwelling,apartments,2,10,Bayview Hunters Point,94124,"{'latitude': '37.722568832010346', 'longitude': '-122.39298549952167', 'human_address': '{""address"": """", ""city"": """", ""state"": """", ""zip"": """"}'}",1.08E+12,,2,2,1,3,5,wood frame (5),5,wood frame (5),,,,,,
5ea1d736eabbc96ff8ab0647,2.01E+11,3,additions alterations or repairs,2007-01-11T00:00:00.000,4912,1,2824,Jennings,St,"make corr req'd on nov compt #200449960 &legalize(e)2/fl residences.(e)residences will be remodeled&(e)comm'l units on main fl(1/fl)will be brought up to code&new ada/handicap bathrooms will be constructed.new electrical,1/fl comm'l wk under separate permit.occupancy class change from r-3 to r-1.",cancelled,2012-02-15T00:00:00.000,2007-01-11T00:00:00.000,,,40000,210000,1 family dwelling,apartments,2,10,Bayview Hunters Point,94124,"{'latitude': '37.722568832010346', 'longitude': '-122.39298549952167', 'human_address': '{""address"": """", ""city"": """", ""state"": """", ""zip"": """"}'}",1.08E+12,,2,2,1,3,5,wood frame (5),5,wood frame (5),,,,,,
5ea1d736eabbc96ff8ab0648,M53884,8,otc alterations permit,2007-01-11T00:00:00.000,2626,7,40,Ord,St,street space permit,issued,2007-01-11T00:00:00.000,2007-01-11T00:00:00.000,2007-01-11T00:00:00.000,,,0,,,,8,Castro/Upper Market,94114,"{'latitude': '37.76298756423048', 'longitude': '-122.44058462659083', 'human_address': '{""address"": """", ""city"": """", ""state"": """", ""zip"": """"}'}",1.08E+12,,,,,,,,,,,,,,,
5ea1d736eabbc96ff8ab0649,M53884,8,otc alterations permit,2007-01-11T00:00:00.000,2626,7,42,Ord,St,street space permit,issued,2007-01-11T00:00:00.000,2007-01-11T00:00:00.000,2007-01-11T00:00:00.000,,,0,,,,8,Castro/Upper Market,94114,"{'latitude': '37.76298756423048', 'longitude': '-122.44058462659083', 'human_address': '{""address"": """", ""city"": """", ""state"": """", ""zip"": """"}'}",1.08E+12,,,,,,,,,,,,,,,
5ea1d736eabbc96ff8ab064a,2.01E+11,8,otc alterations permit,2007-01-11T00:00:00.000,505,001A,2941,Gough,St,renew:200408101073 for final inspection,complete,2007-01-29T00:00:00.000,2007-01-11T00:00:00.000,2007-01-11T00:00:00.000,2007-05-11T00:00:00.000Z,1,1,apartments,apartments,0,2,Marina,94123,"{'latitude': '37.800493734116294', 'longitude': '-122.42810703989977', 'human_address': '{""address"": """", ""city"": """", ""state"": """", ""zip"": """"}'}",1.08E+12,,3,3,8,8,5,wood frame (5),5,wood frame (5),2007-01-29T00:00:00.000,,,,,
5ea1d736eabbc96ff8ab064b,2.01E+11,8,otc alterations permit,2007-01-11T00:00:00.000,5661,21,803,Cortland,Av,"remove the stucco and change the rotten wood behind the stucco, then replace the stucco in front of the bldg.",complete,2007-03-13T00:00:00.000,2007-01-11T00:00:00.000,2007-01-11T00:00:00.000,2007-05-11T00:00:00.000Z,400,400,1 family dwelling,1 family dwelling,0,9,Bernal Heights,94110,"{'latitude': '37.73908037561144', 'longitude': '-122.41446129262727', 'human_address': '{""address"": """", ""city"": """", ""state"": """", ""zip"": """"}'}",1.08E+12,,2,2,1,1,5,wood frame (5),5,wood frame (5),2007-03-13T00:00:00.000,,,,,
5ea1d736eabbc96ff8ab064c,2.01E+11,8,otc alterations permit,2007-01-11T00:00:00.000,5661,21,805,Cortland,Av,"remove the stucco and change the rotten wood behind the stucco, then replace the stucco in front of the bldg.",complete,2007-03-13T00:00:00.000,2007-01-11T00:00:00.000,2007-01-11T00:00:00.000,2007-05-11T00:00:00.000Z,400,400,1 family dwelling,1 family dwelling,0,9,Bernal Heights,94110,"{'latitude': '37.73908037561144', 'longitude': '-122.41446129262727', 'human_address': '{""address"": """", ""city"": """", ""state"": """", ""zip"": """"}'}",1.08E+12,,2,2,1,1,5,wood frame (5),5,wood frame (5),2007-03-13T00:00:00.000,,,,,
5ea1d736eabbc96ff8ab064d,2.01E+11,3,additions alterations or repairs,2007-01-11T00:00:00.000,5730,8,246,Putnam,St,"temporary shoring at rear yard, ref. #2004/07/08/8338s1, see other permit for side shoring by sure engineering.",expired,2009-08-10T00:00:00.000,2007-01-11T00:00:00.000,2007-08-28T00:00:00.000,2008-02-28T00:00:00.000Z,10000,15000,1 family dwelling,1 family dwelling,2,9,Bernal Heights,94110,"{'latitude': '37.7363482046823', 'longitude': '-122.41124014077778', 'human_address': '{""address"": """", ""city"": """", ""state"": """", ""zip"": """"}'}",1.08E+12,,3,3,1,1,5,wood frame (5),5,wood frame (5),,,,,,
5ea1d736eabbc96ff8ab064e,2.01E+11,8,otc alterations permit,2007-01-11T00:00:00.000,1031,25,3171,California,St,"replace windows in units 3171-3181, replace 26 windows size for size, visable from street. wood to wood.",complete,2007-05-30T00:00:00.000,2007-01-11T00:00:00.000,2007-01-11T00:00:00.000,2007-07-11T00:00:00.000Z,21499,21499,apartments,apartments,0,2,Presidio Heights,94115,"{'latitude': '37.787058645641906', 'longitude': '-122.44633845181045', 'human_address': '{""address"": """", ""city"": """", ""state"": """", ""zip"": """"}'}",1.08E+11,,3,3,6,6,5,wood frame (5),5,wood frame (5),2007-05-30T00:00:00.000,,,,,
5ea1d736eabbc96ff8ab064f,2.01E+11,8,otc alterations permit,2007-01-11T00:00:00.000,1031,25,3181,California,St,"replace windows in units 3171-3181, replace 26 windows size for size, visable from street. wood to wood.",complete,2007-05-30T00:00:00.000,2007-01-11T00:00:00.000,2007-01-11T00:00:00.000,2007-07-11T00:00:00.000Z,21499,21499,apartments,apartments,0,2,Presidio Heights,94115,"{'latitude': '37.787058645641906', 'longitude': '-122.44633845181045', 'human_address': '{""address"": """", ""city"": """", ""state"": """", ""zip"": """"}'}",1.08E+12,,3,3,6,6,5,wood frame (5),5,wood frame (5),2007-05-30T00:00:00.000,,,,,
5ea1d736eabbc96ff8ab0650,2.01E+11,8,otc alterations permit,2007-01-11T00:00:00.000,104,32,19,Harwood,Al,"remodel 2 kchn (included cabinets sinks, faucets, flooring and tiles) and 2 bathroom (included toilets, sinks, tubs and lights). replace drywalls in kchn and bthrms only. lighting to comply with title 24",complete,2007-09-19T00:00:00.000,2007-01-11T00:00:00.000,2007-01-11T00:00:00.000,2008-01-11T00:00:00.000Z,30000,30000,2 family dwelling,2 family dwelling,0,3,North Beach,94133,"{'latitude': '37.80134210674627', 'longitude': '-122.40754332835843', 'human_address': '{""address"": """", ""city"": """", ""state"": """", ""zip"": """"}'}",1.08E+12,,2,2,2,2,5,wood frame (5),5,wood frame (5),2007-09-19T00:00:00.000,,,,,
5ea1d736eabbc96ff8ab0651,2.01E+11,8,otc alterations permit,2007-01-11T00:00:00.000,104,32,21,Harwood,Al,"remodel 2 kchn (included cabinets sinks, faucets, flooring and tiles) and 2 bathroom (included toilets, sinks, tubs and lights). replace drywalls in kchn and bthrms only. lighting to comply with title 24",complete,2007-09-19T00:00:00.000,2007-01-11T00:00:00.000,2007-01-11T00:00:00.000,2008-01-11T00:00:00.000Z,30000,30000,2 family dwelling,2 family dwelling,0,3,North Beach,94133,"{'latitude': '37.80134210674627', 'longitude': '-122.40754332835843', 'human_address': '{""address"": """", ""city"": """", ""state"": """", ""zip"": """"}'}",1.08E+12,,2,2,2,2,5,wood frame (5),5,wood frame (5),2007-09-19T00:00:00.000,,,,,
5ea1d736eabbc96ff8ab0652,2.01E+11,8,otc alterations permit,2007-01-11T00:00:00.000,5254,33,650,Mendell,St,"replace 6 windows, size for size, visable from street. aluminum to wood.",issued,2007-01-11T00:00:00.000,2007-01-11T00:00:00.000,2007-01-11T00:00:00.000,2007-07-11T00:00:00.000Z,6808,6808,1 family dwelling,1 family dwelling,0,10,Bayview Hunters Point,94124,"{'latitude': '37.73932283729826', 'longitude': '-122.38638826212252', 'human_address': '{""address"": """", ""city"": """", ""state"": """", ""zip"": """"}'}",1.08E+12,,2,2,1,1,5,wood frame (5),5,wood frame (5),,,,,,
5ea1d736eabbc96ff8ab0653,2.01E+11,8,otc alterations permit,2007-01-11T00:00:00.000,6051,14,558,Brussels,St,"replace 7 windows, size for size, visable from street. aluminum to vinyl.",complete,2007-01-22T00:00:00.000,2007-01-11T00:00:00.000,2007-01-11T00:00:00.000,2007-07-11T00:00:00.000Z,5762,5762,1 family dwelling,1 family dwelling,0,9,Portola,94134,"{'latitude': '37.72507563423487', 'longitude': '-122.4050633160922', 'human_address': '{""address"": """", ""city"": """", ""state"": """", ""zip"": """"}'}",1.08E+12,,2,2,1,1,5,wood frame (5),5,wood frame (5),2007-01-22T00:00:00.000,,,,,
5ea1d736eabbc96ff8ab0654,2.01E+11,3,additions alterations or repairs,2007-01-11T00:00:00.000,1227,31,2049,Oak,St,addition of rear deck with firewall.,complete,2007-08-01T00:00:00.000,2007-01-11T00:00:00.000,2007-05-03T00:00:00.000,2007-11-03T00:00:00.000Z,5000,8400,apartments,apartments,2,5,Haight Ashbury,94117,"{'latitude': '37.77085012986973', 'longitude': '-122.4530762047247', 'human_address': '{""address"": """", ""city"": """", ""state"": """", ""zip"": """"}'}",1.08E+11,,3,3,4,4,5,wood frame (5),5,wood frame (5),2007-08-01T00:00:00.000,Y,,,,
5ea1d736eabbc96ff8ab0655,M53902,8,otc alterations permit,2007-01-11T00:00:00.000,1740,14,1265,10th,Av,street space & sidewalk repair,issued,2007-01-11T00:00:00.000,2007-01-11T00:00:00.000,2007-01-11T00:00:00.000,,,0,,,,5,Inner Sunset,94122,"{'latitude': '37.76460203303238', 'longitude': '-122.46775370218185', 'human_address': '{""address"": """", ""city"": """", ""state"": """", ""zip"": """"}'}",1.08E+12,,,,,,,,,,,,,,,
5ea1d736eabbc96ff8ab0656,2.01E+11,8,otc alterations permit,2007-01-11T00:00:00.000,7012,39,68,Ashton,Av,"replace 5 windows, size for size, visable from street. wood to wood.",complete,2007-02-22T00:00:00.000,2007-01-11T00:00:00.000,2007-01-11T00:00:00.000,2007-07-11T00:00:00.000Z,6880,6880,1 family dwelling,1 family dwelling,0,11,Oceanview/Merced/Ingleside,94112,"{'latitude': '37.71942218654307', 'longitude': '-122.4619398817953', 'human_address': '{""address"": """", ""city"": """", ""state"": """", ""zip"": """"}'}",1.08E+12,,2,2,1,1,5,wood frame (5),5,wood frame (5),2007-02-22T00:00:00.000,,,,,
5ea1d736eabbc96ff8ab0657,2.01E+11,8,otc alterations permit,2007-01-11T00:00:00.000,1451,16,379,19th,Av,"legalize bathroom remodel. replace plumbing fixtures, toilet sink, floor covering and electrical fixtures. add a heating duct. restore wall original state where new window was constructed illegally.",complete,2007-03-02T00:00:00.000,2007-01-11T00:00:00.000,2007-01-11T00:00:00.000,2007-05-11T00:00:00.000Z,4100,4100,1 family dwelling,1 family dwelling,0,1,Outer Richmond,94121,"{'latitude': '37.780863136650815', 'longitude': '-122.47858995492511', 'human_address': '{""address"": """", ""city"": """", ""state"": """", ""zip"": """"}'}",1.08E+12,,2,2,1,1,5,wood frame (5),5,wood frame (5),2007-03-02T00:00:00.000,,,,,
5ea1d736eabbc96ff8ab0658,2.01E+11,8,otc alterations permit,2007-01-11T00:00:00.000,5655,22,165,Nevada,St,"replace 5 windows, size for size, visable from street. aluminum to wood.",complete,2007-03-05T00:00:00.000,2007-01-11T00:00:00.000,2007-01-11T00:00:00.000,2007-07-11T00:00:00.000Z,10486,10486,1 family dwelling,1 family dwelling,0,9,Bernal Heights,94110,"{'latitude': '37.74036197916233', 'longitude': '-122.4110606171795', 'human_address': '{""address"": """", ""city"": """", ""state"": """", ""zip"": """"}'}",1.08E+12,,2,2,1,1,5,wood frame (5),5,wood frame (5),2007-03-05T00:00:00.000,,,,,
5ea1d736eabbc96ff8ab0659,2.01E+11,8,otc alterations permit,2007-01-11T00:00:00.000,3053,8,45,Brentwood,Av,"repair water-damaged walls (approx 18lf). reapir bed framing & sheating. new r-13 in walls. new trim, stucco, paint. repair only existing- no change to footprint or sf).",expired,2007-10-17T00:00:00.000,2007-01-11T00:00:00.000,2007-01-11T00:00:00.000,2007-07-11T00:00:00.000Z,6000,6000,1 family dwelling,1 family dwelling,0,7,West of Twin Peaks,94127,"{'latitude': '37.73374164817996', 'longitude': '-122.4551714935185', 'human_address': '{""address"": """", ""city"": """", ""state"": """", ""zip"": """"}'}",1.08E+12,,2,2,1,1,5,wood frame (5),5,wood frame (5),,,,,,
5ea1d736eabbc96ff8ab065a,2.01E+11,8,otc alterations permit,2007-01-11T00:00:00.000,5805,5,20,Arnold,Av,"replace 4 windows, size for size, back of house.",complete,2007-03-05T00:00:00.000,2007-01-11T00:00:00.000,2007-01-11T00:00:00.000,2007-07-11T00:00:00.000Z,10635,10635,1 family dwelling,1 family dwelling,0,9,Bernal Heights,94110,"{'latitude': '37.73470716884618', 'longitude': '-122.41984475884566', 'human_address': '{""address"": """", ""city"": """", ""state"": """", ""zip"": """"}'}",1.08E+12,,2,2,1,1,5,wood frame (5),5,wood frame (5),2007-03-05T00:00:00.000,,,,,
5ea1d736eabbc96ff8ab065b,2.01E+11,8,otc alterations permit,2007-01-11T00:00:00.000,200,14,440,Davis,St,"concrete spall repair on facade, include painting, deck coatings and caulking.",expired,2008-05-13T00:00:00.000,2007-01-11T00:00:00.000,2007-01-11T00:00:00.000,2008-01-11T00:00:00.000Z,90000,90000,apartments,apartments,2,3,Financial District/South Beach,94111,"{'latitude': '37.79669693582685', 'longitude': '-122.39777129258873', 'human_address': '{""address"": """", ""city"": """", ""state"": """", ""zip"": """"}'}",1.08E+12,,22,22,418,418,1,constr type 1,1,constr type 1,,,,,,
5ea1d736eabbc96ff8ab065c,2.01E+11,8,otc alterations permit,2007-01-11T00:00:00.000,1473,8,400,42nd,Av,"replace 4 windows, size for size, back of house.",complete,2007-01-22T00:00:00.000,2007-01-11T00:00:00.000,2007-01-11T00:00:00.000,2007-05-11T00:00:00.000Z,3800,3800,1 family dwelling,1 family dwelling,0,1,Outer Richmond,94121,"{'latitude': '37.78105609318353', 'longitude': '-122.50281154987255', 'human_address': '{""address"": """", ""city"": """", ""state"": """", ""zip"": """"}'}",1.08E+12,,2,2,1,1,5,wood frame (5),5,wood frame (5),2007-01-22T00:00:00.000,,,,,
5ea1d736eabbc96ff8ab065d,2.01E+11,8,otc alterations permit,2007-01-11T00:00:00.000,3054,17,58,Brentwood,Av,replace damaged framing of front bay window. upgrade 5 windows of front bay window. new r-13. replace vb & stucco as needed. (repair of existing only - no change in footprint or sf).,complete,2007-07-25T00:00:00.000,2007-01-11T00:00:00.000,2007-01-11T00:00:00.000,2007-07-11T00:00:00.000Z,6000,6000,1 family dwelling,1 family dwelling,0,7,West of Twin Peaks,94127,"{'latitude': '37.73411379569348', 'longitude': '-122.45495014388297', 'human_address': '{""address"": """", ""city"": """", ""state"": """", ""zip"": """"}'}",1.08E+12,,2,2,1,1,5,wood frame (5),5,wood frame (5),2007-07-25T00:00:00.000,,,,,
5ea1d736eabbc96ff8ab065e,2.01E+11,8,otc alterations permit,2007-01-11T00:00:00.000,517,018C,3046,Webster,St,repair dry rot at rear stairs and decks. less than 50% of structure.,expired,2007-06-29T00:00:00.000,2007-01-11T00:00:00.000,2007-01-11T00:00:00.000,2007-05-11T00:00:00.000Z,3000,3000,2 family dwelling,2 family dwelling,0,2,Marina,94123,"{'latitude': '37.798980909481614', 'longitude': '-122.43393491788493', 'human_address': '{""address"": """", ""city"": """", ""state"": """", ""zip"": """"}'}",1.08E+12,,3,3,2,2,5,wood frame (5),5,wood frame (5),,,,,,
5ea1d736eabbc96ff8ab065f,M53843,8,otc alterations permit,2007-01-11T00:00:00.000,3604,24,3770,21st,St,street space & sidewalk permit only.,issued,2007-01-12T00:00:00.000,2007-01-11T00:00:00.000,2007-01-12T00:00:00.000,,,0,,,,8,Castro/Upper Market,94114,"{'latitude': '37.75651443923049', 'longitude': '-122.43162117318597', 'human_address': '{""address"": """", ""city"": """", ""state"": """", ""zip"": """"}'}",1.08E+12,,,,,,,,,,,,,,,
5ea1fcb7c2aeecdcc61c4fe9,2.01E+11,8,otc alterations permit,2007-01-02T00:00:00.000,7062,39,151,Caine,Av,reroofing.,issued,2007-01-02T00:00:00.000,2007-01-02T00:00:00.000,2007-01-02T00:00:00.000,2007-05-02T00:00:00.000Z,1800,1800,1 family dwelling,1 family dwelling,0,11,Oceanview/Merced/Ingleside,94112,"{'latitude': '37.71561123366462', 'longitude': '-122.45164319371077', 'human_address': '{""address"": """", ""city"": """", ""state"": """", ""zip"": """"}'}",1.08E+12,,,,,,,,,,,,,,,
5ea1fcb7c2aeecdcc61c4fea,M52523,8,otc alterations permit,2007-01-02T00:00:00.000,1261,15,862,Shrader,St,street space permit only.,issued,2007-01-02T00:00:00.000,2007-01-02T00:00:00.000,2007-01-02T00:00:00.000,,,0,,,,5,Haight Ashbury,94117,"{'latitude': '37.76675934137657', 'longitude': '-122.45104895161684', 'human_address': '{""address"": """", ""city"": """", ""state"": """", ""zip"": """"}'}",1.08E+11,,,,,,,,,,,,,,,
5ea1fcb7c2aeecdcc61c4feb,M52363,8,otc alterations permit,2007-01-02T00:00:00.000,5615,101,190,Coleridge,St,streetspace,issued,2007-01-02T00:00:00.000,2007-01-02T00:00:00.000,2007-01-02T00:00:00.000,,,0,,,,9,Bernal Heights,94110,"{'latitude': '37.74334516006968', 'longitude': '-122.42062266393302', 'human_address': '{""address"": """", ""city"": """", ""state"": """", ""zip"": """"}'}",1.08E+12,,,,,,,,,,,,,,,
5ea1fcb7c2aeecdcc61c4fec,M52302,8,otc alterations permit,2007-01-02T00:00:00.000,305,36,620,Jones,St,street space,issued,2007-01-02T00:00:00.000,2007-01-02T00:00:00.000,2007-01-02T00:00:00.000,,,0,,,,3,Tenderloin,94102,"{'latitude': '37.78716029095172', 'longitude': '-122.41288961192863', 'human_address': '{""address"": """", ""city"": """", ""state"": """", ""zip"": """"}'}",1.08E+12,,,,,,,,,,,,,,,
5ea1fcb7c2aeecdcc61c4fed,M52303,8,otc alterations permit,2007-01-02T00:00:00.000,579,5,2140,Pacific,Av,street space,issued,2007-01-02T00:00:00.000,2007-01-02T00:00:00.000,2007-01-02T00:00:00.000,,,0,,,,2,Pacific Heights,94115,"{'latitude': '37.79415354566644', 'longitude': '-122.43056248329931', 'human_address': '{""address"": """", ""city"": """", ""state"": """", ""zip"": """"}'}",1.08E+12,0,,,,,,,,,,,,,,
5ea1fcb7c2aeecdcc61c4fee,2.01E+11,8,otc alterations permit,2007-01-02T00:00:00.000,3722,82,125,03rd,St,"renew 200503167704, 200504190318, 200505132374 for final inspection",expired,2009-01-06T00:00:00.000,2007-01-02T00:00:00.000,2007-01-02T00:00:00.000,2007-05-02T00:00:00.000Z,1,1,apartments,apartments,0,6,Financial District/South Beach,94105,"{'latitude': '37.78629133947409', 'longitude': '-122.40137524914559', 'human_address': '{""address"": """", ""city"": """", ""state"": """", ""zip"": """"}'}",1.08E+12,,40,40,361,361,1,constr type 1,1,constr type 1,,,,,,
5ea1fcb8c2aeecdcc61c4fef,2.01E+11,8,otc alterations permit,2007-01-02T00:00:00.000,261,18,345,California,St,add 2 smoke detectors - one inside elevator lobby one outside of elevator lobby (north) due to addition of won door (33rd floor),expired,2011-07-28T00:00:00.000,2007-01-02T00:00:00.000,2007-01-02T00:00:00.000,2007-07-02T00:00:00.000Z,6000,6000,office,office,2,3,Financial District/South Beach,94104,"{'latitude': '37.79264572504777', 'longitude': '-122.40043673900044', 'human_address': '{""address"": """", ""city"": """", ""state"": """", ""zip"": """"}'}",1.08E+11,,36,36,0,0,1,constr type 1,1,constr type 1,,,,,,
5ea1fcb8c2aeecdcc61c4ff0,2.01E+11,8,otc alterations permit,2007-01-02T00:00:00.000,261,19,345,California,St,add 2 smoke detectors - one inside elevator lobby one outside of elevator lobby (north) due to addition of won door (33rd floor),expired,2011-07-28T00:00:00.000,2007-01-02T00:00:00.000,2007-01-02T00:00:00.000,2007-07-02T00:00:00.000Z,6000,6000,office,office,2,3,Financial District/South Beach,94104,"{'latitude': '37.79264572504777', 'longitude': '-122.40043673900044', 'human_address': '{""address"": """", ""city"": """", ""state"": """", ""zip"": """"}'}",1.08E+11,,36,36,0,0,1,constr type 1,1,constr type 1,,,,,,
5ea1fcb8c2aeecdcc61c4ff1,2.01E+11,8,otc alterations permit,2007-01-02T00:00:00.000,261,20,345,California,St,add 2 smoke detectors - one inside elevator lobby one outside of elevator lobby (north) due to addition of won door (33rd floor),expired,2011-07-28T00:00:00.000,2007-01-02T00:00:00.000,2007-01-02T00:00:00.000,2007-07-02T00:00:00.000Z,6000,6000,office,office,2,3,Financial District/South Beach,94104,"{'latitude': '37.79264572504777', 'longitude': '-122.40043673900044', 'human_address': '{""address"": """", ""city"": """", ""state"": """", ""zip"": """"}'}",1.08E+11,,36,36,0,0,1,constr type 1,1,constr type 1,,,,,,
5ea1fcb8c2aeecdcc61c4ff2,2.01E+11,8,otc alterations permit,2007-01-02T00:00:00.000,7001,35,154,Beverly,St,retro fit 8 windows in kind. white vinyl. no structural changes. 4 visable from the street. window trim detail to remain as is.,complete,2007-04-16T00:00:00.000,2007-01-02T00:00:00.000,2007-01-02T00:00:00.000,2007-05-02T00:00:00.000Z,4000,4000,1 family dwelling,1 family dwelling,0,11,Oceanview/Merced/Ingleside,94132,"{'latitude': '37.7188721275952', 'longitude': '-122.47136997293713', 'human_address': '{""address"": """", ""city"": """", ""state"": """", ""zip"": """"}'}",1.08E+12,,2,2,1,1,5,wood frame (5),5,wood frame (5),2007-04-16T00:00:00.000,,,,,
5ea1fcb8c2aeecdcc61c4ff3,2.01E+11,8,otc alterations permit,2007-01-02T00:00:00.000,3722,82,125,03rd,St,"renew 2000/09/18/0806, 2001/10/17/1094, 2002/01/17/7180",complete,2007-08-01T00:00:00.000,2007-01-02T00:00:00.000,2007-01-02T00:00:00.000,2007-05-02T00:00:00.000Z,1,1,apartments,apartments,0,6,Financial District/South Beach,94105,"{'latitude': '37.78629133947409', 'longitude': '-122.40137524914559', 'human_address': '{""address"": """", ""city"": """", ""state"": """", ""zip"": """"}'}",1.08E+12,,40,40,361,361,1,constr type 1,1,constr type 1,2007-08-01T00:00:00.000,,,,,
5ea1fcb8c2aeecdcc61c4ff4,2.01E+11,8,otc alterations permit,2007-01-02T00:00:00.000,3713,6,1,Market,St,"install pre-action detection on 39th floor mdf room, no increase in office space",complete,2007-05-15T00:00:00.000,2007-01-02T00:00:00.000,2007-01-02T00:00:00.000,2007-05-02T00:00:00.000Z,3000,3000,office,office,2,6,Financial District/South Beach,94105,"{'latitude': '37.79381892740162', 'longitude': '-122.39479728741493', 'human_address': '{""address"": """", ""city"": """", ""state"": """", ""zip"": """"}'}",1.08E+12,,43,43,0,0,1,constr type 1,1,constr type 1,2007-05-15T00:00:00.000,,,,,
5ea1fcb8c2aeecdcc61c4ff5,2.01E+11,8,otc alterations permit,2007-01-02T00:00:00.000,290,11,1,Bush,St,"6th floor-fire alarm t.i. adding the following: 5 smoke detectors, 4 door holders & 13 speaker strobe.",complete,2007-02-23T00:00:00.000,2007-01-02T00:00:00.000,2007-01-02T00:00:00.000,2007-07-02T00:00:00.000Z,7000,7000,office,office,2,3,Financial District/South Beach,94104,"{'latitude': '37.79085084403596', 'longitude': '-122.40010383030618', 'human_address': '{""address"": """", ""city"": """", ""state"": """", ""zip"": """"}'}",1.08E+12,0,19,19,0,0,1,constr type 1,1,constr type 1,2007-02-23T00:00:00.000,,,,,
5ea1fcb8c2aeecdcc61c4ff6,2.01E+11,8,otc alterations permit,2007-01-02T00:00:00.000,3722,82,125,03rd,St,"renew 2002/09/19/6884, 2004/0226/7207, 2004/03/31/0069 for final inspection",complete,2007-08-01T00:00:00.000,2007-01-02T00:00:00.000,2007-01-02T00:00:00.000,2007-05-02T00:00:00.000Z,1,1,apartments,apartments,0,6,Financial District/South Beach,94105,"{'latitude': '37.78629133947409', 'longitude': '-122.40137524914559', 'human_address': '{""address"": """", ""city"": """", ""state"": """", ""zip"": """"}'}",1.08E+12,,40,40,361,361,1,constr type 1,1,constr type 1,2007-08-01T00:00:00.000,,,,,
5ea1fcb8c2aeecdcc61c4ff7,2.01E+11,8,otc alterations permit,2007-01-02T00:00:00.000,1439,4,321,07th,Av,"installation of new fire alarm system (1) facp (2) smokes, (1) heat (1) pull (13) mini horns (4) horn/strobes cost per contract supplied.",complete,2007-08-31T00:00:00.000,2007-01-02T00:00:00.000,2007-01-02T00:00:00.000,2007-07-02T00:00:00.000Z,7500,7500,apartments,apartments,2,1,Inner Richmond,94118,"{'latitude': '37.78239595227128', 'longitude': '-122.46578583891869', 'human_address': '{""address"": """", ""city"": """", ""state"": """", ""zip"": """"}'}",1.08E+11,,3,3,3,3,5,wood frame (5),5,wood frame (5),2007-08-31T00:00:00.000,,,,,
5ea1fcb8c2aeecdcc61c4ff8,2.01E+11,8,otc alterations permit,2007-01-02T00:00:00.000,1439,4,323,07th,Av,"installation of new fire alarm system (1) facp (2) smokes, (1) heat (1) pull (13) mini horns (4) horn/strobes cost per contract supplied.",complete,2007-08-31T00:00:00.000,2007-01-02T00:00:00.000,2007-01-02T00:00:00.000,2007-07-02T00:00:00.000Z,7500,7500,apartments,apartments,2,1,Inner Richmond,94118,"{'latitude': '37.78239595227128', 'longitude': '-122.46578583891869', 'human_address': '{""address"": """", ""city"": """", ""state"": """", ""zip"": """"}'}",1.08E+12,,3,3,3,3,5,wood frame (5),5,wood frame (5),2007-08-31T00:00:00.000,,,,,
5ea1fcb8c2aeecdcc61c4ff9,2.01E+11,8,otc alterations permit,2007-01-02T00:00:00.000,341,7,34,Mason,St,monitor water flow & tamper by adding communicator to (e) local control panel.,expired,2008-02-08T00:00:00.000,2007-01-02T00:00:00.000,2007-01-02T00:00:00.000,2007-05-02T00:00:00.000Z,3000,3000,food/beverage hndlng,food/beverage hndlng,2,6,Tenderloin,94102,"{'latitude': '37.78397622014096', 'longitude': '-122.4089810343802', 'human_address': '{""address"": """", ""city"": """", ""state"": """", ""zip"": """"}'}",1.08E+11,,3,3,0,0,3,constr type 3,3,constr type 3,,,,,,
5ea1fcb8c2aeecdcc61c4ffa,2.01E+11,8,otc alterations permit,2007-01-02T00:00:00.000,3722,82,125,03rd,St,"renew 200505162566, 200509263863, 200510115286 for final inspection",complete,2007-08-01T00:00:00.000,2007-01-02T00:00:00.000,2007-01-02T00:00:00.000,2007-05-02T00:00:00.000Z,1,1,apartments,apartments,0,6,Financial District/South Beach,94105,"{'latitude': '37.78629133947409', 'longitude': '-122.40137524914559', 'human_address': '{""address"": """", ""city"": """", ""state"": """", ""zip"": """"}'}",1.08E+12,,40,40,361,361,1,constr type 1,1,constr type 1,2007-08-01T00:00:00.000,,,,,
5ea1fcb8c2aeecdcc61c4ffb,2.01E+11,8,otc alterations permit,2007-01-02T00:00:00.000,239,13,456,Montgomery,St,renew pa#200605091152 & #200605302782 for final inspection.,complete,2007-03-05T00:00:00.000,2007-01-02T00:00:00.000,2007-01-02T00:00:00.000,2007-05-02T00:00:00.000Z,1,1,office,office,0,3,Financial District/South Beach,94104,"{'latitude': '37.79356646218892', 'longitude': '-122.40268591053162', 'human_address': '{""address"": """", ""city"": """", ""state"": """", ""zip"": """"}'}",1.08E+11,,26,26,0,0,1,constr type 1,1,constr type 1,2007-03-05T00:00:00.000,,,,,
5ea1fcb8c2aeecdcc61c4ffc,2.01E+11,8,otc alterations permit,2007-01-02T00:00:00.000,694,4,1001,Polk,St,"install 1 horn/strobe, relocate 2 strobes (2nd floor)",expired,2011-02-08T00:00:00.000,2007-01-02T00:00:00.000,2007-01-02T00:00:00.000,2007-05-02T00:00:00.000Z,2500,2500,office,office,2,6,Tenderloin,94109,"{'latitude': '37.78611645043707', 'longitude': '-122.42004904856013', 'human_address': '{""address"": """", ""city"": """", ""state"": """", ""zip"": """"}'}",1.08E+12,,4,4,0,0,3,constr type 3,3,constr type 3,,,,,,
5ea1fcb8c2aeecdcc61c4ffd,M52322,8,otc alterations permit,2007-01-02T00:00:00.000,3164,20,634,Miramar,Av,street space & sidewalk repair,issued,2007-01-02T00:00:00.000,2007-01-02T00:00:00.000,2007-01-02T00:00:00.000,,,0,,,,7,West of Twin Peaks,94112,"{'latitude': '37.72830187664554', 'longitude': '-122.45790841607504', 'human_address': '{""address"": """", ""city"": """", ""state"": """", ""zip"": """"}'}",1.08E+12,,,,,,,,,,,,,,,
5ea1fcb8c2aeecdcc61c4ffe,2.01E+11,8,otc alterations permit,2007-01-02T00:00:00.000,2075,6,1883,38th,Av,"renew 200604128795, 200604128797",complete,2007-01-08T00:00:00.000,2007-01-02T00:00:00.000,2007-01-02T00:00:00.000,2007-05-02T00:00:00.000Z,1,1,1 family dwelling,1 family dwelling,0,4,Sunset/Parkside,94122,"{'latitude': '37.75181600453339', 'longitude': '-122.49696967238347', 'human_address': '{""address"": """", ""city"": """", ""state"": """", ""zip"": """"}'}",1.08E+12,,2,2,1,1,5,wood frame (5),5,wood frame (5),2007-01-08T00:00:00.000,,,,,
5ea1fcb8c2aeecdcc61c4fff,2.01E+11,8,otc alterations permit,2007-01-02T00:00:00.000,1527,12,447,17th,Av,to comply with nov# 200679730. this application is to legalize an already (e) storage room. reoom was constructed underneath (e) permitted sunroom. foundation corner posts & ceiling were already there. construction required to close in walls.,expired,2011-03-29T00:00:00.000,2007-01-02T00:00:00.000,2007-01-02T00:00:00.000,2007-05-02T00:00:00.000Z,5000,5000,1 family dwelling,1 family dwelling,2,1,Outer Richmond,94121,"{'latitude': '37.77950712193683', 'longitude': '-122.4764256256765', 'human_address': '{""address"": """", ""city"": """", ""state"": """", ""zip"": """"}'}",1.08E+12,,3,3,1,1,5,wood frame (5),5,wood frame (5),,,,,,
5ea1fcb8c2aeecdcc61c5000,2.01E+11,8,otc alterations permit,2007-01-02T00:00:00.000,6524,23,2973,Folsom,St,reroofing,expired,2009-05-21T00:00:00.000,2007-01-02T00:00:00.000,2007-01-02T00:00:00.000,2007-07-02T00:00:00.000Z,12000,12000,apartments,apartments,0,9,Mission,94110,"{'latitude': '37.749782122818054', 'longitude': '-122.41348414964104', 'human_address': '{""address"": """", ""city"": """", ""state"": """", ""zip"": """"}'}",1.08E+12,,,,,,,,,,,,,,,
5ea1fcb8c2aeecdcc61c5001,M52342,8,otc alterations permit,2007-01-02T00:00:00.000,976,4,2900,Jackson,St,street space permit,issued,2007-01-02T00:00:00.000,2007-01-02T00:00:00.000,2007-01-02T00:00:00.000,,,0,,,,2,Pacific Heights,94115,"{'latitude': '37.79162459221065', 'longitude': '-122.4430478074895', 'human_address': '{""address"": """", ""city"": """", ""state"": """", ""zip"": """"}'}",1.08E+11,,,,,,,,,,,,,,,
5ea1fcb8c2aeecdcc61c5002,2.01E+11,8,otc alterations permit,2007-01-02T00:00:00.000,6013,23,4447,Mission,St,remodel bathroom & kitchen in unit# 4447 & unit# 4449. total 2 kitchens & 2 bathrooms. no lighting change.,expired,2008-05-21T00:00:00.000,2007-01-02T00:00:00.000,2007-01-02T00:00:00.000,2008-01-02T00:00:00.000Z,26000,26000,2 family dwelling,2 family dwelling,0,11,Excelsior,94112,"{'latitude': '37.726930675044564', 'longitude': '-122.43276370174196', 'human_address': '{""address"": """", ""city"": """", ""state"": """", ""zip"": """"}'}",1.08E+12,,2,2,2,2,5,wood frame (5),5,wood frame (5),,,,,,
5ea1fcb8c2aeecdcc61c5003,2.01E+11,8,otc alterations permit,2007-01-02T00:00:00.000,6013,23,4449,Mission,St,remodel bathroom & kitchen in unit# 4447 & unit# 4449. total 2 kitchens & 2 bathrooms. no lighting change.,expired,2008-05-21T00:00:00.000,2007-01-02T00:00:00.000,2007-01-02T00:00:00.000,2008-01-02T00:00:00.000Z,26000,26000,2 family dwelling,2 family dwelling,0,11,Excelsior,94112,"{'latitude': '37.726930675044564', 'longitude': '-122.43276370174196', 'human_address': '{""address"": """", ""city"": """", ""state"": """", ""zip"": """"}'}",1.08E+12,,2,2,2,2,5,wood frame (5),5,wood frame (5),,,,,,
5ea1fcb8c2aeecdcc61c5004,2.01E+11,8,otc alterations permit,2007-01-02T00:00:00.000,6944,43,1111,Ocean,Av,repairing dry wall: and kitchen cabinets repair,issued,2007-01-02T00:00:00.000,2007-01-02T00:00:00.000,2007-01-02T00:00:00.000,2007-05-02T00:00:00.000Z,1000,1000,2 family dwelling,2 family dwelling,0,7,Oceanview/Merced/Ingleside,94112,"{'latitude': '37.72325688649659', 'longitude': '-122.45438712189853', 'human_address': '{""address"": """", ""city"": """", ""state"": """", ""zip"": """"}'}",1.08E+12,,2,2,2,2,5,wood frame (5),5,wood frame (5),,,,,,
5ea1fcb8c2aeecdcc61c5005,M52362,8,otc alterations permit,2007-01-02T00:00:00.000,214,16,1360,Jones,St,street space & sidewalk permit only.,issued,2007-01-02T00:00:00.000,2007-01-02T00:00:00.000,2007-01-02T00:00:00.000,,,0,,,,3,Nob Hill,94108,"{'latitude': '37.7939919131956', 'longitude': '-122.41438442097898', 'human_address': '{""address"": """", ""city"": """", ""state"": """", ""zip"": """"}'}",1.08E+11,,,,,,,,,,,,,,,
5ea1fcb8c2aeecdcc61c5006,2.01E+11,8,otc alterations permit,2007-01-02T00:00:00.000,2931,11,191,Wawona,St,reroofing.,complete,2007-01-05T00:00:00.000,2007-01-02T00:00:00.000,2007-01-02T00:00:00.000,2007-07-02T00:00:00.000Z,12950,12950,1 family dwelling,1 family dwelling,0,7,West of Twin Peaks,94127,"{'latitude': '37.74008743199627', 'longitude': '-122.46754133651746', 'human_address': '{""address"": """", ""city"": """", ""state"": """", ""zip"": """"}'}",1.08E+12,,,,,,,,,,2007-01-05T00:00:00.000,,,,,
5ea1fcb8c2aeecdcc61c5007,M52364,8,otc alterations permit,2007-01-02T00:00:00.000,640,006C,1946,California,St,street space,issued,2007-01-02T00:00:00.000,2007-01-02T00:00:00.000,2007-01-02T00:00:00.000,,,0,,,,2,Pacific Heights,94109,"{'latitude': '37.79013113547946', 'longitude': '-122.42653277011581', 'human_address': '{""address"": """", ""city"": """", ""state"": """", ""zip"": """"}'}",1.08E+11,,,,,,,,,,,,,,,
5ea1fcb8c2aeecdcc61c5008,M52364,8,otc alterations permit,2007-01-02T00:00:00.000,640,006C,1948,California,St,street space,issued,2007-01-02T00:00:00.000,2007-01-02T00:00:00.000,2007-01-02T00:00:00.000,,,0,,,,2,Pacific Heights,94109,"{'latitude': '37.79013113547946', 'longitude': '-122.42653277011581', 'human_address': '{""address"": """", ""city"": """", ""state"": """", ""zip"": """"}'}",1.08E+12,,,,,,,,,,,,,,,
5ea1fcb8c2aeecdcc61c5009,2.01E+11,8,otc alterations permit,2007-01-02T00:00:00.000,1159,21,2077,Golden Gate,Av,to renew pa#2006/05/15/1594,issued,2007-01-02T00:00:00.000,2007-01-02T00:00:00.000,2007-01-02T00:00:00.000,2007-05-02T00:00:00.000Z,3000,2500,apartments,apartments,0,5,Lone Mountain/USF,94115,"{'latitude': '37.777705024016335', 'longitude': '-122.44473604069539', 'human_address': '{""address"": """", ""city"": """", ""state"": """", ""zip"": """"}'}",1.08E+12,,3,3,3,3,5,wood frame (5),5,wood frame (5),,,,,,
5ea1fcb8c2aeecdcc61c500a,2.01E+11,3,additions alterations or repairs,2007-01-02T00:00:00.000,1700,1,55,Concourse,Dr,"installation of emergency generator only at b2 level. 1500 kw diesel. fuel oile permit approved under 200605091140, original app 200403249505.",complete,2008-05-07T00:00:00.000,2007-01-02T00:00:00.000,2007-07-25T00:00:00.000,2008-07-25T00:00:00.000Z,50000,50000,museum,museum,2,1,Golden Gate Park,94122,"{'latitude': '37.76948375043359', 'longitude': '-122.47581711966075', 'human_address': '{""address"": """", ""city"": """", ""state"": """", ""zip"": """"}'}",1.08E+12,,3,3,0,0,1,constr type 1,1,constr type 1,2008-05-07T00:00:00.000,,,,,
5ea1fcb8c2aeecdcc61c500b,2.01E+11,8,otc alterations permit,2007-01-02T00:00:00.000,4079,20,721,York,St,revision to app3200407209286  on 1st flr. converting den/living area. to bedrooms (n) french door on 2nd fl. convertiing den/dining room to bedroom suite.,issued,2007-01-02T00:00:00.000,2007-01-02T00:00:00.000,2007-01-02T00:00:00.000,2007-05-02T00:00:00.000Z,1,1,2 family dwelling,2 family dwelling,2,10,Mission,94110,"{'latitude': '37.75970868629748', 'longitude': '-122.4086394262038', 'human_address': '{""address"": """", ""city"": """", ""state"": """", ""zip"": """"}'}",1.08E+12,,2,2,2,2,5,wood frame (5),5,wood frame (5),,,,,,
5ea1fcb8c2aeecdcc61c500c,M52382,8,otc alterations permit,2007-01-02T00:00:00.000,3609,006A,2442,Mission,St,street space & sidewalk permit,issued,2007-01-02T00:00:00.000,2007-01-02T00:00:00.000,2007-01-02T00:00:00.000,,,0,,,,9,Mission,94110,"{'latitude': '37.757865129406895', 'longitude': '-122.4192783538136', 'human_address': '{""address"": """", ""city"": """", ""state"": """", ""zip"": """"}'}",1.08E+12,,,,,,,,,,,,,,,
5ea1fcb8c2aeecdcc61c500d,M52383,8,otc alterations permit,2007-01-02T00:00:00.000,3609,4,2422,Mission,St,street space & sidewalk permit,issued,2007-01-02T00:00:00.000,2007-01-02T00:00:00.000,2007-01-02T00:00:00.000,,,0,,,,9,Mission,94110,"{'latitude': '37.75815266643947', 'longitude': '-122.41930587987387', 'human_address': '{""address"": """", ""city"": """", ""state"": """", ""zip"": """"}'}",1.08E+12,,,,,,,,,,,,,,,
5ea1fcb8c2aeecdcc61c500e,M52384,8,otc alterations permit,2007-01-02T00:00:00.000,3636,6,2640,Mission,St,street space & sidewalk permit,issued,2007-01-02T00:00:00.000,2007-01-02T00:00:00.000,2007-01-02T00:00:00.000,,,0,,,,9,Mission,94110,"{'latitude': '37.75469673550794', 'longitude': '-122.41903786840484', 'human_address': '{""address"": """", ""city"": """", ""state"": """", ""zip"": """"}'}",1.08E+12,,,,,,,,,,,,,,,
5ea1fcb8c2aeecdcc61c500f,2.01E+11,8,otc alterations permit,2007-01-02T00:00:00.000,6795D,30,527,Cayuga,Av,existing light well on 2nd story will be made a sunroom and the windows facing it will be removed.,expired,2007-12-27T00:00:00.000,2007-01-02T00:00:00.000,2007-01-02T00:00:00.000,2007-05-02T00:00:00.000Z,5000,5000,1 family dwelling,1 family dwelling,2,11,Outer Mission,94112,"{'latitude': '37.72877659126792', 'longitude': '-122.43531227489036', 'human_address': '{""address"": """", ""city"": """", ""state"": """", ""zip"": """"}'}",1.08E+12,,2,2,1,1,5,wood frame (5),5,wood frame (5),,,,,,
5ea1fcb8c2aeecdcc61c5010,2.01E+11,8,otc alterations permit,2007-01-02T00:00:00.000,7249,28,3745,Ocean,Av,reroofing.,complete,2007-05-22T00:00:00.000,2007-01-02T00:00:00.000,2007-01-02T00:00:00.000,2007-07-02T00:00:00.000Z,6800,6800,1 family dwelling,1 family dwelling,0,7,Sunset/Parkside,94132,"{'latitude': '37.7321262190071', 'longitude': '-122.48513510509699', 'human_address': '{""address"": """", ""city"": """", ""state"": """", ""zip"": """"}'}",1.08E+12,,2,2,1,1,5,wood frame (5),5,wood frame (5),2007-05-22T00:00:00.000,,,,,
5ea1fcb8c2aeecdcc61c5011,2.01E+11,8,otc alterations permit,2007-01-02T00:00:00.000,927,28,2271,Bay,St,to renew expired permit applic. 32004/12/30/2371 to continue work,expired,2008-03-11T00:00:00.000,2007-01-02T00:00:00.000,2007-01-02T00:00:00.000,2008-01-02T00:00:00.000Z,150000,150000,1 family dwelling,1 family dwelling,0,2,Marina,94123,"{'latitude': '37.801458418521364', 'longitude': '-122.44436514251392', 'human_address': '{""address"": """", ""city"": """", ""state"": """", ""zip"": """"}'}",1.08E+11,,2,2,1,1,5,wood frame (5),5,wood frame (5),,,,,,
5ea1fcb8c2aeecdcc61c5012,2.01E+11,3,additions alterations or repairs,2007-01-02T00:00:00.000,6578,43,3825,Cesar Chavez,St,to comply with 3r-4492. kitchen remodel/and installation of furnace in unit#3827.,complete,2007-08-20T00:00:00.000,2007-01-02T00:00:00.000,2007-05-10T00:00:00.000,2007-11-10T00:00:00.000Z,10000,10000,apartments,apartments,0,8,Noe Valley,94131,"{'latitude': '37.74754510838333', 'longitude': '-122.42547062894664', 'human_address': '{""address"": """", ""city"": """", ""state"": """", ""zip"": """"}'}",1.08E+12,0,4,4,3,3,5,wood frame (5),5,wood frame (5),2007-08-20T00:00:00.000,,,,,
5ea1fcb8c2aeecdcc61c5013,2.01E+11,3,additions alterations or repairs,2007-01-02T00:00:00.000,6578,43,3827,Cesar Chavez,St,to comply with 3r-4492. kitchen remodel/and installation of furnace in unit#3827.,complete,2007-08-20T00:00:00.000,2007-01-02T00:00:00.000,2007-05-10T00:00:00.000,2007-11-10T00:00:00.000Z,10000,10000,apartments,apartments,0,8,Noe Valley,94131,"{'latitude': '37.74754510838333', 'longitude': '-122.42547062894664', 'human_address': '{""address"": """", ""city"": """", ""state"": """", ""zip"": """"}'}",1.08E+12,,4,4,3,3,5,wood frame (5),5,wood frame (5),2007-08-20T00:00:00.000,,,,,
5ea1fcb8c2aeecdcc61c5014,2.01E+11,3,additions alterations or repairs,2007-01-02T00:00:00.000,6578,43,3829,Cesar Chavez,St,to comply with 3r-4492. kitchen remodel/and installation of furnace in unit#3827.,complete,2007-08-20T00:00:00.000,2007-01-02T00:00:00.000,2007-05-10T00:00:00.000,2007-11-10T00:00:00.000Z,10000,10000,apartments,apartments,0,8,Noe Valley,94131,"{'latitude': '37.74754510838333', 'longitude': '-122.42547062894664', 'human_address': '{""address"": """", ""city"": """", ""state"": """", ""zip"": """"}'}",1.08E+12,0,4,4,3,3,5,wood frame (5),5,wood frame (5),2007-08-20T00:00:00.000,,,,,
5ea1fcb8c2aeecdcc61c5015,M52402,8,otc alterations permit,2007-01-02T00:00:00.000,638,17,2201,Sacramento,St,street space permit only.,issued,2007-01-02T00:00:00.000,2007-01-02T00:00:00.000,2007-01-02T00:00:00.000,,,0,,,,2,Pacific Heights,94115,"{'latitude': '37.79020106234751', 'longitude': '-122.429281032396', 'human_address': '{""address"": """", ""city"": """", ""state"": """", ""zip"": """"}'}",1.08E+12,,,,,,,,,,,,,,,
5ea1fcb8c2aeecdcc61c5016,M52403,8,otc alterations permit,2007-01-02T00:00:00.000,1423,9,233,10th,Av,street space permit only.,issued,2007-01-02T00:00:00.000,2007-01-02T00:00:00.000,2007-01-02T00:00:00.000,,,0,,,,1,Inner Richmond,94118,"{'latitude': '37.783908047719954', 'longitude': '-122.46911479514957', 'human_address': '{""address"": """", ""city"": """", ""state"": """", ""zip"": """"}'}",1.08E+11,,,,,,,,,,,,,,,
5ea1fcb8c2aeecdcc61c5017,M52404,8,otc alterations permit,2007-01-02T00:00:00.000,1352,34,93,06th,Av,street space permit only.,issued,2007-01-02T00:00:00.000,2007-01-02T00:00:00.000,2007-01-02T00:00:00.000,,,0,,,,2,Inner Richmond,94118,"{'latitude': '37.78683930587217', 'longitude': '-122.46498001950198', 'human_address': '{""address"": """", ""city"": """", ""state"": """", ""zip"": """"}'}",1.08E+11,,,,,,,,,,,,,,,
5ea1fcb8c2aeecdcc61c5018,2.01E+11,8,otc alterations permit,2007-01-02T00:00:00.000,1352,34,93,06th,Av,"remove & replace kitchen cabinets, appliances & re-tile floor. paint entire kitchen. no structural work. 50% of wattage of new lighting to be fluorescant.",complete,2007-03-28T00:00:00.000,2007-01-02T00:00:00.000,2007-01-02T00:00:00.000,2008-01-02T00:00:00.000Z,50000,50000,apartments,apartments,0,2,Inner Richmond,94118,"{'latitude': '37.78683930587217', 'longitude': '-122.46498001950198', 'human_address': '{""address"": """", ""city"": """", ""state"": """", ""zip"": """"}'}",1.08E+11,,3,3,6,6,5,wood frame (5),5,wood frame (5),2007-03-28T00:00:00.000,,,,,
5ea1fcb8c2aeecdcc61c5019,2.01E+11,8,otc alterations permit,2007-01-02T00:00:00.000,859,30,429,Haight,St,"application for planing notice of violation dated august 31,2006 to bring subject property into compliance w/planning code. to only re-instate the ground fl residential unit. to replace store & frig in original location.",complete,2007-01-18T00:00:00.000,2007-01-02T00:00:00.000,2007-01-02T00:00:00.000,2007-05-02T00:00:00.000Z,1,600,2 family dwelling,2 family dwelling,2,5,Hayes Valley,94117,"{'latitude': '37.771967282076766', 'longitude': '-122.42928585565708', 'human_address': '{""address"": """", ""city"": """", ""state"": """", ""zip"": """"}'}",1.08E+11,,2,2,2,2,5,wood frame (5),5,wood frame (5),2007-01-18T00:00:00.000,,,,,
5ea1fcb8c2aeecdcc61c501a,2.01E+11,8,otc alterations permit,2007-01-02T00:00:00.000,4570,23,200,Jennings,St,fire alarm monitoring for new building at this address.,complete,2007-04-09T00:00:00.000,2007-01-02T00:00:00.000,2007-01-02T00:00:00.000,2007-05-02T00:00:00.000Z,2000,2000,"warehouse,no frnitur","warehouse,no frnitur",2,10,Bayview Hunters Point,94124,"{'latitude': '37.73900941555662', 'longitude': '-122.3786820354205', 'human_address': '{""address"": """", ""city"": """", ""state"": """", ""zip"": """"}'}",1.08E+12,,1,1,1,1,2,constr type 2,2,constr type 2,2007-04-09T00:00:00.000,,,,,
5ea1fcb8c2aeecdcc61c501b,2.01E+11,8,otc alterations permit,2007-01-02T00:00:00.000,859,31,413,Haight,St,"to bring #413 & 419 haight st into compliance, re: dei notice of violation#200669969 dated: 21 jul,06 to convert illegal residentail space back to it's original commerical space",complete,2007-02-05T00:00:00.000,2007-01-02T00:00:00.000,2007-01-02T00:00:00.000,2007-05-02T00:00:00.000Z,1,1,apartments,apartments,2,5,Hayes Valley,94117,"{'latitude': '37.77209707469256', 'longitude': '-122.42916749824555', 'human_address': '{""address"": """", ""city"": """", ""state"": """", ""zip"": """"}'}",1.08E+11,,3,3,10,10,5,wood frame (5),5,wood frame (5),2007-02-05T00:00:00.000,,,,,
5ea1fcb8c2aeecdcc61c501c,2.01E+11,8,otc alterations permit,2007-01-02T00:00:00.000,1261,15,862,Shrader,St,add one bath at 3rd floor unit #862. new enlarged openings at 3rd floor unit 862,expired,2009-01-07T00:00:00.000,2007-01-02T00:00:00.000,2007-01-02T00:00:00.000,2008-01-02T00:00:00.000Z,75000,75000,apartments,apartments,2,5,Haight Ashbury,94117,"{'latitude': '37.76675934137657', 'longitude': '-122.45104895161684', 'human_address': '{""address"": """", ""city"": """", ""state"": """", ""zip"": """"}'}",1.08E+12,,3,3,4,4,5,wood frame (5),5,wood frame (5),,,,,,
5ea1fcb8c2aeecdcc61c501d,2.01E+11,8,otc alterations permit,2007-01-02T00:00:00.000,1261,15,868,Shrader,St,add one bath at 3rd floor unit #862. new enlarged openings at 3rd floor unit 862,expired,2009-01-07T00:00:00.000,2007-01-02T00:00:00.000,2007-01-02T00:00:00.000,2008-01-02T00:00:00.000Z,75000,75000,apartments,apartments,2,5,Haight Ashbury,94117,"{'latitude': '37.76675934137657', 'longitude': '-122.45104895161684', 'human_address': '{""address"": """", ""city"": """", ""state"": """", ""zip"": """"}'}",1.08E+12,,3,3,4,4,5,wood frame (5),5,wood frame (5),,,,,,
5ea1fcb8c2aeecdcc61c501e,2.01E+11,8,otc alterations permit,2007-01-02T00:00:00.000,2618,025A,473,Roosevelt,Wy,revise permit #1106397. remodel 2 bathrooms and repair dryrot unit #473. change non-bearing walls in bath #2. no structural changes.,complete,2007-05-09T00:00:00.000,2007-01-02T00:00:00.000,2007-01-02T00:00:00.000,2007-07-02T00:00:00.000Z,10000,10000,apartments,apartments,2,8,Castro/Upper Market,94114,"{'latitude': '37.76356246211054', 'longitude': '-122.44275388530596', 'human_address': '{""address"": """", ""city"": """", ""state"": """", ""zip"": """"}'}",1.08E+12,0,3,3,3,3,5,wood frame (5),5,wood frame (5),2007-05-09T00:00:00.000,,,,,
5ea1fcb8c2aeecdcc61c501f,2.01E+11,8,otc alterations permit,2007-01-02T00:00:00.000,859,31,419,Haight,St,"to bring #413 & 419 haight st into compliance, re: dei notice of violation#200669969 dated: 21 jul,06 to convert illegal residentail space back to it's original commerical space",complete,2007-02-05T00:00:00.000,2007-01-02T00:00:00.000,2007-01-02T00:00:00.000,2007-05-02T00:00:00.000Z,1,1,apartments,apartments,2,5,Hayes Valley,94117,"{'latitude': '37.77209707469256', 'longitude': '-122.42916749824555', 'human_address': '{""address"": """", ""city"": """", ""state"": """", ""zip"": """"}'}",1.08E+12,,3,3,10,10,5,wood frame (5),5,wood frame (5),2007-02-05T00:00:00.000,,,,,
5ea1fcb8c2aeecdcc61c5020,M52422,8,otc alterations permit,2007-01-02T00:00:00.000,3617,53,24,Hill,St,sidewalk permit only.,issued,2007-01-02T00:00:00.000,2007-01-02T00:00:00.000,2007-01-02T00:00:00.000,,,0,,,,8,Mission,94110,"{'latitude': '37.756275648567495', 'longitude': '-122.42222534865844', 'human_address': '{""address"": """", ""city"": """", ""state"": """", ""zip"": """"}'}",1.08E+12,,,,,,,,,,,,,,,
5ea1fcb8c2aeecdcc61c5021,2.01E+11,8,otc alterations permit,2007-01-02T00:00:00.000,859,1,411,Haight,St,"to bring 411 haight st. into compliance, to comply w/nov #200670798. re. d.b.i notice of violation#200670798 date: 18 jul 06. to revert from residential unit to commerical.",issued,2007-01-02T00:00:00.000,2007-01-02T00:00:00.000,2007-01-02T00:00:00.000,2007-05-02T00:00:00.000Z,1,1,apartments,apartments,2,5,Hayes Valley,94117,"{'latitude': '37.77212098519333', 'longitude': '-122.4289796075449', 'human_address': '{""address"": """", ""city"": """", ""state"": """", ""zip"": """"}'}",1.08E+12,0,3,3,9,9,5,wood frame (5),5,wood frame (5),,,,,,
5ea1fcb8c2aeecdcc61c5022,M52423,8,otc alterations permit,2007-01-02T00:00:00.000,6536,15,3940,25th,St,sidewalk permit only.,issued,2007-01-02T00:00:00.000,2007-01-02T00:00:00.000,2007-01-02T00:00:00.000,,,0,,,,8,Noe Valley,94114,"{'latitude': '37.75024780496369', 'longitude': '-122.4281758414784', 'human_address': '{""address"": """", ""city"": """", ""state"": """", ""zip"": """"}'}",1.08E+12,,,,,,,,,,,,,,,
5ea1fcb8c2aeecdcc61c5023,M52425,8,otc alterations permit,2007-01-02T00:00:00.000,1255,076A,1339,Waller,St,sidewalk permit only.,issued,2007-01-02T00:00:00.000,2007-01-02T00:00:00.000,2007-01-02T00:00:00.000,,,0,,,,5,Haight Ashbury,94117,"{'latitude': '37.7690119286054', 'longitude': '-122.44576467121483', 'human_address': '{""address"": """", ""city"": """", ""state"": """", ""zip"": """"}'}",1.08E+11,,,,,,,,,,,,,,,
5ea1fcb8c2aeecdcc61c5024,M52425,8,otc alterations permit,2007-01-02T00:00:00.000,1255,076A,1343,Waller,St,sidewalk permit only.,issued,2007-01-02T00:00:00.000,2007-01-02T00:00:00.000,2007-01-02T00:00:00.000,,,0,,,,5,Haight Ashbury,94117,"{'latitude': '37.7690119286054', 'longitude': '-122.44576467121483', 'human_address': '{""address"": """", ""city"": """", ""state"": """", ""zip"": """"}'}",1.08E+12,,,,,,,,,,,,,,,
5ea1fcb8c2aeecdcc61c5025,M52426,8,otc alterations permit,2007-01-02T00:00:00.000,3636,8,2654,Mission,St,sidewalk permit only.,issued,2007-01-02T00:00:00.000,2007-01-02T00:00:00.000,2007-01-02T00:00:00.000,,,0,,,,9,Mission,94110,"{'latitude': '37.7545735054494', 'longitude': '-122.41902607233183', 'human_address': '{""address"": """", ""city"": """", ""state"": """", ""zip"": """"}'}",1.08E+12,,,,,,,,,,,,,,,
5ea1fcb8c2aeecdcc61c5026,2.01E+11,8,otc alterations permit,2007-01-02T00:00:00.000,1844,2,1417,09th,Av,"remove exist bearing wall at 2nd floor. to install new steel beam under 3rd floor joists (span 21') use wood post. transmit to new footings (2' to 3' x 4'4""). and relocation kitchen per plan & add a new bathroom.",expired,2008-01-15T00:00:00.000,2007-01-02T00:00:00.000,2007-01-02T00:00:00.000,2007-07-02T00:00:00.000Z,18000,18000,apartments,apartments,2,7,Inner Sunset,94122,"{'latitude': '37.761742989599654', 'longitude': '-122.46648043059396', 'human_address': '{""address"": """", ""city"": """", ""state"": """", ""zip"": """"}'}",1.08E+12,0,2,2,3,3,5,wood frame (5),5,wood frame (5),,,,,,
5ea1fcb8c2aeecdcc61c5027,2.01E+11,8,otc alterations permit,2007-01-02T00:00:00.000,5742,17,503,Crescent,Av,install subdrain system between 503 and 505 crescent ave. remove and replace walking on 503 property to correct drainage problem cited in nov. 200557343,complete,2007-06-08T00:00:00.000,2007-01-02T00:00:00.000,2007-01-02T00:00:00.000,2007-07-02T00:00:00.000Z,10000,10000,1 family dwelling,1 family dwelling,2,9,Bernal Heights,94110,"{'latitude': '37.73503707790747', 'longitude': '-122.41596416074883', 'human_address': '{""address"": """", ""city"": """", ""state"": """", ""zip"": """"}'}",1.08E+12,,2,2,1,1,5,wood frame (5),5,wood frame (5),2007-06-08T00:00:00.000,,,,,
5ea1fcb8c2aeecdcc61c5028,M52427,8,otc alterations permit,2007-01-02T00:00:00.000,6570,5,3045,Mission,St,sidewalk permit only.,issued,2007-01-02T00:00:00.000,2007-01-02T00:00:00.000,2007-01-02T00:00:00.000,,,0,,,,9,Mission,94110,"{'latitude': '37.74843330214948', 'longitude': '-122.41775926793083', 'human_address': '{""address"": """", ""city"": """", ""state"": """", ""zip"": """"}'}",1.08E+12,,,,,,,,,,,,,,,
5ea1fcb8c2aeecdcc61c5029,M52427,8,otc alterations permit,2007-01-02T00:00:00.000,6570,5,3049,Mission,St,sidewalk permit only.,issued,2007-01-02T00:00:00.000,2007-01-02T00:00:00.000,2007-01-02T00:00:00.000,,,0,,,,9,Mission,94110,"{'latitude': '37.74843330214948', 'longitude': '-122.41775926793083', 'human_address': '{""address"": """", ""city"": """", ""state"": """", ""zip"": """"}'}",1.08E+12,,,,,,,,,,,,,,,
5ea1fcb8c2aeecdcc61c502a,M52429,8,otc alterations permit,2007-01-02T00:00:00.000,1392,12,201,32nd,Av,street space & sidewalk permit only.,issued,2007-01-02T00:00:00.000,2007-01-02T00:00:00.000,2007-01-02T00:00:00.000,,,0,,,,2,Seacliff,94121,"{'latitude': '37.78523879338199', 'longitude': '-122.4929907947534', 'human_address': '{""address"": """", ""city"": """", ""state"": """", ""zip"": """"}'}",1.08E+11,,,,,,,,,,,,,,,
5ea1fcb8c2aeecdcc61c502b,M52428,8,otc alterations permit,2007-01-02T00:00:00.000,6571,18,3390,Cesar Chavez,St,street space & sidewalk permit only.,issued,2007-01-02T00:00:00.000,2007-01-02T00:00:00.000,2007-01-02T00:00:00.000,,,0,,,,9,Mission,94110,"{'latitude': '37.74837226873848', 'longitude': '-122.41760816244388', 'human_address': '{""address"": """", ""city"": """", ""state"": """", ""zip"": """"}'}",1.08E+12,,,,,,,,,,,,,,,
5ea1fcb8c2aeecdcc61c502c,M52424,8,otc alterations permit,2007-01-02T00:00:00.000,3590,30,2243,Mission,St,sidewalk permit only.,issued,2007-01-02T00:00:00.000,2007-01-02T00:00:00.000,2007-01-02T00:00:00.000,,,0,,,,9,Mission,94110,"{'latitude': '37.761124797163426', 'longitude': '-122.4189355924377', 'human_address': '{""address"": """", ""city"": """", ""state"": """", ""zip"": """"}'}",1.08E+12,,,,,,,,,,,,,,,
5ea1fcb8c2aeecdcc61c502d,M52430,8,otc alterations permit,2007-01-02T00:00:00.000,3590,29,2247,Mission,St,sidewalk permit only.,issued,2007-01-02T00:00:00.000,2007-01-02T00:00:00.000,2007-01-02T00:00:00.000,,,0,,,,9,Mission,94110,"{'latitude': '37.76104264388172', 'longitude': '-122.41892772743921', 'human_address': '{""address"": """", ""city"": """", ""state"": """", ""zip"": """"}'}",1.08E+12,,,,,,,,,,,,,,,
5ea1fcb8c2aeecdcc61c502e,M52431,8,otc alterations permit,2007-01-02T00:00:00.000,3636,8,2654,Mission,St,sidewalk,issued,2007-01-02T00:00:00.000,2007-01-02T00:00:00.000,2007-01-02T00:00:00.000,,,0,,,,9,Mission,94110,"{'latitude': '37.7545735054494', 'longitude': '-122.41902607233183', 'human_address': '{""address"": """", ""city"": """", ""state"": """", ""zip"": """"}'}",1.08E+12,,,,,,,,,,,,,,,
5ea1fcb8c2aeecdcc61c502f,2.01E+11,8,otc alterations permit,2007-01-02T00:00:00.000,2714,43,17,Seward,St,"remodel kitchen w/ new cabinets, counter tops. remodel master bathroom. install powder room in laundry closet. no structural changes. 50% of kitchen light wattage must be fluorescent, provide fluorescent or 0.5 in bathrooms. nov 200683011 pid-unrelated area/in building.",expired,2009-01-13T00:00:00.000,2007-01-02T00:00:00.000,2007-01-02T00:00:00.000,2008-01-02T00:00:00.000Z,30000,30000,2 family dwelling,2 family dwelling,2,8,Twin Peaks,94114,"{'latitude': '37.75766734979003', 'longitude': '-122.43949892036952', 'human_address': '{""address"": """", ""city"": """", ""state"": """", ""zip"": """"}'}",1.08E+12,,3,3,2,2,5,wood frame (5),5,wood frame (5),,,,,,
5ea1fcb8c2aeecdcc61c5030,M52442,8,otc alterations permit,2007-01-02T00:00:00.000,1281,6,1131,Cole,St,street space and sidewalk permit,issued,2007-01-02T00:00:00.000,2007-01-02T00:00:00.000,2007-01-02T00:00:00.000,,,0,,,,5,Haight Ashbury,94117,"{'latitude': '37.763534754805384', 'longitude': '-122.44980295107291', 'human_address': '{""address"": """", ""city"": """", ""state"": """", ""zip"": """"}'}",1.08E+11,,,,,,,,,,,,,,,
5ea1fcb8c2aeecdcc61c5031,M52442,8,otc alterations permit,2007-01-02T00:00:00.000,1281,6,1135,Cole,St,street space and sidewalk permit,issued,2007-01-02T00:00:00.000,2007-01-02T00:00:00.000,2007-01-02T00:00:00.000,,,0,,,,5,Haight Ashbury,94117,"{'latitude': '37.763534754805384', 'longitude': '-122.44980295107291', 'human_address': '{""address"": """", ""city"": """", ""state"": """", ""zip"": """"}'}",1.08E+12,,,,,,,,,,,,,,,
5ea1fcb8c2aeecdcc61c5032,M52443,8,otc alterations permit,2007-01-02T00:00:00.000,1312,25,880,El Camino Del Mar,,street space and sidewalk permit,issued,2007-01-02T00:00:00.000,2007-01-02T00:00:00.000,2007-01-02T00:00:00.000,,,0,,,,2,Lincoln Park,94121,"{'latitude': '37.787101614841035', 'longitude': '-122.4934453410517', 'human_address': '{""address"": """", ""city"": """", ""state"": """", ""zip"": """"}'}",1.08E+11,,,,,,,,,,,,,,,
5ea1fcb8c2aeecdcc61c5033,M52444,8,otc alterations permit,2007-01-02T00:00:00.000,489,30,2269,Chestnut,St,street space,issued,2007-01-02T00:00:00.000,2007-01-02T00:00:00.000,2007-01-02T00:00:00.000,,,0,,,,2,Marina,94123,"{'latitude': '37.79998014165884', 'longitude': '-122.440578620928', 'human_address': '{""address"": """", ""city"": """", ""state"": """", ""zip"": """"}'}",1.08E+11,,,,,,,,,,,,,,,
5ea1fcb8c2aeecdcc61c5034,M52445,8,otc alterations permit,2007-01-02T00:00:00.000,506,39,3132,Laguna,St,street space and sidewalk permit,issued,2007-01-02T00:00:00.000,2007-01-02T00:00:00.000,2007-01-02T00:00:00.000,,,0,,,,2,Marina,94123,"{'latitude': '37.80009191923437', 'longitude': '-122.43073188052868', 'human_address': '{""address"": """", ""city"": """", ""state"": """", ""zip"": """"}'}",1.08E+11,,,,,,,,,,,,,,,
5ea1fcb8c2aeecdcc61c5035,M52446,8,otc alterations permit,2007-01-02T00:00:00.000,755,11,1110,Steiner,St,streetspace and sidewalk,issued,2007-01-02T00:00:00.000,2007-01-02T00:00:00.000,2007-01-02T00:00:00.000,,,0,,,,5,Western Addition,94115,"{'latitude': '37.77976907245018', 'longitude': '-122.43348924901952', 'human_address': '{""address"": """", ""city"": """", ""state"": """", ""zip"": """"}'}",1.08E+11,,,,,,,,,,,,,,,
5ea1fcb8c2aeecdcc61c5036,2.01E+11,8,otc alterations permit,2007-01-02T00:00:00.000,7234,001B,708,Junipero Serra,Bl,reroofing,issued,2007-01-02T00:00:00.000,2007-01-02T00:00:00.000,2007-01-02T00:00:00.000,2007-07-02T00:00:00.000Z,11000,11000,1 family dwelling,1 family dwelling,0,7,West of Twin Peaks,94132,"{'latitude': '37.726378683869854', 'longitude': '-122.47265769223495', 'human_address': '{""address"": """", ""city"": """", ""state"": """", ""zip"": """"}'}",1.08E+12,,,,,,,,,,,,,,,
5ea1fcb8c2aeecdcc61c5037,2.01E+11,3,additions alterations or repairs,2007-01-02T00:00:00.000,173,2,649,Front,St,install 2 new roof top package heat pumps and convert to (e) duct work. sd's for each heat pump will be insulated on seperate permit application.,complete,2007-03-14T00:00:00.000,2007-01-02T00:00:00.000,2007-01-11T00:00:00.000,2007-07-11T00:00:00.000Z,16480,16480,office,office,2,3,Financial District/South Beach,94111,"{'latitude': '37.797478012762085', 'longitude': '-122.39998063644178', 'human_address': '{""address"": """", ""city"": """", ""state"": """", ""zip"": """"}'}",1.08E+12,,3,3,0,0,3,constr type 3,3,constr type 3,2007-03-14T00:00:00.000,,,,,
5ea1fcb8c2aeecdcc61c5038,M52447,8,otc alterations permit,2007-01-02T00:00:00.000,3587,76,12,Oakwood,St,street space permit,issued,2007-01-02T00:00:00.000,2007-01-02T00:00:00.000,2007-01-02T00:00:00.000,,,0,,,,8,Mission,94110,"{'latitude': '37.761282082616965', 'longitude': '-122.42513586650253', 'human_address': '{""address"": """", ""city"": """", ""state"": """", ""zip"": """"}'}",1.08E+12,0,,,,,,,,,,,,,,
5ea1fcb8c2aeecdcc61c5039,2.01E+11,8,otc alterations permit,2007-01-02T00:00:00.000,3612,9,2900,21st,St,"construction of bridge into rear yard (per variance #2006.025v) from 2nd flr of main bldng.  to roof of garage accesible by units 2 &3,  approved per pre-applic. meeting w/ ron tom & mario ballard",expired,2008-04-24T00:00:00.000,2007-01-02T00:00:00.000,2007-01-02T00:00:00.000,2007-07-02T00:00:00.000Z,8600,8600,apartments,apartments,2,9,Mission,94110,"{'latitude': '37.75764091875177', 'longitude': '-122.41258247302474', 'human_address': '{""address"": """", ""city"": """", ""state"": """", ""zip"": """"}'}",1.08E+12,,2,2,3,3,5,wood frame (5),5,wood frame (5),,,,,,
5ea1fcb8c2aeecdcc61c503a,2.01E+11,8,otc alterations permit,2007-01-02T00:00:00.000,3612,9,2904,21st,St,"construction of bridge into rear yard (per variance #2006.025v) from 2nd flr of main bldng.  to roof of garage accesible by units 2 &3,  approved per pre-applic. meeting w/ ron tom & mario ballard",expired,2008-04-24T00:00:00.000,2007-01-02T00:00:00.000,2007-01-02T00:00:00.000,2007-07-02T00:00:00.000Z,8600,8600,apartments,apartments,2,9,Mission,94110,"{'latitude': '37.75764091875177', 'longitude': '-122.41258247302474', 'human_address': '{""address"": """", ""city"": """", ""state"": """", ""zip"": """"}'}",1.08E+12,,2,2,3,3,5,wood frame (5),5,wood frame (5),,,,,,
5ea1fcb8c2aeecdcc61c503b,2.01E+11,8,otc alterations permit,2007-01-02T00:00:00.000,6778,28,1775,San Jose,Av,"remove all kitchen cabinets & counters tops & install new , install new vinyl floor covering. remove & installkitcen sink at same location.",complete,2007-04-13T00:00:00.000,2007-01-02T00:00:00.000,2007-01-02T00:00:00.000,2007-07-02T00:00:00.000Z,14000,14000,1 family dwelling,1 family dwelling,0,11,Outer Mission,94112,"{'latitude': '37.72912671619186', 'longitude': '-122.43915581159477', 'human_address': '{""address"": """", ""city"": """", ""state"": """", ""zip"": """"}'}",1.08E+12,,2,2,1,1,5,wood frame (5),5,wood frame (5),2007-04-13T00:00:00.000,,,,,
5ea1fcb8c2aeecdcc61c503c,M52449,8,otc alterations permit,2007-01-02T00:00:00.000,1339,007A,1816,Lake,St,street space permit,issued,2007-01-02T00:00:00.000,2007-01-02T00:00:00.000,2007-01-02T00:00:00.000,,,0,,,,2,Seacliff,94121,"{'latitude': '37.786267641346235', 'longitude': '-122.47911200378202', 'human_address': '{""address"": """", ""city"": """", ""state"": """", ""zip"": """"}'}",1.08E+11,,,,,,,,,,,,,,,
5ea1fcb8c2aeecdcc61c503d,2.01E+11,3,additions alterations or repairs,2007-01-02T00:00:00.000,2936A,16,49,Rockaway,Av,rev. to applic. #2006/04/03/8099: straightening out rear facade as well as additional square footage on the first floor.,complete,2008-05-08T00:00:00.000,2007-01-02T00:00:00.000,2008-03-27T00:00:00.000,2008-07-27T00:00:00.000Z,5000,5000,1 family dwelling,1 family dwelling,2,7,West of Twin Peaks,94127,"{'latitude': '37.7434090966524', 'longitude': '-122.45762330469925', 'human_address': '{""address"": """", ""city"": """", ""state"": """", ""zip"": """"}'}",1.08E+12,,3,3,1,1,5,wood frame (5),5,wood frame (5),2008-05-08T00:00:00.000,Y,Y,,,
5ea1fcb8c2aeecdcc61c503e,M52462,8,otc alterations permit,2007-01-02T00:00:00.000,3587,5,624,Guerrero,St,street space,issued,2007-01-02T00:00:00.000,2007-01-02T00:00:00.000,2007-01-02T00:00:00.000,,,0,,,,8,Mission,94110,"{'latitude': '37.761067356915696', 'longitude': '-122.42406325249024', 'human_address': '{""address"": """", ""city"": """", ""state"": """", ""zip"": """"}'}",1.08E+12,,,,,,,,,,,,,,,
5ea1fcb8c2aeecdcc61c503f,M52462,8,otc alterations permit,2007-01-02T00:00:00.000,3587,5,628,Guerrero,St,street space,issued,2007-01-02T00:00:00.000,2007-01-02T00:00:00.000,2007-01-02T00:00:00.000,,,0,,,,8,Mission,94110,"{'latitude': '37.761067356915696', 'longitude': '-122.42406325249024', 'human_address': '{""address"": """", ""city"": """", ""state"": """", ""zip"": """"}'}",1.08E+12,,,,,,,,,,,,,,,
5ea1fcb8c2aeecdcc61c5040,2.01E+11,8,otc alterations permit,2007-01-02T00:00:00.000,7550,31,333,Addison,St,explore for dry rot back wall. approx 100 sq. ft affected.,complete,2007-01-12T00:00:00.000,2007-01-02T00:00:00.000,2007-01-02T00:00:00.000,2007-05-02T00:00:00.000Z,5000,5000,1 family dwelling,1 family dwelling,0,8,Glen Park,94131,"{'latitude': '37.73992689728953', 'longitude': '-122.43469595547313', 'human_address': '{""address"": """", ""city"": """", ""state"": """", ""zip"": """"}'}",1.08E+12,,2,2,1,1,5,wood frame (5),5,wood frame (5),2007-01-12T00:00:00.000,,,,,
5ea1fcb8c2aeecdcc61c5041,2.01E+11,8,otc alterations permit,2007-01-02T00:00:00.000,6074,11,945,Persia,Av,revised permit #200610135017 to include the fence legalization as mentioned on nov#200670976 y revised deck framing dist  size,complete,2007-02-23T00:00:00.000,2007-01-02T00:00:00.000,2007-01-02T00:00:00.000,2007-05-02T00:00:00.000Z,1,3000,1 family dwelling,1 family dwelling,2,11,Excelsior,94112,"{'latitude': '37.719579817616456', 'longitude': '-122.42798920948817', 'human_address': '{""address"": """", ""city"": """", ""state"": """", ""zip"": """"}'}",1.08E+12,,2,2,1,1,5,wood frame (5),5,wood frame (5),2007-02-23T00:00:00.000,,,,,
5ea1fcb8c2aeecdcc61c5042,M52482,8,otc alterations permit,2007-01-02T00:00:00.000,3753,177,920,Harrison,St,street space permit,issued,2007-01-02T00:00:00.000,2007-01-02T00:00:00.000,2007-01-02T00:00:00.000,,,0,,,,6,South of Market,94107,"{'latitude': '37.7787852565061', 'longitude': '-122.40256006222887', 'human_address': '{""address"": """", ""city"": """", ""state"": """", ""zip"": """"}'}",1.08E+12,1,,,,,,,,,,,,,,
5ea1fcb8c2aeecdcc61c5043,M52483,8,otc alterations permit,2007-01-02T00:00:00.000,1765,2,1319,10th,Av,sidewalk repair,issued,2007-01-02T00:00:00.000,2007-01-02T00:00:00.000,2007-01-02T00:00:00.000,,,0,,,,5,Inner Sunset,94122,"{'latitude': '37.763559151834365', 'longitude': '-122.4676808286765', 'human_address': '{""address"": """", ""city"": """", ""state"": """", ""zip"": """"}'}",1.08E+12,0,,,,,,,,,,,,,,
5ea1fcb8c2aeecdcc61c5044,2.01E+11,8,otc alterations permit,2007-01-02T00:00:00.000,257,12,600,Stockton,St,adding new sprinkler to existing room that has new wall added (fire sprinkler) (3rd floor),expired,2009-04-07T00:00:00.000,2007-01-02T00:00:00.000,2007-01-02T00:00:00.000,2007-05-02T00:00:00.000Z,1500,1500,apartments,apartments,2,3,Financial District/South Beach,94108,"{'latitude': '37.791840603110046', 'longitude': '-122.40683734317086', 'human_address': '{""address"": """", ""city"": """", ""state"": """", ""zip"": """"}'}",1.08E+12,,9,9,350,350,1,constr type 1,1,constr type 1,,,,,,
5ea1fcb8c2aeecdcc61c5045,M52502,8,otc alterations permit,2007-01-02T00:00:00.000,6528,023A,2965,Mission,St,sidewalk permit only.,issued,2007-01-02T00:00:00.000,2007-01-02T00:00:00.000,2007-01-02T00:00:00.000,,,0,,,,9,Mission,94110,"{'latitude': '37.74967596355268', 'longitude': '-122.41785270807726', 'human_address': '{""address"": """", ""city"": """", ""state"": """", ""zip"": """"}'}",1.08E+12,,,,,,,,,,,,,,,
5ea1fcb8c2aeecdcc61c5046,2.01E+11,8,otc alterations permit,2007-01-02T00:00:00.000,1234,33,1337,Page,St,replace dry rot on top landing of stairs. approximately 50 sq. ft. replace planks in landing. deck boards only.,expired,2008-05-07T00:00:00.000,2007-01-02T00:00:00.000,2007-01-02T00:00:00.000,2007-05-02T00:00:00.000Z,600,600,apartments,apartments,0,5,Haight Ashbury,94117,"{'latitude': '37.771201931056055', 'longitude': '-122.44281589826852', 'human_address': '{""address"": """", ""city"": """", ""state"": """", ""zip"": """"}'}",1.08E+11,,3,3,6,6,5,wood frame (5),5,wood frame (5),,,,,,
5ea1fcb8c2aeecdcc61c5047,2.01E+11,8,otc alterations permit,2007-01-02T00:00:00.000,294,1,301,Sutter,St,"basement: demo of (e) storage shelving and (e) toilet room, g/f: demo of (e) counters and fixtures, demo of (e) partitions and floor finishes non structural/demo permit #200610306364",complete,2007-04-25T00:00:00.000,2007-01-02T00:00:00.000,2007-01-02T00:00:00.000,2007-07-02T00:00:00.000Z,10000,10000,retail sales,retail sales,2,3,Financial District/South Beach,94108,"{'latitude': '37.78948309405725', 'longitude': '-122.40555056772713', 'human_address': '{""address"": """", ""city"": """", ""state"": """", ""zip"": """"}'}",1.08E+11,,3,3,0,0,3,constr type 3,3,constr type 3,2007-04-25T00:00:00.000,,,,,
5ea1fcb8c2aeecdcc61c5048,2.01E+11,8,otc alterations permit,2007-01-02T00:00:00.000,294,1,303,Sutter,St,"basement: demo of (e) storage shelving and (e) toilet room, g/f: demo of (e) counters and fixtures, demo of (e) partitions and floor finishes non structural/demo permit #200610306364",complete,2007-04-25T00:00:00.000,2007-01-02T00:00:00.000,2007-01-02T00:00:00.000,2007-07-02T00:00:00.000Z,10000,10000,retail sales,retail sales,2,3,Financial District/South Beach,94108,"{'latitude': '37.78948309405725', 'longitude': '-122.40555056772713', 'human_address': '{""address"": """", ""city"": """", ""state"": """", ""zip"": """"}'}",1.08E+12,,3,3,0,0,3,constr type 3,3,constr type 3,2007-04-25T00:00:00.000,,,,,
5ea1fcb8c2aeecdcc61c5049,M52522,8,otc alterations permit,2007-01-02T00:00:00.000,1275,59,350,Parnassus,Av,street space permit only.,issued,2007-01-02T00:00:00.000,2007-01-02T00:00:00.000,2007-01-02T00:00:00.000,,,0,,,,5,Inner Sunset,94117,"{'latitude': '37.764209952786146', 'longitude': '-122.45624770201354', 'human_address': '{""address"": """", ""city"": """", ""state"": """", ""zip"": """"}'}",1.08E+11,,,,,,,,,,,,,,,
5ea1fcb8c2aeecdcc61c504a,2.01E+11,8,otc alterations permit,2007-01-02T00:00:00.000,5410,14,42,Williams,Av,revised foundation plan and new retaining (short) walls at rear of building.,complete,2007-05-30T00:00:00.000,2007-01-02T00:00:00.000,2007-01-02T00:00:00.000,2007-07-02T00:00:00.000Z,8000,8000,2 family dwelling,2 family dwelling,2,10,Bayview Hunters Point,94124,"{'latitude': '37.72969653042299', 'longitude': '-122.39384577187312', 'human_address': '{""address"": """", ""city"": """", ""state"": """", ""zip"": """"}'}",1.08E+12,,3,3,2,2,5,wood frame (5),5,wood frame (5),2007-05-30T00:00:00.000,,,,,
5ea1fcb8c2aeecdcc61c504b,2.01E+11,8,otc alterations permit,2007-01-02T00:00:00.000,24,4,708,North Point,St,renew pa# 2001/05/23/9862 & pa# 2001/06/07/1036.,complete,2007-07-16T00:00:00.000,2007-01-02T00:00:00.000,2007-01-02T00:00:00.000,2007-05-02T00:00:00.000Z,3000,3000,apartments,apartments,0,,,,,1.08E+11,,3,3,3,3,5,wood frame (5),5,wood frame (5),2007-07-16T00:00:00.000,,,,,
5ea1fcb8c2aeecdcc61c504c,2.01E+11,4,sign - erect,2007-01-02T00:00:00.000,346,1,155,Hyde,St,to erect a single-faced non-electric wall sign,complete,2007-02-09T00:00:00.000,2007-01-02T00:00:00.000,2007-01-02T00:00:00.000,2007-05-02T00:00:00.000Z,,1400,retail sales,,2,6,Tenderloin,94102,"{'latitude': '37.78235034111151', 'longitude': '-122.41587492116783', 'human_address': '{""address"": """", ""city"": """", ""state"": """", ""zip"": """"}'}",1.08E+12,,,,,,,,,,2007-02-09T00:00:00.000,,,,,
5ea1fcb8c2aeecdcc61c504d,2.01E+11,3,additions alterations or repairs,2007-01-02T00:00:00.000,2803,2,4120,23rd,St,adding one bedroom with new bath at penthouse as per plan.,withdrawn,2008-06-06T00:00:00.000,2007-01-02T00:00:00.000,,,30000,,2 family dwelling,2 family dwelling,2,8,Noe Valley,94114,"{'latitude': '37.75310346399909', 'longitude': '-122.4348093727651', 'human_address': '{""address"": """", ""city"": """", ""state"": """", ""zip"": """"}'}",1.08E+12,,2,3,2,2,5,wood frame (5),5,wood frame (5),,Y,Y,,,
5ea1fcb8c2aeecdcc61c504e,2.01E+11,3,additions alterations or repairs,2007-01-02T00:00:00.000,2803,2,4122,23rd,St,adding one bedroom with new bath at penthouse as per plan.,withdrawn,2008-06-06T00:00:00.000,2007-01-02T00:00:00.000,,,30000,,2 family dwelling,2 family dwelling,2,8,Noe Valley,94114,"{'latitude': '37.75310346399909', 'longitude': '-122.4348093727651', 'human_address': '{""address"": """", ""city"": """", ""state"": """", ""zip"": """"}'}",1.08E+12,,2,3,2,2,5,wood frame (5),5,wood frame (5),,Y,Y,,,
5ea1fcb8c2aeecdcc61c504f,2.01E+11,8,otc alterations permit,2007-01-02T00:00:00.000,779,20,950,Steiner,St,replace extg wall to new fire wall and replace extg wndw with new glass block as per plan.,expired,2008-06-02T00:00:00.000,2007-01-02T00:00:00.000,2007-01-02T00:00:00.000,2007-05-02T00:00:00.000Z,1000,1000,apartments,apartments,2,5,Western Addition,94117,"{'latitude': '37.778232788241596', 'longitude': '-122.43319066648293', 'human_address': '{""address"": """", ""city"": """", ""state"": """", ""zip"": """"}'}",1.08E+11,,4,4,6,6,5,wood frame (5),5,wood frame (5),,,,,,
5ea1fcb9c2aeecdcc61c5050,M52563,8,otc alterations permit,2007-01-03T00:00:00.000,296,6,400,Post,St,street space,issued,2007-01-03T00:00:00.000,2007-01-03T00:00:00.000,2007-01-03T00:00:00.000,,,0,,,,3,Nob Hill,94102,"{'latitude': '37.7885124308055', 'longitude': '-122.40881241187822', 'human_address': '{""address"": """", ""city"": """", ""state"": """", ""zip"": """"}'}",1.08E+12,0,,,,,,,,,,,,,,
5ea1fcb9c2aeecdcc61c5051,M52585,8,otc alterations permit,2007-01-03T00:00:00.000,1013,14,3880,Sacramento,St,street space permit,issued,2007-01-03T00:00:00.000,2007-01-03T00:00:00.000,2007-01-03T00:00:00.000,,,0,,,,2,Presidio Heights,94118,"{'latitude': '37.78720305442757', 'longitude': '-122.45655278739959', 'human_address': '{""address"": """", ""city"": """", ""state"": """", ""zip"": """"}'}",1.08E+11,,,,,,,,,,,,,,,
5ea1fcb9c2aeecdcc61c5052,2.01E+11,8,otc alterations permit,2007-01-03T00:00:00.000,5667,5,223,Bocana,St,reroofing,issued,2007-01-03T00:00:00.000,2007-01-03T00:00:00.000,2007-01-03T00:00:00.000,2007-07-03T00:00:00.000Z,7880,7880,1 family dwelling,1 family dwelling,0,9,Bernal Heights,94110,"{'latitude': '37.74002300906008', 'longitude': '-122.41789105755952', 'human_address': '{""address"": """", ""city"": """", ""state"": """", ""zip"": """"}'}",1.08E+12,,,,,,,,,,,,,,,
5ea1fcb9c2aeecdcc61c5053,2.01E+11,8,otc alterations permit,2007-01-03T00:00:00.000,829,2,535,Buchanan,St,reroofing,issued,2007-01-03T00:00:00.000,2007-01-03T00:00:00.000,2007-01-03T00:00:00.000,2007-07-03T00:00:00.000Z,7480,7480,1 family dwelling,1 family dwelling,0,5,Hayes Valley,94102,"{'latitude': '37.774980361990345', 'longitude': '-122.42787104822868', 'human_address': '{""address"": """", ""city"": """", ""state"": """", ""zip"": """"}'}",1.08E+11,,,,,,,,,,,,,,,
5ea1fcb9c2aeecdcc61c5054,2.01E+11,8,otc alterations permit,2007-01-03T00:00:00.000,517,23,32,Pixley,St,repair extg stairs at front(less than 50%),issued,2007-01-03T00:00:00.000,2007-01-03T00:00:00.000,2007-01-03T00:00:00.000,2007-05-03T00:00:00.000Z,3000,3000,2 family dwelling,2 family dwelling,0,2,Marina,94123,"{'latitude': '37.79893945080456', 'longitude': '-122.43310292006439', 'human_address': '{""address"": """", ""city"": """", ""state"": """", ""zip"": """"}'}",1.08E+11,,3,3,2,2,5,wood frame (5),5,wood frame (5),,,,,,
5ea1fcb9c2aeecdcc61c5055,2.01E+11,8,otc alterations permit,2007-01-03T00:00:00.000,517,23,34,Pixley,St,repair extg stairs at front(less than 50%),issued,2007-01-03T00:00:00.000,2007-01-03T00:00:00.000,2007-01-03T00:00:00.000,2007-05-03T00:00:00.000Z,3000,3000,2 family dwelling,2 family dwelling,0,2,Marina,94123,"{'latitude': '37.79893945080456', 'longitude': '-122.43310292006439', 'human_address': '{""address"": """", ""city"": """", ""state"": """", ""zip"": """"}'}",1.08E+12,,3,3,2,2,5,wood frame (5),5,wood frame (5),,,,,,
5ea1fcb9c2aeecdcc61c5056,2.01E+11,8,otc alterations permit,2007-01-03T00:00:00.000,1302,18,22,25th,Av,dry rot repair at rear 200 sq ft(no structural changes),complete,2007-05-22T00:00:00.000,2007-01-03T00:00:00.000,2007-01-03T00:00:00.000,2007-07-03T00:00:00.000Z,12000,12000,1 family dwelling,1 family dwelling,0,2,Presidio,94121,"{'latitude': '37.789121015548126', 'longitude': '-122.48433083167862', 'human_address': '{""address"": """", ""city"": """", ""state"": """", ""zip"": """"}'}",1.08E+11,,2,2,1,1,5,wood frame (5),5,wood frame (5),2007-05-22T00:00:00.000,,,,,
5ea1fcb9c2aeecdcc61c5057,2.01E+11,8,otc alterations permit,2007-01-03T00:00:00.000,1621,40,704,24th,Av,"removed old roof, reroofing, install base sheet underlayament, install modified bitumen",complete,2019-01-08T00:00:00.000,2007-01-03T00:00:00.000,2007-01-03T00:00:00.000,2007-05-03T00:00:00.000Z,980,980,2 family dwelling,2 family dwelling,0,1,Outer Richmond,94121,"{'latitude': '37.776154617942495', 'longitude': '-122.4832111530609', 'human_address': '{""address"": """", ""city"": """", ""state"": """", ""zip"": """"}'}",1.08E+12,,2,2,2,2,5,wood frame (5),5,wood frame (5),2019-01-08T00:00:00.000,,,,,
5ea1fcb9c2aeecdcc61c5058,2.01E+11,8,otc alterations permit,2007-01-03T00:00:00.000,1282,17,1160,Stanyan,St,replace kchn cabinets. no lighting changes,complete,2007-01-25T00:00:00.000,2007-01-03T00:00:00.000,2007-01-03T00:00:00.000,2007-07-03T00:00:00.000Z,10000,10000,2 family dwelling,2 family dwelling,0,5,Haight Ashbury,94117,"{'latitude': '37.763145674772474', 'longitude': '-122.45199195297425', 'human_address': '{""address"": """", ""city"": """", ""state"": """", ""zip"": """"}'}",1.08E+11,,2,2,2,2,5,wood frame (5),5,wood frame (5),2007-01-25T00:00:00.000,,,,,
5ea1fcb9c2aeecdcc61c5059,2.01E+11,8,otc alterations permit,2007-01-03T00:00:00.000,6632,105,363,29th,St,voluntary seismic improvements at lowest story (basement/garage) only,complete,2009-02-20T00:00:00.000,2007-01-03T00:00:00.000,2007-01-03T00:00:00.000,2007-07-03T00:00:00.000Z,23500,23500,2 family dwelling,2 family dwelling,2,8,Noe Valley,94131,"{'latitude': '37.7434170291277', 'longitude': '-122.42814506450108', 'human_address': '{""address"": """", ""city"": """", ""state"": """", ""zip"": """"}'}",1.08E+12,0,2,2,2,2,5,wood frame (5),5,wood frame (5),2009-02-20T00:00:00.000,,,,,
5ea1fcb9c2aeecdcc61c505a,2.01E+11,8,otc alterations permit,2007-01-03T00:00:00.000,6632,104,361,29th,St,voluntary seismic improvements at lowest story (basement/garage) only,complete,2009-02-20T00:00:00.000,2007-01-03T00:00:00.000,2007-01-03T00:00:00.000,2007-07-03T00:00:00.000Z,23500,23500,2 family dwelling,2 family dwelling,2,8,Noe Valley,94131,"{'latitude': '37.7434170291277', 'longitude': '-122.42814506450108', 'human_address': '{""address"": """", ""city"": """", ""state"": """", ""zip"": """"}'}",1.08E+12,0,2,2,2,2,5,wood frame (5),5,wood frame (5),2009-02-20T00:00:00.000,,,,,
5ea1fcb9c2aeecdcc61c505b,2.01E+11,8,otc alterations permit,2007-01-03T00:00:00.000,1621,40,706,24th,Av,"removed old roof, reroofing, install base sheet underlayament, install modified bitumen",complete,2019-01-08T00:00:00.000,2007-01-03T00:00:00.000,2007-01-03T00:00:00.000,2007-05-03T00:00:00.000Z,980,980,2 family dwelling,2 family dwelling,0,1,Outer Richmond,94121,"{'latitude': '37.776154617942495', 'longitude': '-122.4832111530609', 'human_address': '{""address"": """", ""city"": """", ""state"": """", ""zip"": """"}'}",1.08E+12,,2,2,2,2,5,wood frame (5),5,wood frame (5),2019-01-08T00:00:00.000,,,,,
5ea1fcb9c2aeecdcc61c505c,2.01E+11,3,additions alterations or repairs,2007-01-03T00:00:00.000,231,23,2,Embarcadero Center,,"oti-1, boston consulting grp, 24/fl, el, me, l/s, sp.",complete,2007-07-26T00:00:00.000,2007-01-03T00:00:00.000,2007-01-30T00:00:00.000,2009-01-30T00:00:00.000Z,635000,746170,office,office,2,3,Financial District/South Beach,94111,"{'latitude': '37.79479859387513', 'longitude': '-122.39847275186533', 'human_address': '{""address"": """", ""city"": """", ""state"": """", ""zip"": """"}'}",1.08E+11,,28,28,0,0,1,constr type 1,1,constr type 1,2007-07-26T00:00:00.000,,,,,
5ea1fcb9c2aeecdcc61c505d,M52562,8,otc alterations permit,2007-01-03T00:00:00.000,3702,31,84,07th,St,street space permit,issued,2007-01-03T00:00:00.000,2007-01-03T00:00:00.000,2007-01-03T00:00:00.000,,,0,,,,6,South of Market,94103,"{'latitude': '37.77921556141061', 'longitude': '-122.41133424577785', 'human_address': '{""address"": """", ""city"": """", ""state"": """", ""zip"": """"}'}",1.08E+12,,,,,,,,,,,,,,,
5ea1fcb9c2aeecdcc61c505e,2.01E+11,8,otc alterations permit,2007-01-03T00:00:00.000,3583,81,4039,18th,St,"pa# 2004/01/12/3824 correct address from 4039-18th st to ""4039-18th st(restaurant); 4041-18th st(apt) 4041a-18th st (apt)",complete,2007-01-04T00:00:00.000,2007-01-03T00:00:00.000,2007-01-03T00:00:00.000,2007-05-03T00:00:00.000Z,1,1,1 family dwelling,2 family dwelling,0,8,Castro/Upper Market,94114,"{'latitude': '37.76077879399695', 'longitude': '-122.43364712416276', 'human_address': '{""address"": """", ""city"": """", ""state"": """", ""zip"": """"}'}",1.08E+12,,2,3,1,2,5,wood frame (5),5,wood frame (5),2007-01-04T00:00:00.000,,,,,
5ea1fcb9c2aeecdcc61c505f,2.01E+11,8,otc alterations permit,2007-01-03T00:00:00.000,3583,81,4041,18th,St,"pa# 2004/01/12/3824 correct address from 4039-18th st to ""4039-18th st(restaurant); 4041-18th st(apt) 4041a-18th st (apt)",complete,2007-01-04T00:00:00.000,2007-01-03T00:00:00.000,2007-01-03T00:00:00.000,2007-05-03T00:00:00.000Z,1,1,1 family dwelling,2 family dwelling,0,8,Castro/Upper Market,94114,"{'latitude': '37.76077879399695', 'longitude': '-122.43364712416276', 'human_address': '{""address"": """", ""city"": """", ""state"": """", ""zip"": """"}'}",1.08E+12,,2,3,1,2,5,wood frame (5),5,wood frame (5),2007-01-04T00:00:00.000,,,,,
5ea1fcb9c2aeecdcc61c5060,2.01E+11,8,otc alterations permit,2007-01-03T00:00:00.000,3583,81,4041,18th,St,"pa# 2004/01/12/3824 correct address from 4039-18th st to ""4039-18th st(restaurant); 4041-18th st(apt) 4041a-18th st (apt)",complete,2007-01-04T00:00:00.000,2007-01-03T00:00:00.000,2007-01-03T00:00:00.000,2007-05-03T00:00:00.000Z,1,1,1 family dwelling,2 family dwelling,0,8,Castro/Upper Market,94114,"{'latitude': '37.76077879399695', 'longitude': '-122.43364712416276', 'human_address': '{""address"": """", ""city"": """", ""state"": """", ""zip"": """"}'}",1.08E+12,,2,3,1,2,5,wood frame (5),5,wood frame (5),2007-01-04T00:00:00.000,,,A,,
5ea1fcb9c2aeecdcc61c5061,2.01E+11,8,otc alterations permit,2007-01-03T00:00:00.000,740,9,620,Eddy,St,"apt# 25, kitchen & bathroom remodel. apt# 43, kitchen & bathroom remodel. no structural. no lighting work on both.",complete,2007-05-09T00:00:00.000,2007-01-03T00:00:00.000,2007-01-03T00:00:00.000,2007-07-03T00:00:00.000Z,25000,25000,apartments,apartments,0,6,Tenderloin,94109,"{'latitude': '37.7835060196071', 'longitude': '-122.41808025881474', 'human_address': '{""address"": """", ""city"": """", ""state"": """", ""zip"": """"}'}",1.08E+11,,6,6,34,34,1,constr type 1,1,constr type 1,2007-05-09T00:00:00.000,,,,,
5ea1fcb9c2aeecdcc61c5062,2.01E+11,8,otc alterations permit,2007-01-03T00:00:00.000,321,38,725,Ofarrell,St,"apt# 48, kitchen & bathroom remodel. no structural. no lighting work. comply with his nov# 200685691.",complete,2007-05-21T00:00:00.000,2007-01-03T00:00:00.000,2007-01-03T00:00:00.000,2007-07-03T00:00:00.000Z,15000,15000,apartments,apartments,0,6,Tenderloin,94109,"{'latitude': '37.785038372434045', 'longitude': '-122.4167052215627', 'human_address': '{""address"": """", ""city"": """", ""state"": """", ""zip"": """"}'}",1.08E+11,,6,6,31,31,5,wood frame (5),5,wood frame (5),2007-05-21T00:00:00.000,,,,,
5ea1fcb9c2aeecdcc61c5063,M52542,8,otc alterations permit,2007-01-03T00:00:00.000,3583,81,4039,18th,St,verification and additional address,issued,2007-01-03T00:00:00.000,2007-01-03T00:00:00.000,2007-01-03T00:00:00.000,,,0,,,,8,Castro/Upper Market,94114,"{'latitude': '37.76077879399695', 'longitude': '-122.43364712416276', 'human_address': '{""address"": """", ""city"": """", ""state"": """", ""zip"": """"}'}",1.08E+12,,,,,,,,,,,,,,,
5ea1fcb9c2aeecdcc61c5064,M52542,8,otc alterations permit,2007-01-03T00:00:00.000,3583,81,4041,18th,St,verification and additional address,issued,2007-01-03T00:00:00.000,2007-01-03T00:00:00.000,2007-01-03T00:00:00.000,,,0,,,,8,Castro/Upper Market,94114,"{'latitude': '37.76077879399695', 'longitude': '-122.43364712416276', 'human_address': '{""address"": """", ""city"": """", ""state"": """", ""zip"": """"}'}",1.08E+12,,,,,,,,,,,,,,,
5ea1fcb9c2aeecdcc61c5065,M52542,8,otc alterations permit,2007-01-03T00:00:00.000,3583,81,4041,18th,St,verification and additional address,issued,2007-01-03T00:00:00.000,2007-01-03T00:00:00.000,2007-01-03T00:00:00.000,,,0,,,,8,Castro/Upper Market,94114,"{'latitude': '37.76077879399695', 'longitude': '-122.43364712416276', 'human_address': '{""address"": """", ""city"": """", ""state"": """", ""zip"": """"}'}",1.08E+12,,,,,,,,,,,,,A,,
5ea1fcb9c2aeecdcc61c5066,M52543,8,otc alterations permit,2007-01-03T00:00:00.000,6593,23,1509,Church,St,street space & sidewalk permit only.,issued,2007-01-03T00:00:00.000,2007-01-03T00:00:00.000,2007-01-03T00:00:00.000,,,0,,,,8,Noe Valley,94131,"{'latitude': '37.74665132768645', 'longitude': '-122.4266659825892', 'human_address': '{""address"": """", ""city"": """", ""state"": """", ""zip"": """"}'}",1.08E+12,,,,,,,,,,,,,,,
5ea1fcb9c2aeecdcc61c5067,M52544,8,otc alterations permit,2007-01-03T00:00:00.000,1473,4,7750,Geary,Bl,sidewalk permit only.,issued,2007-01-03T00:00:00.000,2007-01-03T00:00:00.000,2007-01-03T00:00:00.000,,,0,,,,1,Outer Richmond,94121,"{'latitude': '37.77980557137059', 'longitude': '-122.50273151308741', 'human_address': '{""address"": """", ""city"": """", ""state"": """", ""zip"": """"}'}",1.08E+12,,,,,,,,,,,,,,,
5ea1fcb9c2aeecdcc61c5068,2.01E+11,8,otc alterations permit,2007-01-03T00:00:00.000,233,44,4,Embarcadero Center,,17/fl. tenant improvements-build new wiring closet remodel existing fax room and build new av wall in conf. room. no increase in office space.,complete,2007-07-06T00:00:00.000,2007-01-03T00:00:00.000,2007-01-03T00:00:00.000,2008-01-03T00:00:00.000Z,35000,35000,office,office,2,3,Financial District/South Beach,94111,"{'latitude': '37.79506002552974', 'longitude': '-122.39593224461805', 'human_address': '{""address"": """", ""city"": """", ""state"": """", ""zip"": """"}'}",1.08E+11,,44,44,0,0,1,constr type 1,1,constr type 1,2007-07-06T00:00:00.000,,,,,
5ea1fcb9c2aeecdcc61c5069,2.01E+11,8,otc alterations permit,2007-01-03T00:00:00.000,233,44,4,Embarcadero Center,,16th floor - tenant improvements- upgrade existing equipment room for new equipment & add new wiring closet. no increase in office space. mechanical under separate permit.,complete,2007-07-06T00:00:00.000,2007-01-03T00:00:00.000,2007-01-03T00:00:00.000,2008-01-03T00:00:00.000Z,65000,65000,office,office,2,3,Financial District/South Beach,94111,"{'latitude': '37.79506002552974', 'longitude': '-122.39593224461805', 'human_address': '{""address"": """", ""city"": """", ""state"": """", ""zip"": """"}'}",1.08E+11,,44,44,0,0,1,constr type 1,1,constr type 1,2007-07-06T00:00:00.000,,,,,
5ea1fcb9c2aeecdcc61c506a,M52545,8,otc alterations permit,2007-01-03T00:00:00.000,3641,23,3182,24th,St,sidewalk permit only.,issued,2007-01-03T00:00:00.000,2007-01-03T00:00:00.000,2007-01-03T00:00:00.000,,,0,,,,9,Mission,94110,"{'latitude': '37.7525173058029', 'longitude': '-122.41596989133278', 'human_address': '{""address"": """", ""city"": """", ""state"": """", ""zip"": """"}'}",1.08E+12,,,,,,,,,,,,,,,
5ea1fcb9c2aeecdcc61c506b,M52545,8,otc alterations permit,2007-01-03T00:00:00.000,3641,23,3198,24th,St,sidewalk permit only.,issued,2007-01-03T00:00:00.000,2007-01-03T00:00:00.000,2007-01-03T00:00:00.000,,,0,,,,9,Mission,94110,"{'latitude': '37.7525173058029', 'longitude': '-122.41596989133278', 'human_address': '{""address"": """", ""city"": """", ""state"": """", ""zip"": """"}'}",1.08E+12,0,,,,,,,,,,,,,,
5ea1fcb9c2aeecdcc61c506c,2.01E+11,8,otc alterations permit,2007-01-03T00:00:00.000,233,44,4,Embarcadero Center,,18th floor - tenant improvements - build new wiring closet. no increase in office space.,complete,2007-09-20T00:00:00.000,2007-01-03T00:00:00.000,2007-01-03T00:00:00.000,2008-01-03T00:00:00.000Z,28000,28000,office,office,2,3,Financial District/South Beach,94111,"{'latitude': '37.79506002552974', 'longitude': '-122.39593224461805', 'human_address': '{""address"": """", ""city"": """", ""state"": """", ""zip"": """"}'}",1.08E+11,,44,44,0,0,1,constr type 1,1,constr type 1,2007-09-20T00:00:00.000,,,,,
5ea1fcb9c2aeecdcc61c506d,2.01E+11,8,otc alterations permit,2007-01-03T00:00:00.000,7210,11,76,Inverness,Dr,reroofing.,complete,2007-07-16T00:00:00.000,2007-01-03T00:00:00.000,2007-01-03T00:00:00.000,2007-07-03T00:00:00.000Z,8345,8345,1 family dwelling,1 family dwelling,0,7,Sunset/Parkside,94132,"{'latitude': '37.73288942772379', 'longitude': '-122.48251750732457', 'human_address': '{""address"": """", ""city"": """", ""state"": """", ""zip"": """"}'}",1.08E+12,,,,,,,,,,2007-07-16T00:00:00.000,,,,,
5ea1fcb9c2aeecdcc61c506e,2.01E+11,8,otc alterations permit,2007-01-03T00:00:00.000,550,020A,2344,Van Ness,Av,"work @ apt# 4 only. remodel kitchen & bath. sheetrock. kitchen, bath, living rooms. (electrical, plumbing work under separate permits).",complete,2007-09-20T00:00:00.000,2007-01-03T00:00:00.000,2007-01-03T00:00:00.000,2007-07-03T00:00:00.000Z,18000,18000,apartments,apartments,0,3,Russian Hill,94109,"{'latitude': '37.797287852178265', 'longitude': '-122.42334139652708', 'human_address': '{""address"": """", ""city"": """", ""state"": """", ""zip"": """"}'}",1.08E+11,,3,3,9,9,5,wood frame (5),5,wood frame (5),2007-09-20T00:00:00.000,,,,,
5ea1fcb9c2aeecdcc61c506f,M52546,8,otc alterations permit,2007-01-03T00:00:00.000,2614,88,167,Beaver,St,street space,issued,2007-01-03T00:00:00.000,2007-01-03T00:00:00.000,2007-01-03T00:00:00.000,,,0,,,,8,Castro/Upper Market,94114,"{'latitude': '37.76519200457511', 'longitude': '-122.43695272329116', 'human_address': '{""address"": """", ""city"": """", ""state"": """", ""zip"": """"}'}",1.08E+12,,,,,,,,,,,,,,,
5ea1fcb9c2aeecdcc61c5070,M52547,8,otc alterations permit,2007-01-03T00:00:00.000,161,20,1216,Stockton,St,street space,issued,2007-01-03T00:00:00.000,2007-01-03T00:00:00.000,2007-01-03T00:00:00.000,,,0,,,,3,Chinatown,94133,"{'latitude': '37.79701963800501', 'longitude': '-122.40825676434942', 'human_address': '{""address"": """", ""city"": """", ""state"": """", ""zip"": """"}'}",1.08E+12,0,,,,,,,,,,,,,,
5ea1fcb9c2aeecdcc61c5071,M52546,8,otc alterations permit,2007-01-03T00:00:00.000,2614,88,169,Beaver,St,street space,issued,2007-01-03T00:00:00.000,2007-01-03T00:00:00.000,2007-01-03T00:00:00.000,,,0,,,,8,Castro/Upper Market,94114,"{'latitude': '37.76519200457511', 'longitude': '-122.43695272329116', 'human_address': '{""address"": """", ""city"": """", ""state"": """", ""zip"": """"}'}",1.08E+12,,,,,,,,,,,,,,,
5ea1fcb9c2aeecdcc61c5072,2.01E+11,8,otc alterations permit,2007-01-03T00:00:00.000,1830,33,1450,24th,Av,reroofing,expired,2007-07-24T00:00:00.000,2007-01-03T00:00:00.000,2007-01-03T00:00:00.000,2007-05-03T00:00:00.000Z,3000,3000,1 family dwelling,1 family dwelling,0,4,Sunset/Parkside,94122,"{'latitude': '37.76057451544572', 'longitude': '-122.48196060524137', 'human_address': '{""address"": """", ""city"": """", ""state"": """", ""zip"": """"}'}",1.08E+12,,,,,,,,,,,,,,,
5ea1fcb9c2aeecdcc61c5073,M52548,8,otc alterations permit,2007-01-03T00:00:00.000,6663,35,143,Randall,St,street space permit,issued,2007-01-03T00:00:00.000,2007-01-03T00:00:00.000,2007-01-03T00:00:00.000,,,0,,,,8,Glen Park,94131,"{'latitude': '37.73949798012811', 'longitude': '-122.42650124959856', 'human_address': '{""address"": """", ""city"": """", ""state"": """", ""zip"": """"}'}",1.08E+12,,,,,,,,,,,,,,,
5ea1fcb9c2aeecdcc61c5074,M52549,8,otc alterations permit,2007-01-03T00:00:00.000,6529,1,2900,Mission,St,street space & sidewalk repair permit,issued,2007-01-03T00:00:00.000,2007-01-03T00:00:00.000,2007-01-03T00:00:00.000,,,0,,,,9,Mission,94110,"{'latitude': '37.750446079988734', 'longitude': '-122.41855190139987', 'human_address': '{""address"": """", ""city"": """", ""state"": """", ""zip"": """"}'}",1.08E+12,,,,,,,,,,,,,,,
5ea1fcb9c2aeecdcc61c5075,2.01E+11,8,otc alterations permit,2007-01-03T00:00:00.000,922,11,2222,Bay,St,"replace cabinets, counters & appliances in kitchen. replace tile & fixtures in 2 baths. only will change 50% of electrical voltage (or less).",complete,2007-11-20T00:00:00.000,2007-01-03T00:00:00.000,2007-01-03T00:00:00.000,2008-01-03T00:00:00.000Z,40000,40000,1 family dwelling,1 family dwelling,0,2,Marina,94123,"{'latitude': '37.80198883613823', 'longitude': '-122.44374877919802', 'human_address': '{""address"": """", ""city"": """", ""state"": """", ""zip"": """"}'}",1.08E+11,,1,1,1,1,5,wood frame (5),5,wood frame (5),2007-11-20T00:00:00.000,,,,,
5ea1fcb9c2aeecdcc61c5076,2.01E+11,8,otc alterations permit,2007-01-03T00:00:00.000,858,15,100,Webster,St,replace front steps in kind same as original.,complete,2007-05-16T00:00:00.000,2007-01-03T00:00:00.000,2007-01-03T00:00:00.000,2007-05-03T00:00:00.000Z,5000,5000,2 family dwelling,2 family dwelling,2,5,Hayes Valley,94102,"{'latitude': '37.77153414751733', 'longitude': '-122.42841889851438', 'human_address': '{""address"": """", ""city"": """", ""state"": """", ""zip"": """"}'}",1.08E+11,,3,3,2,2,5,wood frame (5),5,wood frame (5),2007-05-16T00:00:00.000,,,,,
5ea1fcb9c2aeecdcc61c5077,2.01E+11,8,otc alterations permit,2007-01-03T00:00:00.000,1019,7,3400,California,St,"suite 302-office t.i. framing, electrical, plumbing to facilitete new dental office, upgrade front entry for disabled access.",complete,2007-08-10T00:00:00.000,2007-01-03T00:00:00.000,2007-01-03T00:00:00.000,2008-01-03T00:00:00.000Z,99000,99000,office,office,2,2,Presidio Heights,94118,"{'latitude': '37.786961090897854', 'longitude': '-122.4504153631611', 'human_address': '{""address"": """", ""city"": """", ""state"": """", ""zip"": """"}'}",1.08E+11,,3,3,0,0,5,wood frame (5),5,wood frame (5),2007-08-10T00:00:00.000,,,,,
5ea1fcb9c2aeecdcc61c5078,2.01E+11,8,otc alterations permit,2007-01-03T00:00:00.000,858,15,102,Webster,St,replace front steps in kind same as original.,complete,2007-05-16T00:00:00.000,2007-01-03T00:00:00.000,2007-01-03T00:00:00.000,2007-05-03T00:00:00.000Z,5000,5000,2 family dwelling,2 family dwelling,2,5,Hayes Valley,94102,"{'latitude': '37.77153414751733', 'longitude': '-122.42841889851438', 'human_address': '{""address"": """", ""city"": """", ""state"": """", ""zip"": """"}'}",1.08E+12,,3,3,2,2,5,wood frame (5),5,wood frame (5),2007-05-16T00:00:00.000,,,,,
5ea1fcb9c2aeecdcc61c5079,2.01E+11,8,otc alterations permit,2007-01-03T00:00:00.000,567,45,1998,Broadway,,"upgrade and resurface kitchen cabients, new granite counter, all new appliances, relocate oven and electrical outlets. no change- less than 50% of voltage, no structural changes",complete,2007-03-28T00:00:00.000,2007-01-03T00:00:00.000,2007-01-03T00:00:00.000,2007-07-03T00:00:00.000Z,18000,18000,apartments,apartments,0,2,Pacific Heights,94123,"{'latitude': '37.79527582255174', 'longitude': '-122.42978783701675', 'human_address': '{""address"": """", ""city"": """", ""state"": """", ""zip"": """"}'}",1.08E+11,503,16,16,82,82,1,constr type 1,1,constr type 1,2007-03-28T00:00:00.000,,,,,
5ea1fcb9c2aeecdcc61c507a,2.01E+11,8,otc alterations permit,2007-01-03T00:00:00.000,6342,16,762,Edinburg,St,reroofing,expired,2007-11-16T00:00:00.000,2007-01-03T00:00:00.000,2007-01-03T00:00:00.000,2007-07-03T00:00:00.000Z,9200,9200,1 family dwelling,1 family dwelling,0,11,Excelsior,94112,"{'latitude': '37.71726148008134', 'longitude': '-122.43535180983467', 'human_address': '{""address"": """", ""city"": """", ""state"": """", ""zip"": """"}'}",1.08E+12,,,,,,,,,,,,,,,
5ea1fcb9c2aeecdcc61c507b,2.01E+11,3,additions alterations or repairs,2007-01-03T00:00:00.000,865,9,53,Potomac,St,"interior modifications & alterations to unit 1, interior improvements to (e) ground floor storage area (existing 3x6 stud walls to remain). rear windows at ground floor to be replaced with vinyl frame. double pane.",expired,2009-12-17T00:00:00.000,2007-01-03T00:00:00.000,2007-08-27T00:00:00.000,2008-08-27T00:00:00.000Z,35000,45300,apartments,apartments,2,8,Haight Ashbury,94117,"{'latitude': '37.76998198777702', 'longitude': '-122.43278540447395', 'human_address': '{""address"": """", ""city"": """", ""state"": """", ""zip"": """"}'}",1.08E+11,,3,3,5,5,5,wood frame (5),5,wood frame (5),,,,,,
5ea1fcb9c2aeecdcc61c507c,2.01E+11,3,additions alterations or repairs,2007-01-03T00:00:00.000,865,9,55,Potomac,St,"interior modifications & alterations to unit 1, interior improvements to (e) ground floor storage area (existing 3x6 stud walls to remain). rear windows at ground floor to be replaced with vinyl frame. double pane.",expired,2009-12-17T00:00:00.000,2007-01-03T00:00:00.000,2007-08-27T00:00:00.000,2008-08-27T00:00:00.000Z,35000,45300,apartments,apartments,2,8,Haight Ashbury,94117,"{'latitude': '37.76998198777702', 'longitude': '-122.43278540447395', 'human_address': '{""address"": """", ""city"": """", ""state"": """", ""zip"": """"}'}",1.08E+12,,3,3,5,5,5,wood frame (5),5,wood frame (5),,,,,,
5ea1fcb9c2aeecdcc61c507d,2.01E+11,3,additions alterations or repairs,2007-01-03T00:00:00.000,865,9,57,Potomac,St,"interior modifications & alterations to unit 1, interior improvements to (e) ground floor storage area (existing 3x6 stud walls to remain). rear windows at ground floor to be replaced with vinyl frame. double pane.",expired,2009-12-17T00:00:00.000,2007-01-03T00:00:00.000,2007-08-27T00:00:00.000,2008-08-27T00:00:00.000Z,35000,45300,apartments,apartments,2,8,Haight Ashbury,94117,"{'latitude': '37.76998198777702', 'longitude': '-122.43278540447395', 'human_address': '{""address"": """", ""city"": """", ""state"": """", ""zip"": """"}'}",1.08E+12,0,3,3,5,5,5,wood frame (5),5,wood frame (5),,,,,,
5ea1fcb9c2aeecdcc61c507e,2.01E+11,8,otc alterations permit,2007-01-03T00:00:00.000,6640,6,578,30th,St,replacing in kind plants on existing backyard deck. deck deck size is 10'x11'. no structural work involved.,expired,2007-09-12T00:00:00.000,2007-01-03T00:00:00.000,2007-01-03T00:00:00.000,2007-05-03T00:00:00.000Z,2100,2100,1 family dwelling,1 family dwelling,0,8,Noe Valley,94131,"{'latitude': '37.74199536398506', 'longitude': '-122.4326382341294', 'human_address': '{""address"": """", ""city"": """", ""state"": """", ""zip"": """"}'}",1.08E+12,,2,2,1,1,5,wood frame (5),5,wood frame (5),,,,,,
5ea1fcb9c2aeecdcc61c507f,2.01E+11,8,otc alterations permit,2007-01-03T00:00:00.000,6083,24,4675,Mission,St,"remove (e) partitions, add one handicap bathroom, change front door, relocate water heater",complete,2007-04-18T00:00:00.000,2007-01-03T00:00:00.000,2007-01-03T00:00:00.000,2008-01-03T00:00:00.000Z,26000,26000,office,office,2,11,Excelsior,94112,"{'latitude': '37.72340639171642', 'longitude': '-122.4354308118601', 'human_address': '{""address"": """", ""city"": """", ""state"": """", ""zip"": """"}'}",1.08E+12,,1,1,0,0,5,wood frame (5),5,wood frame (5),2007-04-18T00:00:00.000,,,,,
5ea1fcb9c2aeecdcc61c5080,2.01E+11,8,otc alterations permit,2007-01-03T00:00:00.000,2168,22,2090,Great,Hy,"unit 303: remodel kitchen, bathroom, add desk area.",complete,2007-06-19T00:00:00.000,2007-01-03T00:00:00.000,2007-01-03T00:00:00.000,2008-01-03T00:00:00.000Z,27000,27000,apartments,apartments,2,4,Sunset/Parkside,94116,"{'latitude': '37.747491071643836', 'longitude': '-122.50746033866602', 'human_address': '{""address"": """", ""city"": """", ""state"": """", ""zip"": """"}'}",1.08E+12,,3,3,18,18,5,wood frame (5),5,wood frame (5),2007-06-19T00:00:00.000,,,,,
5ea1fcb9c2aeecdcc61c5081,M52564,8,otc alterations permit,2007-01-03T00:00:00.000,7085,18,602,Randolph,St,street space,issued,2007-01-03T00:00:00.000,2007-01-03T00:00:00.000,2007-01-03T00:00:00.000,,,0,,,,11,Oceanview/Merced/Ingleside,94132,"{'latitude': '37.71451226398692', 'longitude': '-122.46814827929423', 'human_address': '{""address"": """", ""city"": """", ""state"": """", ""zip"": """"}'}",1.08E+12,,,,,,,,,,,,,,,
5ea1fcb9c2aeecdcc61c5082,2.01E+11,8,otc alterations permit,2007-01-03T00:00:00.000,3649,16,291,Chattanooga,St,"revision to app #200609132191 to rebuild rear stairs in kind to add additonal concrete side walk adjacent to deck for access, provide new electrical light fixture below deck surface at soffit, repair dry rot at extg sliding glass door extg to deck, replace extg sliding glass door, provide",issued,2007-01-03T00:00:00.000,2007-01-03T00:00:00.000,2007-01-03T00:00:00.000,2007-05-03T00:00:00.000Z,1500,1500,2 family dwelling,2 family dwelling,2,8,Noe Valley,94114,"{'latitude': '37.752079881120096', 'longitude': '-122.42604804283071', 'human_address': '{""address"": """", ""city"": """", ""state"": """", ""zip"": """"}'}",1.08E+12,,3,3,2,2,5,wood frame (5),5,wood frame (5),,,,,,
5ea1fcb9c2aeecdcc61c5083,M52582,8,otc alterations permit,2007-01-03T00:00:00.000,6616,14,36,Valley,St,street space & sidewalk,issued,2007-01-03T00:00:00.000,2007-01-03T00:00:00.000,2007-01-03T00:00:00.000,,,0,,,,8,Noe Valley,94110,"{'latitude': '37.74496395502768', 'longitude': '-122.42310235545759', 'human_address': '{""address"": """", ""city"": """", ""state"": """", ""zip"": """"}'}",1.08E+12,,,,,,,,,,,,,,,
5ea1fcb9c2aeecdcc61c5084,M52583,8,otc alterations permit,2007-01-03T00:00:00.000,1271,25,900,Cole,St,street space & sidewalk,issued,2007-01-03T00:00:00.000,2007-01-03T00:00:00.000,2007-01-03T00:00:00.000,,,0,,,,5,Haight Ashbury,94117,"{'latitude': '37.76557939843032', 'longitude': '-122.4496953623936', 'human_address': '{""address"": """", ""city"": """", ""state"": """", ""zip"": """"}'}",1.08E+11,,,,,,,,,,,,,,,
5ea1fcb9c2aeecdcc61c5085,2.01E+11,8,otc alterations permit,2007-01-03T00:00:00.000,233,44,4,Embarcadero Center,,"revised oti-1, 32nd floor. revision to pa# 2006/12/04/9038. delete scope of work.",complete,2007-01-30T00:00:00.000,2007-01-03T00:00:00.000,2007-01-03T00:00:00.000,2007-05-03T00:00:00.000Z,100,100,office,office,2,3,Financial District/South Beach,94111,"{'latitude': '37.79506002552974', 'longitude': '-122.39593224461805', 'human_address': '{""address"": """", ""city"": """", ""state"": """", ""zip"": """"}'}",1.08E+11,,40,40,0,0,1,constr type 1,1,constr type 1,2007-01-30T00:00:00.000,,,,,
5ea1fcb9c2aeecdcc61c5086,M52584,8,otc alterations permit,2007-01-03T00:00:00.000,2069,11,2533,Noriega,St,street space & sidewalk,issued,2007-01-03T00:00:00.000,2007-01-03T00:00:00.000,2007-01-03T00:00:00.000,,,0,,,,4,Sunset/Parkside,94122,"{'latitude': '37.753397612480235', 'longitude': '-122.49083490810457', 'human_address': '{""address"": """", ""city"": """", ""state"": """", ""zip"": """"}'}",1.08E+12,,,,,,,,,,,,,,,
5ea1fcb9c2aeecdcc61c5087,2.01E+11,8,otc alterations permit,2007-01-03T00:00:00.000,6083,23,4681,Mission,St,"remove (e) partitions, add one handicap bathrooms",complete,2007-04-18T00:00:00.000,2007-01-03T00:00:00.000,2007-01-03T00:00:00.000,2007-07-03T00:00:00.000Z,14000,20000,office,office,2,11,Excelsior,94112,"{'latitude': '37.723347549635', 'longitude': '-122.4354753519899', 'human_address': '{""address"": """", ""city"": """", ""state"": """", ""zip"": """"}'}",1.08E+12,,1,1,0,0,5,wood frame (5),5,wood frame (5),2007-04-18T00:00:00.000,,,,,
5ea1fcb9c2aeecdcc61c5088,2.01E+11,8,otc alterations permit,2007-01-03T00:00:00.000,233,44,4,Embarcadero Center,,electrical & mechanical work on 36th floor for pa# 2006/11/22/8404.,complete,2007-02-09T00:00:00.000,2007-01-03T00:00:00.000,2007-01-03T00:00:00.000,2007-07-03T00:00:00.000Z,8000,8000,office,office,2,3,Financial District/South Beach,94111,"{'latitude': '37.79506002552974', 'longitude': '-122.39593224461805', 'human_address': '{""address"": """", ""city"": """", ""state"": """", ""zip"": """"}'}",1.08E+11,,40,40,0,0,1,constr type 1,1,constr type 1,2007-02-09T00:00:00.000,,,,,
5ea1fcb9c2aeecdcc61c5089,M52586,8,otc alterations permit,2007-01-03T00:00:00.000,657,24,2458,Bush,St,sidewalk repair,issued,2007-01-03T00:00:00.000,2007-01-03T00:00:00.000,2007-01-03T00:00:00.000,,,0,,,,5,Pacific Heights,94115,"{'latitude': '37.786683732140546', 'longitude': '-122.43781532239619', 'human_address': '{""address"": """", ""city"": """", ""state"": """", ""zip"": """"}'}",1.08E+11,,,,,,,,,,,,,,,
5ea1fcb9c2aeecdcc61c508a,M52587,8,otc alterations permit,2007-01-03T00:00:00.000,3558,32,231,Sanchez,St,sidewalk repair,issued,2007-01-03T00:00:00.000,2007-01-03T00:00:00.000,2007-01-03T00:00:00.000,,,0,,,,8,Castro/Upper Market,94114,"{'latitude': '37.76531838656072', 'longitude': '-122.43061106912894', 'human_address': '{""address"": """", ""city"": """", ""state"": """", ""zip"": """"}'}",1.08E+12,,,,,,,,,,,,,,,
5ea1fcb9c2aeecdcc61c508b,M52587,8,otc alterations permit,2007-01-03T00:00:00.000,3558,32,233,Sanchez,St,sidewalk repair,issued,2007-01-03T00:00:00.000,2007-01-03T00:00:00.000,2007-01-03T00:00:00.000,,,0,,,,8,Castro/Upper Market,94114,"{'latitude': '37.76531838656072', 'longitude': '-122.43061106912894', 'human_address': '{""address"": """", ""city"": """", ""state"": """", ""zip"": """"}'}",1.08E+12,,,,,,,,,,,,,,,
5ea1fcb9c2aeecdcc61c508c,M52588,8,otc alterations permit,2007-01-03T00:00:00.000,657,011D,2454,Bush,St,sidewalk repair,issued,2007-01-03T00:00:00.000,2007-01-03T00:00:00.000,2007-01-03T00:00:00.000,,,0,,,,5,Pacific Heights,94115,"{'latitude': '37.78691742789319', 'longitude': '-122.43779869602983', 'human_address': '{""address"": """", ""city"": """", ""state"": """", ""zip"": """"}'}",1.08E+11,,,,,,,,,,,,,,,
5ea1fcb9c2aeecdcc61c508d,2.01E+11,8,otc alterations permit,2007-01-03T00:00:00.000,163,12,592,Pacific,Av,provide accessibilty for first floor by installations new ada bathroom on 1st floor for umb buildings,complete,2007-05-02T00:00:00.000,2007-01-03T00:00:00.000,2007-01-03T00:00:00.000,2007-07-03T00:00:00.000Z,8000,8000,office,office,2,3,North Beach,94133,"{'latitude': '37.797232670953534', 'longitude': '-122.4051544012308', 'human_address': '{""address"": """", ""city"": """", ""state"": """", ""zip"": """"}'}",1.08E+11,,2,2,0,0,3,constr type 3,3,constr type 3,2007-05-02T00:00:00.000,,,,,
5ea1fcb9c2aeecdcc61c508e,2.01E+11,8,otc alterations permit,2007-01-03T00:00:00.000,163,12,596,Pacific,Av,provide accessibilty for first floor by installations new ada bathroom on 1st floor for umb buildings,complete,2007-05-02T00:00:00.000,2007-01-03T00:00:00.000,2007-01-03T00:00:00.000,2007-07-03T00:00:00.000Z,8000,8000,office,office,2,3,North Beach,94133,"{'latitude': '37.797232670953534', 'longitude': '-122.4051544012308', 'human_address': '{""address"": """", ""city"": """", ""state"": """", ""zip"": """"}'}",1.08E+12,,2,2,0,0,3,constr type 3,3,constr type 3,2007-05-02T00:00:00.000,,,,,
5ea1fcb9c2aeecdcc61c508f,2.01E+11,8,otc alterations permit,2007-01-03T00:00:00.000,955,23,2775,Green,St,"new stucco on rear elevation. replace (e) stucco, new paper & lathe, approx 850 sq. ft. (not visible from street).",complete,2007-09-20T00:00:00.000,2007-01-03T00:00:00.000,2007-01-03T00:00:00.000,2007-07-03T00:00:00.000Z,16000,16000,1 family dwelling,1 family dwelling,0,2,Pacific Heights,94123,"{'latitude': '37.79468232336658', 'longitude': '-122.44465200431452', 'human_address': '{""address"": """", ""city"": """", ""state"": """", ""zip"": """"}'}",1.08E+11,,4,4,1,1,5,wood frame (5),5,wood frame (5),2007-09-20T00:00:00.000,,,,,
5ea1fcb9c2aeecdcc61c5090,2.01E+11,8,otc alterations permit,2007-01-03T00:00:00.000,4100,030B,501,Connecticut,St,"demo permit for street level retail tenant improvement. no changes to envelope,no change to occupancy no structural work until this permit. see app#200612119615 for all proposed work.",issued,2007-01-03T00:00:00.000,2007-01-03T00:00:00.000,2007-01-03T00:00:00.000,2007-05-03T00:00:00.000Z,1000,1000,food/beverage hndlng,food/beverage hndlng,2,10,Potrero Hill,94107,"{'latitude': '37.75984798080597', 'longitude': '-122.39696923437235', 'human_address': '{""address"": """", ""city"": """", ""state"": """", ""zip"": """"}'}",1.08E+12,,1,1,0,0,5,wood frame (5),5,wood frame (5),,,,,,
5ea1fcb9c2aeecdcc61c5091,2.01E+11,8,otc alterations permit,2007-01-03T00:00:00.000,955,23,2775,Green,St,renew pa# 2006/07/24/7412 & pa# 2005/11/02/7228 for final inspection only.,complete,2007-09-20T00:00:00.000,2007-01-03T00:00:00.000,2007-01-03T00:00:00.000,2007-05-03T00:00:00.000Z,1,1,1 family dwelling,1 family dwelling,0,2,Pacific Heights,94123,"{'latitude': '37.79468232336658', 'longitude': '-122.44465200431452', 'human_address': '{""address"": """", ""city"": """", ""state"": """", ""zip"": """"}'}",1.08E+11,,4,4,1,1,5,wood frame (5),5,wood frame (5),2007-09-20T00:00:00.000,,,,,
5ea1fcb9c2aeecdcc61c5092,2.01E+11,8,otc alterations permit,2007-01-03T00:00:00.000,2435,36,2599,34th,Av,reroofing,issued,2007-01-03T00:00:00.000,2007-01-03T00:00:00.000,2007-01-03T00:00:00.000,2007-07-03T00:00:00.000Z,15300,15300,apartments,apartments,0,4,Sunset/Parkside,94116,"{'latitude': '37.738821380820404', 'longitude': '-122.49168826545507', 'human_address': '{""address"": """", ""city"": """", ""state"": """", ""zip"": """"}'}",1.08E+12,,,,,,,,,,,,,,,
5ea1fcb9c2aeecdcc61c5093,M52602,8,otc alterations permit,2007-01-03T00:00:00.000,6528,38,2985,Mission,St,sidewalk permit only.,issued,2007-01-03T00:00:00.000,2007-01-03T00:00:00.000,2007-01-03T00:00:00.000,,,0,,,,9,Mission,94110,"{'latitude': '37.74941444045446', 'longitude': '-122.41782767998272', 'human_address': '{""address"": """", ""city"": """", ""state"": """", ""zip"": """"}'}",1.08E+12,,,,,,,,,,,,,,,
5ea1fcb9c2aeecdcc61c5094,M52602,8,otc alterations permit,2007-01-03T00:00:00.000,6528,38,2989,Mission,St,sidewalk permit only.,issued,2007-01-03T00:00:00.000,2007-01-03T00:00:00.000,2007-01-03T00:00:00.000,,,0,,,,9,Mission,94110,"{'latitude': '37.74941444045446', 'longitude': '-122.41782767998272', 'human_address': '{""address"": """", ""city"": """", ""state"": """", ""zip"": """"}'}",1.08E+12,,,,,,,,,,,,,,,
5ea1fcb9c2aeecdcc61c5095,2.01E+11,8,otc alterations permit,2007-01-03T00:00:00.000,1334,015B,184,25th,Av,reroofing,issued,2007-01-03T00:00:00.000,2007-01-03T00:00:00.000,2007-01-03T00:00:00.000,2007-07-03T00:00:00.000Z,13750,13750,1 family dwelling,1 family dwelling,0,2,Seacliff,94121,"{'latitude': '37.78609446841356', 'longitude': '-122.48494559599249', 'human_address': '{""address"": """", ""city"": """", ""state"": """", ""zip"": """"}'}",1.08E+11,,,,,,,,,,,,,,,
5ea1fcb9c2aeecdcc61c5096,2.01E+11,8,otc alterations permit,2007-01-03T00:00:00.000,3604,95,713,Noe,St,bathroom remodel new fixtures at finishes. no new floor area or moved walls,complete,2007-04-09T00:00:00.000,2007-01-03T00:00:00.000,2007-01-03T00:00:00.000,2008-01-03T00:00:00.000Z,30000,30000,1 family dwelling,1 family dwelling,2,8,Castro/Upper Market,94114,"{'latitude': '37.757479735945005', 'longitude': '-122.43210957256163', 'human_address': '{""address"": """", ""city"": """", ""state"": """", ""zip"": """"}'}",1.08E+12,713,3,3,2,2,5,wood frame (5),5,wood frame (5),2007-04-09T00:00:00.000,,,,,
5ea1fcb9c2aeecdcc61c5097,2.01E+11,3,additions alterations or repairs,2007-01-03T00:00:00.000,296,13,575,Sutter,St,2/fl - build out 4 new vacant tenant suites on 2/fl fr (e) building shell space & construct 1-hr rated corrider. construct new offices within each suite. install plumbing hookups within suites for future restroom buildouts. new finishes throughout.mech under separate permit.complaint #200679767.,complete,2008-02-07T00:00:00.000,2007-01-03T00:00:00.000,2007-08-29T00:00:00.000,2008-08-29T00:00:00.000Z,280000,280000,office,office,2,3,Nob Hill,94102,"{'latitude': '37.788796048444254', 'longitude': '-122.40971046192098', 'human_address': '{""address"": """", ""city"": """", ""state"": """", ""zip"": """"}'}",1.08E+11,,3,3,0,0,3,constr type 3,3,constr type 3,2008-02-07T00:00:00.000,,,,,
5ea1fcb9c2aeecdcc61c5098,M52603,8,otc alterations permit,2007-01-03T00:00:00.000,3590,25,2271,Mission,St,sidewalk permit only.,issued,2007-01-03T00:00:00.000,2007-01-03T00:00:00.000,2007-01-03T00:00:00.000,,,0,,,,9,Mission,94110,"{'latitude': '37.76071403026909', 'longitude': '-122.41889626874202', 'human_address': '{""address"": """", ""city"": """", ""state"": """", ""zip"": """"}'}",1.08E+12,,,,,,,,,,,,,,,
5ea1fcb9c2aeecdcc61c5099,M52603,8,otc alterations permit,2007-01-03T00:00:00.000,3590,25,2275,Mission,St,sidewalk permit only.,issued,2007-01-03T00:00:00.000,2007-01-03T00:00:00.000,2007-01-03T00:00:00.000,,,0,,,,9,Mission,94110,"{'latitude': '37.76071403026909', 'longitude': '-122.41889626874202', 'human_address': '{""address"": """", ""city"": """", ""state"": """", ""zip"": """"}'}",1.08E+12,,,,,,,,,,,,,,,
5ea1fcb9c2aeecdcc61c509a,2.01E+11,3,additions alterations or repairs,2007-01-03T00:00:00.000,3787,18,244,Townsend,St,"revision to pa# 2004/10/26/7745. complete (e) facade to match (e) surrounding finishing. structural alteration to entry ways, add new shear wall. add new storefront windows & doors. add cap to open chase to roof.",expired,2007-10-19T00:00:00.000,2007-01-03T00:00:00.000,2007-02-28T00:00:00.000,2008-02-29T00:00:00.000Z,248000,14000,office,office,2,6,South of Market,94107,"{'latitude': '37.778265006252326', 'longitude': '-122.39388190504624', 'human_address': '{""address"": """", ""city"": """", ""state"": """", ""zip"": """"}'}",1.08E+12,,1,1,0,0,5,wood frame (5),5,wood frame (5),,,,,,
5ea1fcb9c2aeecdcc61c509b,2.01E+11,8,otc alterations permit,2007-01-03T00:00:00.000,53,4,428,Chestnut,St,reroofing,issued,2007-01-03T00:00:00.000,2007-01-03T00:00:00.000,2007-01-03T00:00:00.000,2007-07-03T00:00:00.000Z,14450,14450,apartments,apartments,0,3,North Beach,94133,"{'latitude': '37.80438862049285', 'longitude': '-122.41047680987249', 'human_address': '{""address"": """", ""city"": """", ""state"": """", ""zip"": """"}'}",1.08E+12,,,,,,,,,,,,,,,
5ea1fcb9c2aeecdcc61c509c,2.01E+11,8,otc alterations permit,2007-01-03T00:00:00.000,53,4,430,Chestnut,St,reroofing,issued,2007-01-03T00:00:00.000,2007-01-03T00:00:00.000,2007-01-03T00:00:00.000,2007-07-03T00:00:00.000Z,14450,14450,apartments,apartments,0,3,North Beach,94133,"{'latitude': '37.80438862049285', 'longitude': '-122.41047680987249', 'human_address': '{""address"": """", ""city"": """", ""state"": """", ""zip"": """"}'}",1.08E+12,,,,,,,,,,,,,,,
5ea1fcb9c2aeecdcc61c509d,2.01E+11,8,otc alterations permit,2007-01-03T00:00:00.000,53,4,432,Chestnut,St,reroofing,issued,2007-01-03T00:00:00.000,2007-01-03T00:00:00.000,2007-01-03T00:00:00.000,2007-07-03T00:00:00.000Z,14450,14450,apartments,apartments,0,3,North Beach,94133,"{'latitude': '37.80438862049285', 'longitude': '-122.41047680987249', 'human_address': '{""address"": """", ""city"": """", ""state"": """", ""zip"": """"}'}",1.08E+12,,,,,,,,,,,,,,,
5ea1fcb9c2aeecdcc61c509e,2.01E+11,8,otc alterations permit,2007-01-03T00:00:00.000,7094,12,74,Lobos,St,revision for excavation at 72 lobos st property line. install new 3x lagging/shoring. comply with correction notice issued on 10/24/06,complete,2009-08-28T00:00:00.000,2007-01-03T00:00:00.000,2007-01-03T00:00:00.000,2007-07-03T00:00:00.000Z,6000,6000,1 family dwelling,1 family dwelling,2,11,Oceanview/Merced/Ingleside,94112,"{'latitude': '37.71518707240587', 'longitude': '-122.45515059451459', 'human_address': '{""address"": """", ""city"": """", ""state"": """", ""zip"": """"}'}",1.08E+12,,1,1,1,1,5,wood frame (5),5,wood frame (5),2009-08-28T00:00:00.000,,,,,
5ea1fcb9c2aeecdcc61c509f,M52622,8,otc alterations permit,2007-01-03T00:00:00.000,1887,16,1594,42nd,Av,street space permit,issued,2007-01-03T00:00:00.000,2007-01-03T00:00:00.000,2007-01-03T00:00:00.000,,,0,,,,4,Sunset/Parkside,94122,"{'latitude': '37.75703769280017', 'longitude': '-122.50114266143139', 'human_address': '{""address"": """", ""city"": """", ""state"": """", ""zip"": """"}'}",1.08E+12,,,,,,,,,,,,,,,
5ea1fcb9c2aeecdcc61c50a0,2.01E+11,8,otc alterations permit,2007-01-03T00:00:00.000,701,4,1581,Webster,St,as builts requested by fire inspector relocated 3 heads for new hallway & ceiling heads done by others,complete,2007-02-05T00:00:00.000,2007-01-03T00:00:00.000,2007-01-03T00:00:00.000,2007-05-03T00:00:00.000Z,2400,2400,office,office,2,,,,,1.08E+12,,1,1,0,0,3,constr type 3,3,constr type 3,2007-02-05T00:00:00.000,,,,,
5ea1fcb9c2aeecdcc61c50a1,2.01E+11,8,otc alterations permit,2007-01-03T00:00:00.000,7056,32,111,Thrift,St,legalize rooms on garage level. to comply w/ & correct to violation #200683876,complete,2007-06-14T00:00:00.000,2007-01-03T00:00:00.000,2007-01-03T00:00:00.000,2007-07-03T00:00:00.000Z,25000,25000,1 family dwelling,1 family dwelling,2,11,Oceanview/Merced/Ingleside,94112,"{'latitude': '37.71722251026894', 'longitude': '-122.45658683716051', 'human_address': '{""address"": """", ""city"": """", ""state"": """", ""zip"": """"}'}",1.08E+12,,2,2,1,1,5,wood frame (5),5,wood frame (5),2007-06-14T00:00:00.000,,,,,
5ea1fcb9c2aeecdcc61c50a2,M52623,8,otc alterations permit,2007-01-03T00:00:00.000,1637,25,650,08th,Av,street space permit,issued,2007-01-03T00:00:00.000,2007-01-03T00:00:00.000,2007-01-03T00:00:00.000,,,0,,,,1,Inner Richmond,94118,"{'latitude': '37.77618136554926', 'longitude': '-122.46575531780914', 'human_address': '{""address"": """", ""city"": """", ""state"": """", ""zip"": """"}'}",1.08E+12,,,,,,,,,,,,,,,
5ea1fcb9c2aeecdcc61c50a3,2.01E+11,8,otc alterations permit,2007-01-03T00:00:00.000,7094,32,72,Lobos,St,install  new 3x lagging/shoring at 74 lobos st underpin extg bldg foundation approx 10 linear feet at 72 lobos st. reffer to revision to approved appl. #200508039381,complete,2009-08-28T00:00:00.000,2007-01-03T00:00:00.000,2007-01-03T00:00:00.000,2007-05-03T00:00:00.000Z,500,500,1 family dwelling,1 family dwelling,2,11,Oceanview/Merced/Ingleside,94112,"{'latitude': '37.71518759850341', 'longitude': '-122.45506416784788', 'human_address': '{""address"": """", ""city"": """", ""state"": """", ""zip"": """"}'}",1.08E+12,,2,2,1,1,5,wood frame (5),5,wood frame (5),2009-08-28T00:00:00.000,,,,,
5ea1fcb9c2aeecdcc61c50a4,2.01E+11,3,additions alterations or repairs,2007-01-03T00:00:00.000,230,28,1,Embarcadero Center,,"17th floor only - reinforcement of floor slab to support new files, 17th fl, structural oti-1 #200609273477. no increase in office space.",expired,2009-02-10T00:00:00.000,2007-01-03T00:00:00.000,2007-01-17T00:00:00.000,2007-07-17T00:00:00.000Z,10000,10000,office,office,2,3,Financial District/South Beach,94111,"{'latitude': '37.79464865862657', 'longitude': '-122.39964659799554', 'human_address': '{""address"": """", ""city"": """", ""state"": """", ""zip"": """"}'}",1.08E+11,,46,46,0,0,1,constr type 1,1,constr type 1,,,,,,
5ea1fcb9c2aeecdcc61c50a5,M52624,8,otc alterations permit,2007-01-03T00:00:00.000,765,3,350,Mcallister,St,street space permit,issued,2007-01-03T00:00:00.000,2007-01-03T00:00:00.000,2007-01-03T00:00:00.000,,,0,,,,6,Tenderloin,94102,"{'latitude': '37.781041578523926', 'longitude': '-122.41791138747561', 'human_address': '{""address"": """", ""city"": """", ""state"": """", ""zip"": """"}'}",1.08E+11,,,,,,,,,,,,,,,
5ea1fcb9c2aeecdcc61c50a6,2.01E+11,8,otc alterations permit,2007-01-03T00:00:00.000,6020,40,647,Brazil,Av,renewal of permit #78900 to convert into living quarter. remove limited commercial use (abandoned more than 20 years). current use of property-residential only. no new construction & no change in structure needed.,complete,2007-03-30T00:00:00.000,2007-01-03T00:00:00.000,2007-01-03T00:00:00.000,2007-05-03T00:00:00.000Z,1,1,office,1 family dwelling,2,11,Excelsior,94112,"{'latitude': '37.72221093094206', 'longitude': '-122.42932778349939', 'human_address': '{""address"": """", ""city"": """", ""state"": """", ""zip"": """"}'}",1.08E+12,,1,1,1,1,5,wood frame (5),5,wood frame (5),2007-03-30T00:00:00.000,,,,,
5ea1fcb9c2aeecdcc61c50a7,2.01E+11,8,otc alterations permit,2007-01-03T00:00:00.000,952,14,2574,Green,St,"renew pa# 200508099857, 200502085088 & 200507288917",expired,2008-02-05T00:00:00.000,2007-01-03T00:00:00.000,2007-01-03T00:00:00.000,2007-05-03T00:00:00.000Z,1,1,1 family dwelling,1 family dwelling,0,2,Marina,94123,"{'latitude': '37.795668444856915', 'longitude': '-122.4414161181534', 'human_address': '{""address"": """", ""city"": """", ""state"": """", ""zip"": """"}'}",1.08E+11,,4,4,1,1,5,wood frame (5),5,wood frame (5),,,,,,
5ea1fcb9c2aeecdcc61c50a8,2.01E+11,8,otc alterations permit,2007-01-03T00:00:00.000,918,004A,3460,Baker,St,"renew pa# 200603166829, 200603235250.",complete,2007-01-04T00:00:00.000,2007-01-03T00:00:00.000,2007-01-03T00:00:00.000,2007-05-03T00:00:00.000Z,1,1,1 family dwelling,1 family dwelling,0,2,Marina,94123,"{'latitude': '37.80315450886029', 'longitude': '-122.44662995016387', 'human_address': '{""address"": """", ""city"": """", ""state"": """", ""zip"": """"}'}",1.08E+11,,4,4,1,1,5,wood frame (5),5,wood frame (5),2007-01-04T00:00:00.000,,,,,
5ea1fcb9c2aeecdcc61c50a9,2.01E+11,8,otc alterations permit,2007-01-03T00:00:00.000,3602,33,241,Hartford,St,"replace some dryrotted studs (@5-8) at the rear wall of 1st floor, in kind revision to 200512160557",expired,2008-07-08T00:00:00.000,2007-01-03T00:00:00.000,2007-01-03T00:00:00.000,2007-05-03T00:00:00.000Z,200,200,2 family dwelling,2 family dwelling,0,8,Castro/Upper Market,94114,"{'latitude': '37.7587107388066', 'longitude': '-122.4333620117638', 'human_address': '{""address"": """", ""city"": """", ""state"": """", ""zip"": """"}'}",1.08E+12,,2,2,2,2,5,wood frame (5),5,wood frame (5),,,,,,
5ea1fcb9c2aeecdcc61c50aa,2.01E+11,8,otc alterations permit,2007-01-03T00:00:00.000,262,13,255,California,St,relocate 6 fire sprinklers on the 4th floor only,complete,2007-06-14T00:00:00.000,2007-01-03T00:00:00.000,2007-01-03T00:00:00.000,2007-05-03T00:00:00.000Z,2400,2400,office,office,2,3,Financial District/South Beach,94111,"{'latitude': '37.792962974036634', 'longitude': '-122.39950975756949', 'human_address': '{""address"": """", ""city"": """", ""state"": """", ""zip"": """"}'}",1.08E+11,,15,15,0,0,1,constr type 1,1,constr type 1,2007-06-14T00:00:00.000,,,,,
5ea1fcb9c2aeecdcc61c50ab,2.01E+11,8,otc alterations permit,2007-01-03T00:00:00.000,3602,33,241,Hartford,St,renew application 3200512160557,expired,2008-07-08T00:00:00.000,2007-01-03T00:00:00.000,2007-01-03T00:00:00.000,2007-05-03T00:00:00.000Z,500,1,2 family dwelling,2 family dwelling,0,8,Castro/Upper Market,94114,"{'latitude': '37.7587107388066', 'longitude': '-122.4333620117638', 'human_address': '{""address"": """", ""city"": """", ""state"": """", ""zip"": """"}'}",1.08E+12,,2,2,2,2,5,wood frame (5),5,wood frame (5),,,,,,
5ea1fcb9c2aeecdcc61c50ac,2.01E+11,8,otc alterations permit,2007-01-03T00:00:00.000,262,13,255,California,St,relocate 8 and plug 2 on the 4th floor only,complete,2007-06-06T00:00:00.000,2007-01-03T00:00:00.000,2007-01-03T00:00:00.000,2007-05-03T00:00:00.000Z,3200,3200,office,office,2,3,Financial District/South Beach,94111,"{'latitude': '37.792962974036634', 'longitude': '-122.39950975756949', 'human_address': '{""address"": """", ""city"": """", ""state"": """", ""zip"": """"}'}",1.08E+11,,15,15,0,0,1,constr type 1,1,constr type 1,2007-06-06T00:00:00.000,,,,,
5ea1fcb9c2aeecdcc61c50ad,2.01E+11,8,otc alterations permit,2007-01-03T00:00:00.000,2323,12,2279,26th,Av,"replace 19 windows size for size, visable from st, front window wil be replace w/wood windows.",complete,2007-05-09T00:00:00.000,2007-01-03T00:00:00.000,2007-01-03T00:00:00.000,2007-07-03T00:00:00.000Z,17800,17800,1 family dwelling,1 family dwelling,0,4,Sunset/Parkside,94116,"{'latitude': '37.744990616357015', 'longitude': '-122.48368064621246', 'human_address': '{""address"": """", ""city"": """", ""state"": """", ""zip"": """"}'}",1.08E+12,,2,2,1,1,5,wood frame (5),5,wood frame (5),2007-05-09T00:00:00.000,,,,,
5ea1fcb9c2aeecdcc61c50ae,M52642,8,otc alterations permit,2007-01-03T00:00:00.000,3610,19,2485,Mission,St,sidewalk permit,issued,2007-01-03T00:00:00.000,2007-01-03T00:00:00.000,2007-01-03T00:00:00.000,,,0,,,,9,Mission,94110,"{'latitude': '37.75725843351711', 'longitude': '-122.41860450913026', 'human_address': '{""address"": """", ""city"": """", ""state"": """", ""zip"": """"}'}",1.08E+12,,,,,,,,,,,,,,,
5ea1fcb9c2aeecdcc61c50af,M52642,8,otc alterations permit,2007-01-03T00:00:00.000,3610,19,2491,Mission,St,sidewalk permit,issued,2007-01-03T00:00:00.000,2007-01-03T00:00:00.000,2007-01-03T00:00:00.000,,,0,,,,9,Mission,94110,"{'latitude': '37.75725843351711', 'longitude': '-122.41860450913026', 'human_address': '{""address"": """", ""city"": """", ""state"": """", ""zip"": """"}'}",1.08E+12,,,,,,,,,,,,,,,
5ea1fcb9c2aeecdcc61c50b0,2.01E+11,8,otc alterations permit,2007-01-03T00:00:00.000,2404,16,2487,21st,Av,"replace 3 windows & 2 patio doors, size to size.",complete,2007-02-08T00:00:00.000,2007-01-03T00:00:00.000,2007-01-03T00:00:00.000,2007-07-03T00:00:00.000Z,9659,9659,1 family dwelling,1 family dwelling,0,4,Sunset/Parkside,94116,"{'latitude': '37.74141262807023', 'longitude': '-122.47805511314857', 'human_address': '{""address"": """", ""city"": """", ""state"": """", ""zip"": """"}'}",1.08E+12,,2,2,1,1,5,wood frame (5),5,wood frame (5),2007-02-08T00:00:00.000,,,,,
5ea1fcb9c2aeecdcc61c50b1,2.01E+11,8,otc alterations permit,2007-01-03T00:00:00.000,6603,17,440,28th,St,revision to pa# 2006/05/18/1956 permitted 5 windows. onlly replacing 3 windows. for records only.,expired,2007-08-21T00:00:00.000,2007-01-03T00:00:00.000,2007-01-03T00:00:00.000,2007-05-03T00:00:00.000Z,1,1,1 family dwelling,1 family dwelling,0,8,Noe Valley,94131,"{'latitude': '37.74520670696469', 'longitude': '-122.43238621334818', 'human_address': '{""address"": """", ""city"": """", ""state"": """", ""zip"": """"}'}",1.08E+12,,2,2,1,1,5,wood frame (5),5,wood frame (5),,,,,,
5ea1fcb9c2aeecdcc61c50b2,M52662,8,otc alterations permit,2007-01-03T00:00:00.000,2614,46,267,Roosevelt,Wy,street space permit,issued,2007-01-03T00:00:00.000,2007-01-03T00:00:00.000,2007-01-03T00:00:00.000,,,0,,,,8,Castro/Upper Market,94114,"{'latitude': '37.765577455029344', 'longitude': '-122.44038986925105', 'human_address': '{""address"": """", ""city"": """", ""state"": """", ""zip"": """"}'}",1.08E+12,,,,,,,,,,,,,,,
5ea1fcb9c2aeecdcc61c50b3,2.01E+11,8,otc alterations permit,2007-01-03T00:00:00.000,3651,32,139,Vicksburg,St,"replace rear stairway & deck platforms (2nd means of egress) ""in-kind"". no other structural improvements.",complete,2008-01-28T00:00:00.000,2007-01-03T00:00:00.000,2007-01-03T00:00:00.000,2007-07-03T00:00:00.000Z,10000,10000,apartments,apartments,2,8,Noe Valley,94114,"{'latitude': '37.752677456109964', 'longitude': '-122.42833542441876', 'human_address': '{""address"": """", ""city"": """", ""state"": """", ""zip"": """"}'}",1.08E+12,,3,3,6,6,5,wood frame (5),5,wood frame (5),2008-01-28T00:00:00.000,,,,,
5ea1fcb9c2aeecdcc61c50b4,2.01E+11,8,otc alterations permit,2007-01-03T00:00:00.000,3651,32,147,Vicksburg,St,"replace rear stairway & deck platforms (2nd means of egress) ""in-kind"". no other structural improvements.",complete,2008-01-28T00:00:00.000,2007-01-03T00:00:00.000,2007-01-03T00:00:00.000,2007-07-03T00:00:00.000Z,10000,10000,apartments,apartments,2,8,Noe Valley,94114,"{'latitude': '37.752677456109964', 'longitude': '-122.42833542441876', 'human_address': '{""address"": """", ""city"": """", ""state"": """", ""zip"": """"}'}",1.08E+12,,3,3,6,6,5,wood frame (5),5,wood frame (5),2008-01-28T00:00:00.000,,,,,
5ea1fcb9c2aeecdcc61c50b5,M52664,8,otc alterations permit,2007-01-03T00:00:00.000,163,5,909,Montgomery,St,street space permit,issued,2007-01-03T00:00:00.000,2007-01-03T00:00:00.000,2007-01-03T00:00:00.000,,,0,,,,3,North Beach,94133,"{'latitude': '37.797509439407904', 'longitude': '-122.40406962115884', 'human_address': '{""address"": """", ""city"": """", ""state"": """", ""zip"": """"}'}",1.08E+11,,,,,,,,,,,,,,,
5ea1fcb9c2aeecdcc61c50b6,2.01E+11,8,otc alterations permit,2007-01-03T00:00:00.000,2702,8,4748,19th,St,"remove & replace existing deck with new smaller deck 2 esterior doors at east wall, 7 windows. windows & doors same size & locatiuon. windows facing street.",complete,2007-03-22T00:00:00.000,2007-01-03T00:00:00.000,2007-01-03T00:00:00.000,2008-01-03T00:00:00.000Z,35000,35000,1 family dwelling,1 family dwelling,2,8,Castro/Upper Market,94114,"{'latitude': '37.75900729961362', 'longitude': '-122.4428161888663', 'human_address': '{""address"": """", ""city"": """", ""state"": """", ""zip"": """"}'}",1.08E+12,,1,1,1,1,5,wood frame (5),5,wood frame (5),2007-03-22T00:00:00.000,Y,,,,
5ea1fcb9c2aeecdcc61c50b7,M52665,8,otc alterations permit,2007-01-03T00:00:00.000,3501,2,30,Guerrero,St,street space permit,issued,2007-01-03T00:00:00.000,2007-01-03T00:00:00.000,2007-01-03T00:00:00.000,,,0,,,,8,Mission,94103,"{'latitude': '37.770149558214804', 'longitude': '-122.4249916224382', 'human_address': '{""address"": """", ""city"": """", ""state"": """", ""zip"": """"}'}",1.08E+12,,,,,,,,,,,,,,,
5ea1fcb9c2aeecdcc61c50b8,2.01E+11,8,otc alterations permit,2007-01-03T00:00:00.000,492,26,1901,Chestnut,St,unit 7 - remove & replace 350 sq ft of drywall and insulation 350 sq ft paint. nov 200674773.,complete,2007-01-26T00:00:00.000,2007-01-03T00:00:00.000,2007-01-03T00:00:00.000,2007-05-03T00:00:00.000Z,2500,2500,apartments,apartments,0,2,Marina,94123,"{'latitude': '37.80082760475481', 'longitude': '-122.43479954972616', 'human_address': '{""address"": """", ""city"": """", ""state"": """", ""zip"": """"}'}",1.08E+12,,3,3,12,12,5,wood frame (5),5,wood frame (5),2007-01-26T00:00:00.000,,,,,
5ea1fcb9c2aeecdcc61c50b9,2.01E+11,8,otc alterations permit,2007-01-03T00:00:00.000,6971A,40,96,Seminole,Av,reroofing,complete,2007-01-17T00:00:00.000,2007-01-03T00:00:00.000,2007-01-03T00:00:00.000,2007-07-03T00:00:00.000Z,8000,8000,1 family dwelling,1 family dwelling,0,11,Outer Mission,94112,"{'latitude': '37.71959516366661', 'longitude': '-122.44524636238908', 'human_address': '{""address"": """", ""city"": """", ""state"": """", ""zip"": """"}'}",1.08E+12,,2,2,1,1,5,wood frame (5),5,wood frame (5),2007-01-17T00:00:00.000,,,,,
5ea1fcb9c2aeecdcc61c50ba,2.01E+11,8,otc alterations permit,2007-01-03T00:00:00.000,233,44,4,Embarcadero Center,,"oti-1, night hawk, 37th/fl -el,me.ls, sp.",complete,2007-05-23T00:00:00.000,2007-01-03T00:00:00.000,2007-01-03T00:00:00.000,2008-01-03T00:00:00.000Z,170000,170000,office,office,2,3,Financial District/South Beach,94111,"{'latitude': '37.79506002552974', 'longitude': '-122.39593224461805', 'human_address': '{""address"": """", ""city"": """", ""state"": """", ""zip"": """"}'}",1.08E+11,,44,44,0,0,1,constr type 1,1,constr type 1,2007-05-23T00:00:00.000,,,,,
5ea1fcb9c2aeecdcc61c50bb,2.01E+11,8,otc alterations permit,2007-01-03T00:00:00.000,3544,28,31,Landers,St,"enclose extg property line wndw to comply with nov 2006  at north side wall at 1st floor approx 2'5"" by 2'5"" with 1 hr wall construction min 2x4 wall studs with 5/8 type x on each side minim.",expired,2013-02-28T00:00:00.000,2007-01-03T00:00:00.000,2007-01-03T00:00:00.000,2007-05-03T00:00:00.000Z,500,500,apartments,apartments,0,8,Castro/Upper Market,94114,"{'latitude': '37.767257610695104', 'longitude': '-122.42749276822518', 'human_address': '{""address"": """", ""city"": """", ""state"": """", ""zip"": """"}'}",1.08E+12,,3,3,4,4,5,wood frame (5),5,wood frame (5),,,,,,
5ea1fcb9c2aeecdcc61c50bc,M52666,8,otc alterations permit,2007-01-03T00:00:00.000,6796,16,36,Santa Rosa,Av,street space,issued,2007-01-03T00:00:00.000,2007-01-03T00:00:00.000,2007-01-03T00:00:00.000,,,0,,,,11,Outer Mission,94112,"{'latitude': '37.72635822088466', 'longitude': '-122.43455479118334', 'human_address': '{""address"": """", ""city"": """", ""state"": """", ""zip"": """"}'}",1.08E+12,,,,,,,,,,,,,,,
5ea1fcb9c2aeecdcc61c50bd,2.01E+11,8,otc alterations permit,2007-01-03T00:00:00.000,2031,3,1723,18th,Av,1 kitchen remodel. no structural change. all light to be flourescent.,complete,2007-04-24T00:00:00.000,2007-01-03T00:00:00.000,2007-01-03T00:00:00.000,2007-07-03T00:00:00.000Z,15000,15000,1 family dwelling,1 family dwelling,0,7,Inner Sunset,94122,"{'latitude': '37.75565388180566', 'longitude': '-122.47583003470427', 'human_address': '{""address"": """", ""city"": """", ""state"": """", ""zip"": """"}'}",1.08E+12,,1,1,1,1,5,wood frame (5),5,wood frame (5),2007-04-24T00:00:00.000,,,,,
5ea1fcb9c2aeecdcc61c50be,2.01E+11,8,otc alterations permit,2007-01-03T00:00:00.000,728,6,1301,Pierce,St,extend 3 walls install new door @ existing storage 3 side of enclosure toe xtend to ceiling,complete,2007-01-31T00:00:00.000,2007-01-03T00:00:00.000,2007-01-03T00:00:00.000,2007-05-03T00:00:00.000Z,1500,1500,clinics-medic/dental,clinics-medic/dental,2,5,Western Addition,94115,"{'latitude': '37.78214368839908', 'longitude': '-122.4360594822349', 'human_address': '{""address"": """", ""city"": """", ""state"": """", ""zip"": """"}'}",1.08E+12,,2,2,0,0,5,wood frame (5),5,wood frame (5),2007-01-31T00:00:00.000,,,,,
5ea1fcb9c2aeecdcc61c50bf,2.01E+11,8,otc alterations permit,2007-01-03T00:00:00.000,1199,24,460,Lyon,St,"repair exterior stairway, guardrails, stair threads, risers and landing boards. less than 50% repair to comply w/ nov 20076608.",complete,2007-01-10T00:00:00.000,2007-01-03T00:00:00.000,2007-01-03T00:00:00.000,2007-05-03T00:00:00.000Z,2000,2000,apartments,apartments,0,5,Lone Mountain/USF,94117,"{'latitude': '37.775182667378125', 'longitude': '-122.44267093495081', 'human_address': '{""address"": """", ""city"": """", ""state"": """", ""zip"": """"}'}",1.08E+12,0,3,3,7,7,5,wood frame (5),5,wood frame (5),2007-01-10T00:00:00.000,,,,,
5ea1fcb9c2aeecdcc61c50c0,2.01E+11,3,additions alterations or repairs,2007-01-03T00:00:00.000,3715,7,169,Steuart,St,locker room upgrades 2 & 4 floors.,complete,2007-09-25T00:00:00.000,2007-01-03T00:00:00.000,2007-02-13T00:00:00.000,2008-02-13T00:00:00.000Z,113586,250000,recreation bldg,recreation bldg,2,6,Financial District/South Beach,94105,"{'latitude': '37.79269932213698', 'longitude': '-122.3919820334882', 'human_address': '{""address"": """", ""city"": """", ""state"": """", ""zip"": """"}'}",1.08E+12,,8,8,131,131,1,constr type 1,1,constr type 1,2007-09-25T00:00:00.000,,,,,
5ea1fcb9c2aeecdcc61c50c1,2.01E+11,8,otc alterations permit,2007-01-03T00:00:00.000,4039,9,398,Pennsylvania,Av,"structural revision to permit for boluntary seimic stiffening, original permit#1106240 app#200612059235. two story steel moment frame adjacent to back of garage and 2nd floor bathroom.",complete,2007-05-11T00:00:00.000,2007-01-03T00:00:00.000,2007-01-03T00:00:00.000,2007-07-03T00:00:00.000Z,11000,11000,1 family dwelling,1 family dwelling,2,10,Potrero Hill,94107,"{'latitude': '37.7615808908582', 'longitude': '-122.39382815606423', 'human_address': '{""address"": """", ""city"": """", ""state"": """", ""zip"": """"}'}",1.08E+12,,3,3,1,1,5,wood frame (5),5,wood frame (5),2007-05-11T00:00:00.000,,,,,
5ea1fcb9c2aeecdcc61c50c2,2.01E+11,8,otc alterations permit,2007-01-03T00:00:00.000,7018,41,974,Plymouth,Av,reroofing.,complete,2016-10-06T00:00:00.000,2007-01-03T00:00:00.000,2007-01-03T00:00:00.000,2007-07-03T00:00:00.000Z,8000,8000,1 family dwelling,1 family dwelling,0,11,Oceanview/Merced/Ingleside,94112,"{'latitude': '37.71957425849271', 'longitude': '-122.45582035575013', 'human_address': '{""address"": """", ""city"": """", ""state"": """", ""zip"": """"}'}",1.08E+12,,,,,,,,,,2016-10-06T00:00:00.000,,,,,
5ea1fcb9c2aeecdcc61c50c3,2.01E+11,8,otc alterations permit,2007-01-03T00:00:00.000,3089,78,436,Joost,Av,reroofing.,complete,2007-01-08T00:00:00.000,2007-01-03T00:00:00.000,2007-01-03T00:00:00.000,2007-07-03T00:00:00.000Z,8000,8000,1 family dwelling,1 family dwelling,0,7,West of Twin Peaks,94127,"{'latitude': '37.73257652946632', 'longitude': '-122.44516154137126', 'human_address': '{""address"": """", ""city"": """", ""state"": """", ""zip"": """"}'}",1.08E+12,,,,,,,,,,2007-01-08T00:00:00.000,,,,,
5ea1fcb9c2aeecdcc61c50c4,2.01E+11,8,otc alterations permit,2007-01-03T00:00:00.000,100,39,819,Filbert,St,"comply with nov #. revision to app #200609081808. detail plans for dry rot repairs at rear four levels deck levels, floor and walls",expired,2011-04-13T00:00:00.000,2007-01-03T00:00:00.000,2007-01-03T00:00:00.000,2008-01-03T00:00:00.000Z,40000,40000,2 family dwelling,2 family dwelling,2,3,Russian Hill,94133,"{'latitude': '37.800670573107155', 'longitude': '-122.41302345810746', 'human_address': '{""address"": """", ""city"": """", ""state"": """", ""zip"": """"}'}",1.08E+11,,4,4,2,2,5,wood frame (5),5,wood frame (5),,,,,,
5ea1fcb9c2aeecdcc61c50c5,2.01E+11,3,additions alterations or repairs,2007-01-03T00:00:00.000,1292,18,618,Belvedere,St,3rd story addition - site permit only.,withdrawn,2007-09-17T00:00:00.000,2007-01-03T00:00:00.000,,,450000,,1 family dwelling,1 family dwelling,2,5,Inner Sunset,94117,"{'latitude': '37.76147635810145', 'longitude': '-122.44745240091524', 'human_address': '{""address"": """", ""city"": """", ""state"": """", ""zip"": """"}'}",1.08E+11,,2,3,1,1,5,wood frame (5),5,wood frame (5),,,Y,,,
5ea1fcb9c2aeecdcc61c50c6,2.01E+11,8,otc alterations permit,2007-01-03T00:00:00.000,1887,001F,1519,41st,Av,remodel existing baths on groung floor & 2nd floor in same location for plans. legalize ground floor bedroom.,complete,2007-06-08T00:00:00.000,2007-01-03T00:00:00.000,2007-01-03T00:00:00.000,2007-07-03T00:00:00.000Z,12000,12000,1 family dwelling,1 family dwelling,2,4,Sunset/Parkside,94122,"{'latitude': '37.758361055721686', 'longitude': '-122.50073472097759', 'human_address': '{""address"": """", ""city"": """", ""state"": """", ""zip"": """"}'}",1.08E+12,,2,2,1,1,5,wood frame (5),5,wood frame (5),2007-06-08T00:00:00.000,,,,,
5ea1fcb9c2aeecdcc61c50c7,2.01E+11,8,otc alterations permit,2007-01-03T00:00:00.000,3540,105,139,Henry,St,remove sheetrock & chek for dry rot @ basement. bolt down. foundation all at property line. voluntary bolting minimum 5/8 bolt a at oc.,issued,2007-01-03T00:00:00.000,2007-01-03T00:00:00.000,2007-01-03T00:00:00.000,2007-05-03T00:00:00.000Z,1000,1000,apartments,apartments,0,8,Castro/Upper Market,94114,"{'latitude': '37.76636705787694', 'longitude': '-122.43421732284594', 'human_address': '{""address"": """", ""city"": """", ""state"": """", ""zip"": """"}'}",1.08E+12,0,3,3,3,3,5,wood frame (5),5,wood frame (5),,,,,,
5ea1fcb9c2aeecdcc61c50c8,2.01E+11,8,otc alterations permit,2007-01-03T00:00:00.000,597,54,1812,Polk,St,"build interior walls, wiring for receptacles lighting, switches. sheetrock. paint. tile 3 bathroom floors, cork flooring in restroom, install sinks & toilets in bathroom, no structural work.",complete,2007-04-30T00:00:00.000,2007-01-03T00:00:00.000,2007-01-03T00:00:00.000,2008-01-03T00:00:00.000Z,28500,28500,retail sales,retail sales,2,3,Russian Hill,94109,"{'latitude': '37.793683059086', 'longitude': '-122.42094798104395', 'human_address': '{""address"": """", ""city"": """", ""state"": """", ""zip"": """"}'}",1.08E+12,,5,5,12,12,1,constr type 1,1,constr type 1,2007-04-30T00:00:00.000,,,,,
5ea1fcb9c2aeecdcc61c50c9,M52682,8,otc alterations permit,2007-01-03T00:00:00.000,868,29,353,Waller,St,street space permit only.,issued,2007-01-03T00:00:00.000,2007-01-03T00:00:00.000,2007-01-03T00:00:00.000,,,0,,,,5,Hayes Valley,94117,"{'latitude': '37.771092957242445', 'longitude': '-122.42944513115835', 'human_address': '{""address"": """", ""city"": """", ""state"": """", ""zip"": """"}'}",1.08E+12,,,,,,,,,,,,,,,
5ea1fcb9c2aeecdcc61c50ca,M52683,8,otc alterations permit,2007-01-03T00:00:00.000,643,3,1630,California,St,street space,issued,2007-01-03T00:00:00.000,2007-01-03T00:00:00.000,2007-01-03T00:00:00.000,,,0,,,,3,Nob Hill,94109,"{'latitude': '37.79082802392417', 'longitude': '-122.42118031473406', 'human_address': '{""address"": """", ""city"": """", ""state"": """", ""zip"": """"}'}",1.08E+12,,,,,,,,,,,,,,,
5ea1fcb9c2aeecdcc61c50cb,2.01E+11,8,otc alterations permit,2007-01-03T00:00:00.000,1212,3,215,Cole,St,"proposed revision to 200309095983 to correcty *e( katiyt if (e) fourth floor, and for administrative correction whereby the existing 4th floor was unoccupied attic space and storage use only  (david pang 1-3-2007)",complete,2008-08-04T00:00:00.000,2007-01-03T00:00:00.000,2007-01-03T00:00:00.000,2007-05-03T00:00:00.000Z,1,1,apartments,apartments,2,5,Lone Mountain/USF,94117,"{'latitude': '37.77295138805527', 'longitude': '-122.45120688215236', 'human_address': '{""address"": """", ""city"": """", ""state"": """", ""zip"": """"}'}",1.08E+11,,4,4,3,3,5,wood frame (5),5,wood frame (5),2008-08-04T00:00:00.000,,,,,
5ea1fcb9c2aeecdcc61c50cc,2.01E+11,8,otc alterations permit,2007-01-03T00:00:00.000,1212,3,217,Cole,St,"proposed revision to 200309095983 to correcty *e( katiyt if (e) fourth floor, and for administrative correction whereby the existing 4th floor was unoccupied attic space and storage use only  (david pang 1-3-2007)",complete,2008-08-04T00:00:00.000,2007-01-03T00:00:00.000,2007-01-03T00:00:00.000,2007-05-03T00:00:00.000Z,1,1,apartments,apartments,2,5,Lone Mountain/USF,94117,"{'latitude': '37.77295138805527', 'longitude': '-122.45120688215236', 'human_address': '{""address"": """", ""city"": """", ""state"": """", ""zip"": """"}'}",1.08E+12,,4,4,3,3,5,wood frame (5),5,wood frame (5),2008-08-04T00:00:00.000,,,,,
5ea1fcb9c2aeecdcc61c50cd,M52702,8,otc alterations permit,2007-01-03T00:00:00.000,942,6,2710,Filbert,St,street space permit,issued,2007-01-03T00:00:00.000,2007-01-03T00:00:00.000,2007-01-03T00:00:00.000,,,0,,,,2,Marina,94123,"{'latitude': '37.797158497249235', 'longitude': '-122.444301776955', 'human_address': '{""address"": """", ""city"": """", ""state"": """", ""zip"": """"}'}",1.08E+11,,,,,,,,,,,,,,,
5ea1fcb9c2aeecdcc61c50ce,2.01E+11,8,otc alterations permit,2007-01-03T00:00:00.000,2690,015B,194,Caselli,Av,repalce north & east property line retaining walls.,expired,2009-06-26T00:00:00.000,2007-01-03T00:00:00.000,2007-01-03T00:00:00.000,2008-01-03T00:00:00.000Z,40000,40000,2 family dwelling,2 family dwelling,2,8,Castro/Upper Market,94114,"{'latitude': '37.759749807234435', 'longitude': '-122.44297144782306', 'human_address': '{""address"": """", ""city"": """", ""state"": """", ""zip"": """"}'}",1.08E+12,,2,2,2,2,5,wood frame (5),5,wood frame (5),,,,,,
5ea1fcb9c2aeecdcc61c50cf,2.01E+11,8,otc alterations permit,2007-01-03T00:00:00.000,497,008A,3054,Gough,St,"comply with nov# 200685678. interior remodel of kitchen, bath & laundry. no structural work.",complete,2007-03-15T00:00:00.000,2007-01-03T00:00:00.000,2007-01-03T00:00:00.000,2007-07-03T00:00:00.000Z,15000,15000,2 family dwelling,2 family dwelling,0,2,Marina,94123,"{'latitude': '37.80170333601107', 'longitude': '-122.4277156684635', 'human_address': '{""address"": """", ""city"": """", ""state"": """", ""zip"": """"}'}",1.08E+11,,2,2,2,2,5,wood frame (5),5,wood frame (5),2007-03-15T00:00:00.000,,,,,
5ea1fcb9c2aeecdcc61c50d0,M52703,8,otc alterations permit,2007-01-03T00:00:00.000,3767,306,430,Main,St,street space permit,issued,2007-01-03T00:00:00.000,2007-01-03T00:00:00.000,2007-01-03T00:00:00.000,,,0,,,,6,Financial District/South Beach,94105,"{'latitude': '37.787516857219856', 'longitude': '-122.39005478497438', 'human_address': '{""address"": """", ""city"": """", ""state"": """", ""zip"": """"}'}",1.08E+12,,,,,,,,,,,,,,,
5ea1fcb9c2aeecdcc61c50d1,2.01E+11,8,otc alterations permit,2007-01-03T00:00:00.000,6477,013A,173,Florentine,Av,"replace (1) kitchen cabinets, electrical upgrade on panel & kitchen circuits, outlets, switches. move furnace & water heater vent/chimney. no structural work. all lighting to be fluorescent.",complete,2007-06-22T00:00:00.000,2007-01-03T00:00:00.000,2007-01-03T00:00:00.000,2007-07-03T00:00:00.000Z,12000,12000,1 family dwelling,1 family dwelling,0,11,Excelsior,94112,"{'latitude': '37.7111386390666', 'longitude': '-122.44267456356773', 'human_address': '{""address"": """", ""city"": """", ""state"": """", ""zip"": """"}'}",1.08E+12,,2,2,1,1,5,wood frame (5),5,wood frame (5),2007-06-22T00:00:00.000,,,,,
5ea1fcb9c2aeecdcc61c50d2,M52722,8,otc alterations permit,2007-01-03T00:00:00.000,1430,21,200,Clement,St,street space permit only.,issued,2007-01-03T00:00:00.000,2007-01-03T00:00:00.000,2007-01-03T00:00:00.000,,,0,,,,1,Inner Richmond,94118,"{'latitude': '37.78333439840213', 'longitude': '-122.46140000455425', 'human_address': '{""address"": """", ""city"": """", ""state"": """", ""zip"": """"}'}",1.08E+11,,,,,,,,,,,,,,,
5ea1fcb9c2aeecdcc61c50d3,M52722,8,otc alterations permit,2007-01-03T00:00:00.000,1430,21,204,Clement,St,street space permit only.,issued,2007-01-03T00:00:00.000,2007-01-03T00:00:00.000,2007-01-03T00:00:00.000,,,0,,,,1,Inner Richmond,94118,"{'latitude': '37.78333439840213', 'longitude': '-122.46140000455425', 'human_address': '{""address"": """", ""city"": """", ""state"": """", ""zip"": """"}'}",1.08E+12,,,,,,,,,,,,,,,
5ea1fcb9c2aeecdcc61c50d4,2.01E+11,8,otc alterations permit,2007-01-03T00:00:00.000,319,8,620,Ofarrell,St,install fire suppression system to kitchen hood ground floor restaurant.,expired,2009-01-27T00:00:00.000,2007-01-03T00:00:00.000,2007-01-03T00:00:00.000,2007-05-03T00:00:00.000Z,2500,2500,food/beverage hndlng,food/beverage hndlng,2,6,Tenderloin,94109,"{'latitude': '37.78571947835546', 'longitude': '-122.41511604809372', 'human_address': '{""address"": """", ""city"": """", ""state"": """", ""zip"": """"}'}",1.08E+11,,2,2,2,2,5,wood frame (5),5,wood frame (5),,,,,,
5ea1fcb9c2aeecdcc61c50d5,2.01E+11,8,otc alterations permit,2007-01-03T00:00:00.000,1225,40,417,Clayton,St,"repair & repalce rotted wood in dommers area i attic. repair & replace broken railings, on lthe 2 decks in the back section of the house. add pavers to the existing decks on the back of the house. replace 3 cracked windows i the dommers not visible from the street.",expired,2007-08-30T00:00:00.000,2007-01-03T00:00:00.000,2007-01-03T00:00:00.000,2007-05-03T00:00:00.000Z,2000,2000,2 family dwelling,2 family dwelling,0,5,Haight Ashbury,94117,"{'latitude': '37.77102912197822', 'longitude': '-122.4490895889424', 'human_address': '{""address"": """", ""city"": """", ""state"": """", ""zip"": """"}'}",1.08E+11,,4,4,2,2,4,constr type 4,4,constr type 4,,,,,,
5ea1fcb9c2aeecdcc61c50d6,2.01E+11,8,otc alterations permit,2007-01-03T00:00:00.000,1225,40,419,Clayton,St,"repair & repalce rotted wood in dommers area i attic. repair & replace broken railings, on lthe 2 decks in the back section of the house. add pavers to the existing decks on the back of the house. replace 3 cracked windows i the dommers not visible from the street.",expired,2007-08-30T00:00:00.000,2007-01-03T00:00:00.000,2007-01-03T00:00:00.000,2007-05-03T00:00:00.000Z,2000,2000,2 family dwelling,2 family dwelling,0,5,Haight Ashbury,94117,"{'latitude': '37.77102912197822', 'longitude': '-122.4490895889424', 'human_address': '{""address"": """", ""city"": """", ""state"": """", ""zip"": """"}'}",1.08E+12,,4,4,2,2,4,constr type 4,4,constr type 4,,,,,,
5ea1fcb9c2aeecdcc61c50d7,2.01E+11,8,otc alterations permit,2007-01-03T00:00:00.000,914,001C,3745,Divisadero,St,renew pa# 9005891 for final inspection only,complete,2007-02-09T00:00:00.000,2007-01-03T00:00:00.000,2007-01-03T00:00:00.000,2007-05-03T00:00:00.000Z,1,1,apartments,apartments,0,2,Marina,94123,"{'latitude': '37.80423397716338', 'longitude': '-122.44402882836476', 'human_address': '{""address"": """", ""city"": """", ""state"": """", ""zip"": """"}'}",1.08E+11,,3,3,6,6,5,wood frame (5),5,wood frame (5),2007-02-09T00:00:00.000,,,,,
5ea1fcbac2aeecdcc61c50d8,2.01E+11,8,otc alterations permit,2007-01-04T00:00:00.000,94,36,2112,Hyde,St,reroofing,issued,2007-01-04T00:00:00.000,2007-01-04T00:00:00.000,2007-01-04T00:00:00.000,2007-07-04T00:00:00.000Z,21870,21870,apartments,apartments,0,2,Russian Hill,94109,"{'latitude': '37.800449351587666', 'longitude': '-122.4190721273311', 'human_address': '{""address"": """", ""city"": """", ""state"": """", ""zip"": """"}'}",1.08E+12,0,,,,,,,,,,,,,,
5ea1fcbac2aeecdcc61c50d9,M52884,8,otc alterations permit,2007-01-04T00:00:00.000,1439,40,639,Clement,St,sidewalk permit only.,issued,2007-01-04T00:00:00.000,2007-01-04T00:00:00.000,2007-01-04T00:00:00.000,,,0,,,,1,Inner Richmond,94118,"{'latitude': '37.78262073805518', 'longitude': '-122.46614333046185', 'human_address': '{""address"": """", ""city"": """", ""state"": """", ""zip"": """"}'}",1.08E+12,,,,,,,,,,,,,,,
5ea1fcbac2aeecdcc61c50da,2.01E+11,8,otc alterations permit,2007-01-04T00:00:00.000,310,15,100,Grant,Av,interior non structural and storefront demolition of vacant retail store on ground floor. erection on temporary constructoion barricade on sidewalk.,expired,2007-12-04T00:00:00.000,2007-01-04T00:00:00.000,2007-01-04T00:00:00.000,2007-07-04T00:00:00.000Z,20000,20000,retail sales,retail sales,2,3,Financial District/South Beach,94108,"{'latitude': '37.788050582493206', 'longitude': '-122.4048761520152', 'human_address': '{""address"": """", ""city"": """", ""state"": """", ""zip"": """"}'}",1.08E+11,,7,7,0,0,3,constr type 3,3,constr type 3,,,,,,
5ea1fcbac2aeecdcc61c50db,2.01E+11,8,otc alterations permit,2007-01-04T00:00:00.000,1646,7,741,03rd,Av,reroofing,complete,2008-12-04T00:00:00.000,2007-01-04T00:00:00.000,2007-01-04T00:00:00.000,2007-07-04T00:00:00.000Z,14725,14725,1 family dwelling,1 family dwelling,0,1,Inner Richmond,94118,"{'latitude': '37.7748166622703', 'longitude': '-122.46093965991695', 'human_address': '{""address"": """", ""city"": """", ""state"": """", ""zip"": """"}'}",1.08E+12,,,,,,,,,,2008-12-04T00:00:00.000,,,,,
5ea1fcbac2aeecdcc61c50dc,2.01E+11,8,otc alterations permit,2007-01-04T00:00:00.000,2478,32,2626,19th,Av,reroofing,expired,2010-12-08T00:00:00.000,2007-01-04T00:00:00.000,2007-01-04T00:00:00.000,2007-07-04T00:00:00.000Z,12375,12375,1 family dwelling,1 family dwelling,0,7,West of Twin Peaks,94116,"{'latitude': '37.7387848314406', 'longitude': '-122.47503667647376', 'human_address': '{""address"": """", ""city"": """", ""state"": """", ""zip"": """"}'}",1.08E+12,,,,,,,,,,,,,,,
5ea1fcbac2aeecdcc61c50dd,2.01E+11,8,otc alterations permit,2007-01-04T00:00:00.000,6997,31,328,Monticello,St,reroofing,issued,2007-01-04T00:00:00.000,2007-01-04T00:00:00.000,2007-01-04T00:00:00.000,2007-07-04T00:00:00.000Z,9750,9750,1 family dwelling,1 family dwelling,0,11,Oceanview/Merced/Ingleside,94132,"{'latitude': '37.72024537216744', 'longitude': '-122.47048352741959', 'human_address': '{""address"": """", ""city"": """", ""state"": """", ""zip"": """"}'}",1.08E+12,,,,,,,,,,,,,,,
5ea1fcbac2aeecdcc61c50de,2.01E+11,8,otc alterations permit,2007-01-04T00:00:00.000,264,4,1,California,St,fire sprklr/15 sprnklr/9 relocates/6 added,complete,2007-02-09T00:00:00.000,2007-01-04T00:00:00.000,2007-01-04T00:00:00.000,2007-05-04T00:00:00.000Z,1900,1900,office,office,2,3,Financial District/South Beach,94111,"{'latitude': '37.79311984802232', 'longitude': '-122.39697498027529', 'human_address': '{""address"": """", ""city"": """", ""state"": """", ""zip"": """"}'}",1.08E+11,,32,32,0,0,1,constr type 1,1,constr type 1,2007-02-09T00:00:00.000,,,,,
5ea1fcbac2aeecdcc61c50df,2.01E+11,8,otc alterations permit,2007-01-04T00:00:00.000,94,34,2112,Hyde,St,reroofing,issued,2007-01-04T00:00:00.000,2007-01-04T00:00:00.000,2007-01-04T00:00:00.000,2007-07-04T00:00:00.000Z,21870,21870,apartments,apartments,0,2,Russian Hill,94109,"{'latitude': '37.800449351587666', 'longitude': '-122.4190721273311', 'human_address': '{""address"": """", ""city"": """", ""state"": """", ""zip"": """"}'}",1.08E+12,,,,,,,,,,,,,,,
5ea1fcbac2aeecdcc61c50e0,2.01E+11,8,otc alterations permit,2007-01-04T00:00:00.000,94,35,2112,Hyde,St,reroofing,issued,2007-01-04T00:00:00.000,2007-01-04T00:00:00.000,2007-01-04T00:00:00.000,2007-07-04T00:00:00.000Z,21870,21870,apartments,apartments,0,2,Russian Hill,94109,"{'latitude': '37.800449351587666', 'longitude': '-122.4190721273311', 'human_address': '{""address"": """", ""city"": """", ""state"": """", ""zip"": """"}'}",1.08E+12,0,,,,,,,,,,,,,,
5ea1fcbac2aeecdcc61c50e1,M52802,8,otc alterations permit,2007-01-04T00:00:00.000,1745,5,1231,05th,Av,street space permit,issued,2007-01-04T00:00:00.000,2007-01-04T00:00:00.000,2007-01-04T00:00:00.000,,,0,,,,5,Inner Sunset,94122,"{'latitude': '37.76547355005429', 'longitude': '-122.4624038786064', 'human_address': '{""address"": """", ""city"": """", ""state"": """", ""zip"": """"}'}",1.08E+12,,,,,,,,,,,,,,,
5ea1fcbac2aeecdcc61c50e2,2.01E+11,8,otc alterations permit,2007-01-04T00:00:00.000,94,37,2112,Hyde,St,reroofing,issued,2007-01-04T00:00:00.000,2007-01-04T00:00:00.000,2007-01-04T00:00:00.000,2007-07-04T00:00:00.000Z,21870,21870,apartments,apartments,0,2,Russian Hill,94109,"{'latitude': '37.800449351587666', 'longitude': '-122.4190721273311', 'human_address': '{""address"": """", ""city"": """", ""state"": """", ""zip"": """"}'}",1.08E+12,0,,,,,,,,,,,,,,
5ea1fcbac2aeecdcc61c50e3,2.01E+11,8,otc alterations permit,2007-01-04T00:00:00.000,94,38,2112,Hyde,St,reroofing,issued,2007-01-04T00:00:00.000,2007-01-04T00:00:00.000,2007-01-04T00:00:00.000,2007-07-04T00:00:00.000Z,21870,21870,apartments,apartments,0,2,Russian Hill,94109,"{'latitude': '37.800449351587666', 'longitude': '-122.4190721273311', 'human_address': '{""address"": """", ""city"": """", ""state"": """", ""zip"": """"}'}",1.08E+12,0,,,,,,,,,,,,,,
5ea1fcbac2aeecdcc61c50e4,2.01E+11,8,otc alterations permit,2007-01-04T00:00:00.000,2009,004Y,1775,40th,Av,reroofing.,complete,2007-02-15T00:00:00.000,2007-01-04T00:00:00.000,2007-01-04T00:00:00.000,2007-05-04T00:00:00.000Z,4900,4900,1 family dwelling,1 family dwelling,0,4,Sunset/Parkside,94122,"{'latitude': '37.753723616253474', 'longitude': '-122.49933557107873', 'human_address': '{""address"": """", ""city"": """", ""state"": """", ""zip"": """"}'}",1.08E+12,,,,,,,,,,2007-02-15T00:00:00.000,,,,,
5ea1fcbac2aeecdcc61c50e5,2.01E+11,8,otc alterations permit,2007-01-04T00:00:00.000,208,26,601,Montgomery,St,oti-3 3rd floor sp,complete,2007-03-15T00:00:00.000,2007-01-04T00:00:00.000,2007-01-04T00:00:00.000,2007-07-04T00:00:00.000Z,5750,5750,office,office,2,3,Chinatown,94111,"{'latitude': '37.794836064028274', 'longitude': '-122.40352689641819', 'human_address': '{""address"": """", ""city"": """", ""state"": """", ""zip"": """"}'}",1.08E+11,,20,20,0,0,1,constr type 1,1,constr type 1,2007-03-15T00:00:00.000,,,,,
5ea1fcbac2aeecdcc61c50e6,2.01E+11,8,otc alterations permit,2007-01-04T00:00:00.000,6527,021A,1049,Capp,St,repair back stairs less than 50% in kind to comply w/nov #200683953,complete,2007-05-04T00:00:00.000,2007-01-04T00:00:00.000,2007-01-09T00:00:00.000,2007-05-09T00:00:00.000Z,350,350,apartments,apartments,0,9,Mission,94110,"{'latitude': '37.749868530337615', 'longitude': '-122.41681343185323', 'human_address': '{""address"": """", ""city"": """", ""state"": """", ""zip"": """"}'}",1.08E+12,,2,2,4,4,5,wood frame (5),5,wood frame (5),2007-05-04T00:00:00.000,,,,,
5ea1fcbac2aeecdcc61c50e7,2.01E+11,8,otc alterations permit,2007-01-04T00:00:00.000,1613,005T,710,32nd,Av,reroofing,issued,2007-01-04T00:00:00.000,2007-01-04T00:00:00.000,2007-01-04T00:00:00.000,2007-07-04T00:00:00.000Z,12780,12780,1 family dwelling,1 family dwelling,0,1,Outer Richmond,94121,"{'latitude': '37.77568996926883', 'longitude': '-122.49166254542851', 'human_address': '{""address"": """", ""city"": """", ""state"": """", ""zip"": """"}'}",1.08E+12,,,,,,,,,,,,,,,
5ea1fcbac2aeecdcc61c50e8,M52742,8,otc alterations permit,2007-01-04T00:00:00.000,3636,11,2690,Mission,St,sidewalk repair permit,issued,2007-01-04T00:00:00.000,2007-01-04T00:00:00.000,2007-01-04T00:00:00.000,,,0,,,,9,Mission,94110,"{'latitude': '37.75402855410332', 'longitude': '-122.41897390772756', 'human_address': '{""address"": """", ""city"": """", ""state"": """", ""zip"": """"}'}",1.08E+12,,,,,,,,,,,,,,,
5ea1fcbac2aeecdcc61c50e9,M52743,8,otc alterations permit,2007-01-04T00:00:00.000,589,25,2209,Pacific,Av,sidewalk permit,issued,2007-01-04T00:00:00.000,2007-01-04T00:00:00.000,2007-01-04T00:00:00.000,,,0,,,,2,Pacific Heights,94115,"{'latitude': '37.79343426231262', 'longitude': '-122.43191761910658', 'human_address': '{""address"": """", ""city"": """", ""state"": """", ""zip"": """"}'}",1.08E+11,,,,,,,,,,,,,,,
5ea1fcbac2aeecdcc61c50ea,M52744,8,otc alterations permit,2007-01-04T00:00:00.000,6569,3,3018,Mission,St,sidewalk repair permit,issued,2007-01-04T00:00:00.000,2007-01-04T00:00:00.000,2007-01-04T00:00:00.000,,,0,,,,9,Mission,94110,"{'latitude': '37.748701786166485', 'longitude': '-122.41846444928798', 'human_address': '{""address"": """", ""city"": """", ""state"": """", ""zip"": """"}'}",1.08E+12,,,,,,,,,,,,,,,
5ea1fcbac2aeecdcc61c50eb,2.01E+11,8,otc alterations permit,2007-01-04T00:00:00.000,2414,12,1245,Ulloa,St,rev. to pa#2005/12/29/1265: underpin (e) bldng. foundation at rear wall (7' in length) as per engineer,complete,2007-02-06T00:00:00.000,2007-01-04T00:00:00.000,2007-01-04T00:00:00.000,2007-05-04T00:00:00.000Z,800,800,1 family dwelling,1 family dwelling,2,7,West of Twin Peaks,94127,"{'latitude': '37.74120131530114', 'longitude': '-122.46945645645238', 'human_address': '{""address"": """", ""city"": """", ""state"": """", ""zip"": """"}'}",1.08E+12,,2,2,1,1,5,wood frame (5),5,wood frame (5),2007-02-06T00:00:00.000,,,,,
5ea1fcbac2aeecdcc61c50ec,2.01E+11,8,otc alterations permit,2007-01-04T00:00:00.000,328,3,77,Ofarrell,St,"fire sprinkler system build back 5th, 6th,  and 7th floors 353 sprnkr",complete,2007-12-07T00:00:00.000,2007-01-04T00:00:00.000,2007-01-04T00:00:00.000,2008-01-04T00:00:00.000Z,140000,140000,retail sales,retail sales,2,3,Financial District/South Beach,94108,"{'latitude': '37.78630347434889', 'longitude': '-122.40608977025623', 'human_address': '{""address"": """", ""city"": """", ""state"": """", ""zip"": """"}'}",1.08E+12,0,6,6,0,0,3,constr type 3,3,constr type 3,2007-12-07T00:00:00.000,,,,,
5ea1fcbac2aeecdcc61c50ed,2.01E+11,8,otc alterations permit,2007-01-04T00:00:00.000,936,018E,2365,Chestnut,St,upgrade existing front entrance door and existing restroom to accessible,complete,2007-01-30T00:00:00.000,2007-01-04T00:00:00.000,2007-01-04T00:00:00.000,2007-07-04T00:00:00.000Z,10000,10000,apartments,apartments,2,2,Marina,94123,"{'latitude': '37.79977063849528', 'longitude': '-122.4422247335127', 'human_address': '{""address"": """", ""city"": """", ""state"": """", ""zip"": """"}'}",1.08E+11,,1,1,3,3,5,wood frame (5),5,wood frame (5),2007-01-30T00:00:00.000,,,,,
5ea1fcbac2aeecdcc61c50ee,2.01E+11,8,otc alterations permit,2007-01-04T00:00:00.000,1830,024C,1490,24th,Av,"replace 3 windows, kind for kind, wood to wood composite, visible from st. u-value 0.39.",complete,2007-04-19T00:00:00.000,2007-01-04T00:00:00.000,2007-01-04T00:00:00.000,2007-07-04T00:00:00.000Z,11800,11800,1 family dwelling,1 family dwelling,0,4,Sunset/Parkside,94122,"{'latitude': '37.75984332093765', 'longitude': '-122.48194402089496', 'human_address': '{""address"": """", ""city"": """", ""state"": """", ""zip"": """"}'}",1.08E+12,,2,2,1,1,5,wood frame (5),5,wood frame (5),2007-04-19T00:00:00.000,,,,,
5ea1fcbac2aeecdcc61c50ef,2.01E+11,8,otc alterations permit,2007-01-04T00:00:00.000,6601,19,280,28th,St,"unit#3. replace 4 windows, kind for kind, alum to wood composite, not visible from st. u-value 0.39.",expired,2007-08-22T00:00:00.000,2007-01-04T00:00:00.000,2007-01-04T00:00:00.000,2007-07-04T00:00:00.000Z,9000,9000,apartments,apartments,0,8,Noe Valley,94131,"{'latitude': '37.74544160386589', 'longitude': '-122.42852821505423', 'human_address': '{""address"": """", ""city"": """", ""state"": """", ""zip"": """"}'}",1.08E+12,,2,2,4,4,5,wood frame (5),5,wood frame (5),,,,,,
5ea1fcbac2aeecdcc61c50f0,2.01E+11,8,otc alterations permit,2007-01-04T00:00:00.000,216,19,1346,Hyde,St,reroofing,issued,2007-01-04T00:00:00.000,2007-01-04T00:00:00.000,2007-01-04T00:00:00.000,2007-07-04T00:00:00.000Z,23376,23376,2 family dwelling,2 family dwelling,0,3,Russian Hill,94109,"{'latitude': '37.79343766438872', 'longitude': '-122.41757498815157', 'human_address': '{""address"": """", ""city"": """", ""state"": """", ""zip"": """"}'}",1.08E+11,,,,,,,,,,,,,,,
5ea1fcbac2aeecdcc61c50f1,2.01E+11,8,otc alterations permit,2007-01-04T00:00:00.000,1274,26,265,Carl,St,"replace 5 windows, kind for kind. wood to wood composite, not visible from street. u-valve 0.39.",complete,2007-06-04T00:00:00.000,2007-01-04T00:00:00.000,2007-01-04T00:00:00.000,2007-07-04T00:00:00.000Z,7600,7600,2 family dwelling,2 family dwelling,0,5,Inner Sunset,94117,"{'latitude': '37.76502990149523', 'longitude': '-122.45374128857439', 'human_address': '{""address"": """", ""city"": """", ""state"": """", ""zip"": """"}'}",1.08E+12,,2,2,2,2,5,wood frame (5),5,wood frame (5),2007-06-04T00:00:00.000,,,,,
5ea1fcbac2aeecdcc61c50f2,2.01E+11,8,otc alterations permit,2007-01-04T00:00:00.000,541,29,2052,Green,St,renew permit#200606012946 to replace 10 windows and 1 door. all work in rear of house. for final inspection.,complete,2007-04-19T00:00:00.000,2007-01-04T00:00:00.000,2007-01-04T00:00:00.000,2007-05-04T00:00:00.000Z,1,1,1 family dwelling,1 family dwelling,0,2,Marina,94123,"{'latitude': '37.79673576084849', 'longitude': '-122.4330443883247', 'human_address': '{""address"": """", ""city"": """", ""state"": """", ""zip"": """"}'}",1.08E+11,2,2,2,1,1,5,wood frame (5),5,wood frame (5),2007-04-19T00:00:00.000,,,,,
5ea1fcbac2aeecdcc61c50f3,M52842,8,otc alterations permit,2007-01-04T00:00:00.000,7071,8,355,Bright,St,street space,issued,2007-01-04T00:00:00.000,2007-01-04T00:00:00.000,2007-01-04T00:00:00.000,,,0,,,,11,Oceanview/Merced/Ingleside,94132,"{'latitude': '37.71714083657735', 'longitude': '-122.46380922960289', 'human_address': '{""address"": """", ""city"": """", ""state"": """", ""zip"": """"}'}",1.08E+12,,,,,,,,,,,,,,,
5ea1fcbac2aeecdcc61c50f4,2.01E+11,8,otc alterations permit,2007-01-04T00:00:00.000,1584,019A,630,42nd,Av,"replace 10 windows, kind for kind. wood to wood composite, not visible from street. u-valve 0.39.",complete,2007-03-15T00:00:00.000,2007-01-04T00:00:00.000,2007-01-04T00:00:00.000,2007-07-04T00:00:00.000Z,13800,13800,1 family dwelling,1 family dwelling,0,1,Outer Richmond,94121,"{'latitude': '37.77672928384429', 'longitude': '-122.5024309451951', 'human_address': '{""address"": """", ""city"": """", ""state"": """", ""zip"": """"}'}",1.08E+12,,2,2,1,1,5,wood frame (5),5,wood frame (5),2007-03-15T00:00:00.000,,,,,
5ea1fcbac2aeecdcc61c50f5,2.01E+11,8,otc alterations permit,2007-01-04T00:00:00.000,1672,5,855,29th,Av,"replace 5 windows, kind for kind. wood to wood composite, not visible from street. u-valve 0.39.",complete,2007-03-09T00:00:00.000,2007-01-04T00:00:00.000,2007-01-04T00:00:00.000,2007-07-04T00:00:00.000Z,8100,8100,1 family dwelling,1 family dwelling,0,1,Outer Richmond,94121,"{'latitude': '37.7731943897025', 'longitude': '-122.48886116602064', 'human_address': '{""address"": """", ""city"": """", ""state"": """", ""zip"": """"}'}",1.08E+12,,2,2,1,1,5,wood frame (5),5,wood frame (5),2007-03-09T00:00:00.000,,,,,
5ea1fcbac2aeecdcc61c50f6,M52762,8,otc alterations permit,2007-01-04T00:00:00.000,311,15,1,Post,St,street space,issued,2007-01-04T00:00:00.000,2007-01-04T00:00:00.000,2007-01-04T00:00:00.000,,,0,,,,3,Financial District/South Beach,94104,"{'latitude': '37.78873756742995', 'longitude': '-122.40250450906785', 'human_address': '{""address"": """", ""city"": """", ""state"": """", ""zip"": """"}'}",1.08E+12,0,,,,,,,,,,,,,,
5ea1fcbac2aeecdcc61c50f7,2.01E+11,8,otc alterations permit,2007-01-04T00:00:00.000,3649,38,1060,Dolores,St,to comply with nov#200672502 . repair footing at rear stair.,expired,2010-01-11T00:00:00.000,2007-01-04T00:00:00.000,2007-01-04T00:00:00.000,2007-05-04T00:00:00.000Z,1000,1000,2 family dwelling,2 family dwelling,2,8,Noe Valley,94114,"{'latitude': '37.752468221875155', 'longitude': '-122.42562520900523', 'human_address': '{""address"": """", ""city"": """", ""state"": """", ""zip"": """"}'}",1.08E+12,,2,2,2,2,5,wood frame (5),5,wood frame (5),,,,,,
5ea1fcbac2aeecdcc61c50f8,2.01E+11,8,otc alterations permit,2007-01-04T00:00:00.000,236,19,150,California,St,"scope of work. install 2 new door holders, 1 new smoke detector in receptions area",complete,2007-01-31T00:00:00.000,2007-01-04T00:00:00.000,2007-01-04T00:00:00.000,2007-05-04T00:00:00.000Z,3500,3500,office,office,2,3,Financial District/South Beach,94111,"{'latitude': '37.79370276622121', 'longitude': '-122.39848089207443', 'human_address': '{""address"": """", ""city"": """", ""state"": """", ""zip"": """"}'}",1.08E+11,,23,23,0,0,1,constr type 1,1,constr type 1,2007-01-31T00:00:00.000,,,,,
5ea1fcbac2aeecdcc61c50f9,2.01E+11,8,otc alterations permit,2007-01-04T00:00:00.000,2062,001M,1867,25th,Av,"replace 1 window & 1 patio door, kind for kind. aluminium to wood composite, not visible from street. u-valve 0.39.",complete,2007-03-06T00:00:00.000,2007-01-04T00:00:00.000,2007-01-04T00:00:00.000,2007-07-04T00:00:00.000Z,5200,5200,1 family dwelling,1 family dwelling,0,4,Sunset/Parkside,94122,"{'latitude': '37.75270216841451', 'longitude': '-122.48314308294414', 'human_address': '{""address"": """", ""city"": """", ""state"": """", ""zip"": """"}'}",1.08E+12,,2,2,1,1,5,wood frame (5),5,wood frame (5),2007-03-06T00:00:00.000,,,,,
5ea1fcbac2aeecdcc61c50fa,2.01E+11,8,otc alterations permit,2007-01-04T00:00:00.000,2061,13,1861,24th,Av,"replace (e) siding with hardi plank in upper floor, cover (e) siding in lower floor. at rear of bldg. repair (e) back stair in kind less than 50%. approx 320 sq. ft.",complete,2007-03-12T00:00:00.000,2007-01-04T00:00:00.000,2007-01-04T00:00:00.000,2007-07-04T00:00:00.000Z,7500,7500,1 family dwelling,1 family dwelling,0,4,Sunset/Parkside,94122,"{'latitude': '37.75282033710636', 'longitude': '-122.4820769842612', 'human_address': '{""address"": """", ""city"": """", ""state"": """", ""zip"": """"}'}",1.08E+12,,1,1,1,1,5,wood frame (5),5,wood frame (5),2007-03-12T00:00:00.000,,,,,
5ea1fcbac2aeecdcc61c50fb,2.01E+11,8,otc alterations permit,2007-01-04T00:00:00.000,1365,6,153,05th,Av,"renew pa#200512190667,#200607217291 to complete work.",expired,2009-03-17T00:00:00.000,2007-01-04T00:00:00.000,2007-01-04T00:00:00.000,2007-07-04T00:00:00.000Z,10000,10000,1 family dwelling,1 family dwelling,0,2,Inner Richmond,94118,"{'latitude': '37.78589502804995', 'longitude': '-122.46388736648268', 'human_address': '{""address"": """", ""city"": """", ""state"": """", ""zip"": """"}'}",1.08E+12,0,2,2,1,1,5,wood frame (5),5,wood frame (5),,,,,,
5ea1fcbac2aeecdcc61c50fc,2.01E+11,8,otc alterations permit,2007-01-04T00:00:00.000,266,9,1,Front,St,oti-3 6th floor me,expired,2008-03-20T00:00:00.000,2007-01-04T00:00:00.000,2007-01-04T00:00:00.000,2007-07-04T00:00:00.000Z,24000,24000,office,office,2,3,Financial District/South Beach,94111,"{'latitude': '37.79175821447036', 'longitude': '-122.39891194475122', 'human_address': '{""address"": """", ""city"": """", ""state"": """", ""zip"": """"}'}",1.08E+12,,38,38,0,0,1,constr type 1,1,constr type 1,,,,,,
5ea1fcbac2aeecdcc61c50fd,M52763,8,otc alterations permit,2007-01-04T00:00:00.000,3575,37,2141,Mission,St,street space & sidewalk permit only.,issued,2007-01-04T00:00:00.000,2007-01-04T00:00:00.000,2007-01-04T00:00:00.000,,,0,,,,9,Mission,94110,"{'latitude': '37.76268558606695', 'longitude': '-122.41908647662034', 'human_address': '{""address"": """", ""city"": """", ""state"": """", ""zip"": """"}'}",1.08E+12,,,,,,,,,,,,,,,
5ea1fcbac2aeecdcc61c50fe,2.01E+11,8,otc alterations permit,2007-01-04T00:00:00.000,318,17,673,Geary,St,"partial demolition, new walls, new doors, no structural work, new ada restrooms, new bar: rev. to pa#2006/09/19/2753-general layout has changed. all other dimensions to apply, i.e., restroom heights & dimensions",complete,2007-01-12T00:00:00.000,2007-01-04T00:00:00.000,2007-01-04T00:00:00.000,2007-05-04T00:00:00.000Z,1,1,food/beverage hndlng,food/beverage hndlng,2,6,Tenderloin,94102,"{'latitude': '37.78637293250841', 'longitude': '-122.41432041426475', 'human_address': '{""address"": """", ""city"": """", ""state"": """", ""zip"": """"}'}",1.08E+11,,2,2,0,0,3,constr type 3,3,constr type 3,2007-01-12T00:00:00.000,,,,,
5ea1fcbac2aeecdcc61c50ff,M52764,8,otc alterations permit,2007-01-04T00:00:00.000,5670,36,139,Cortland,Av,street space,issued,2007-01-04T00:00:00.000,2007-01-04T00:00:00.000,2007-01-04T00:00:00.000,,,0,,,,9,Bernal Heights,94110,"{'latitude': '37.74009064598756', 'longitude': '-122.4200161043758', 'human_address': '{""address"": """", ""city"": """", ""state"": """", ""zip"": """"}'}",1.08E+12,0,,,,,,,,,,,,,,
5ea1fcbac2aeecdcc61c5100,M52765,8,otc alterations permit,2007-01-04T00:00:00.000,1054,33,2813,Bush,St,street space permit only.,issued,2007-01-04T00:00:00.000,2007-01-04T00:00:00.000,2007-01-04T00:00:00.000,,,0,,,,2,Presidio Heights,94115,"{'latitude': '37.785409730457154', 'longitude': '-122.44385913345275', 'human_address': '{""address"": """", ""city"": """", ""state"": """", ""zip"": """"}'}",1.08E+11,,,,,,,,,,,,,,,
5ea1fcbac2aeecdcc61c5101,M52766,8,otc alterations permit,2007-01-04T00:00:00.000,1290,14,158,Carmel,St,sidewalk repair,issued,2007-01-04T00:00:00.000,2007-01-04T00:00:00.000,2007-01-04T00:00:00.000,,,0,,,,5,Inner Sunset,94117,"{'latitude': '37.761035625826196', 'longitude': '-122.44995806814728', 'human_address': '{""address"": """", ""city"": """", ""state"": """", ""zip"": """"}'}",1.08E+12,0,,,,,,,,,,,,,,
5ea1fcbac2aeecdcc61c5102,2.01E+11,8,otc alterations permit,2007-01-04T00:00:00.000,2715,35,10,Grand View,Tr,"renew pa# 2005/11/16/8327 & pa# 2006/06/07/3440 for final inspection only. increase valuation to $62,000 and correct error on pa# 2005/11/16/8327 building is a 2 units building converted in 1970 application 386390.",issued,2007-01-04T00:00:00.000,2007-01-04T00:00:00.000,2007-01-04T00:00:00.000,2008-01-04T00:00:00.000Z,62000,62000,2 family dwelling,2 family dwelling,0,8,Twin Peaks,94114,"{'latitude': '37.75732456332195', 'longitude': '-122.44097752067671', 'human_address': '{""address"": """", ""city"": """", ""state"": """", ""zip"": """"}'}",1.08E+12,,2,2,2,2,5,wood frame (5),5,wood frame (5),,,,,,
5ea1fcbac2aeecdcc61c5103,2.01E+11,8,otc alterations permit,2007-01-04T00:00:00.000,1270,29,870,Ashbury,St,"recondtruction  landscape/ front yard retaining walls, ad underpinning front foundation of  existing house structure.,",issued,2007-01-04T00:00:00.000,2007-01-04T00:00:00.000,2007-01-04T00:00:00.000,2008-01-04T00:00:00.000Z,29000,29000,1 family dwelling,1 family dwelling,2,8,Haight Ashbury,94117,"{'latitude': '37.76616309972431', 'longitude': '-122.44584898321351', 'human_address': '{""address"": """", ""city"": """", ""state"": """", ""zip"": """"}'}",1.08E+11,,3,3,1,1,5,wood frame (5),5,wood frame (5),,,,,,
5ea1fcbac2aeecdcc61c5104,2.01E+11,8,otc alterations permit,2007-01-04T00:00:00.000,1379,16,5700,California,St,renewal of expire pa# 2006/02/02/3646 for final inspection.,complete,2007-01-05T00:00:00.000,2007-01-04T00:00:00.000,2007-01-04T00:00:00.000,2007-05-04T00:00:00.000Z,1,1,apartments,apartments,0,1,Outer Richmond,94121,"{'latitude': '37.78433744648842', 'longitude': '-122.4788523830236', 'human_address': '{""address"": """", ""city"": """", ""state"": """", ""zip"": """"}'}",1.08E+11,,4,4,12,12,5,wood frame (5),5,wood frame (5),2007-01-05T00:00:00.000,,,,,
5ea1fcbac2aeecdcc61c5105,2.01E+11,8,otc alterations permit,2007-01-04T00:00:00.000,7,1,400,Jefferson,St,install an automatic fire suppression system to the cooking hood. using range guard ul 300 2.5 gallon wet chemical,expired,2009-03-02T00:00:00.000,2007-01-04T00:00:00.000,2007-01-04T00:00:00.000,2007-05-04T00:00:00.000Z,2100,2100,food/beverage hndlng,food/beverage hndlng,2,2,Russian Hill,94133,"{'latitude': '37.808160114437925', 'longitude': '-122.41999826910967', 'human_address': '{""address"": """", ""city"": """", ""state"": """", ""zip"": """"}'}",1.08E+12,,2,2,0,0,5,wood frame (5),5,wood frame (5),,,,,,
5ea1fcbac2aeecdcc61c5106,2.01E+11,8,otc alterations permit,2007-01-04T00:00:00.000,1361,20,3923,California,St,kitchen & bathroom were updated prior to  ownership w/o permits. permits are to legalized both kitchen and bathroom (no changes to partitions or windows).,expired,2008-10-27T00:00:00.000,2007-01-04T00:00:00.000,2007-01-04T00:00:00.000,2007-07-04T00:00:00.000Z,16000,16000,2 family dwelling,2 family dwelling,0,1,Inner Richmond,94118,"{'latitude': '37.78537172683489', 'longitude': '-122.46005593994607', 'human_address': '{""address"": """", ""city"": """", ""state"": """", ""zip"": """"}'}",1.08E+11,,3,3,2,2,5,wood frame (5),5,wood frame (5),,,,,,
5ea1fcbac2aeecdcc61c5107,2.01E+11,8,otc alterations permit,2007-01-04T00:00:00.000,6356,11,542,Sawyer,St,"replace fire damage one window size 24"" x 36"" at the rear. additional item to pa# 2006/12/21/0346. no change to construction cost.",complete,2007-08-27T00:00:00.000,2007-01-04T00:00:00.000,2007-01-04T00:00:00.000,2007-05-04T00:00:00.000Z,1,1,1 family dwelling,1 family dwelling,0,10,Visitacion Valley,94134,"{'latitude': '37.71083842086488', 'longitude': '-122.41575920096828', 'human_address': '{""address"": """", ""city"": """", ""state"": """", ""zip"": """"}'}",1.08E+12,,1,1,1,1,5,wood frame (5),5,wood frame (5),2007-08-27T00:00:00.000,,,,,
5ea1fcbac2aeecdcc61c5108,M52768,8,otc alterations permit,2007-01-04T00:00:00.000,1498,39,542,47th,Av,street space & sidewalk permit,issued,2007-01-04T00:00:00.000,2007-01-04T00:00:00.000,2007-01-04T00:00:00.000,,,0,,,,1,Outer Richmond,94121,"{'latitude': '37.778110600617715', 'longitude': '-122.50790554112474', 'human_address': '{""address"": """", ""city"": """", ""state"": """", ""zip"": """"}'}",1.08E+12,,,,,,,,,,,,,,,
5ea1fcbac2aeecdcc61c5109,M52767,8,otc alterations permit,2007-01-04T00:00:00.000,835,2,1438,Market,St,verification and additional address,issued,2007-01-04T00:00:00.000,2007-01-04T00:00:00.000,2007-01-04T00:00:00.000,,,0,,,,6,Tenderloin,94102,"{'latitude': '37.77622045290004', 'longitude': '-122.41843589855435', 'human_address': '{""address"": """", ""city"": """", ""state"": """", ""zip"": """"}'}",1.08E+12,,,,,,,,,,,,,,,
5ea1fcbac2aeecdcc61c510a,M52767,8,otc alterations permit,2007-01-04T00:00:00.000,835,2,1440,Market,St,verification and additional address,issued,2007-01-04T00:00:00.000,2007-01-04T00:00:00.000,2007-01-04T00:00:00.000,,,0,,,,6,Tenderloin,94102,"{'latitude': '37.77622045290004', 'longitude': '-122.41843589855435', 'human_address': '{""address"": """", ""city"": """", ""state"": """", ""zip"": """"}'}",1.08E+12,,,,,,,,,,,,,,,
5ea1fcbac2aeecdcc61c510b,M52767,8,otc alterations permit,2007-01-04T00:00:00.000,835,2,1442,Market,St,verification and additional address,issued,2007-01-04T00:00:00.000,2007-01-04T00:00:00.000,2007-01-04T00:00:00.000,,,0,,,,6,Tenderloin,94102,"{'latitude': '37.77622045290004', 'longitude': '-122.41843589855435', 'human_address': '{""address"": """", ""city"": """", ""state"": """", ""zip"": """"}'}",1.08E+12,,,,,,,,,,,,,,,
5ea1fcbac2aeecdcc61c510c,M52767,8,otc alterations permit,2007-01-04T00:00:00.000,835,2,1444,Market,St,verification and additional address,issued,2007-01-04T00:00:00.000,2007-01-04T00:00:00.000,2007-01-04T00:00:00.000,,,0,,,,6,Tenderloin,94102,"{'latitude': '37.77622045290004', 'longitude': '-122.41843589855435', 'human_address': '{""address"": """", ""city"": """", ""state"": """", ""zip"": """"}'}",1.08E+11,,,,,,,,,,,,,,,
5ea1fcbac2aeecdcc61c510d,2.01E+11,8,otc alterations permit,2007-01-04T00:00:00.000,3717,21,150,Spear,St,oti-1  7th floor el me ls sp,complete,2007-07-17T00:00:00.000,2007-01-04T00:00:00.000,2007-01-04T00:00:00.000,2008-01-04T00:00:00.000Z,150000,150000,office,office,2,6,Financial District/South Beach,94105,"{'latitude': '37.79175339067497', 'longitude': '-122.39361386013451', 'human_address': '{""address"": """", ""city"": """", ""state"": """", ""zip"": """"}'}",1.08E+12,,17,17,0,0,1,constr type 1,1,constr type 1,2007-07-17T00:00:00.000,,,,,
5ea1fcbac2aeecdcc61c510e,2.01E+11,8,otc alterations permit,2007-01-04T00:00:00.000,1022,23,3233,Sacramento,St,"foundation improvements only under this permit. handicapped access issues to comply with adminnistrative bulletin #ab-017, sfbc '2001",issued,2007-01-04T00:00:00.000,2007-01-04T00:00:00.000,2007-01-04T00:00:00.000,2007-07-04T00:00:00.000Z,20000,20000,office,office,2,2,Presidio Heights,94115,"{'latitude': '37.78801461960107', 'longitude': '-122.44613203865055', 'human_address': '{""address"": """", ""city"": """", ""state"": """", ""zip"": """"}'}",1.08E+11,,2,2,0,0,5,wood frame (5),5,wood frame (5),,,,,,
5ea1fcbac2aeecdcc61c510f,2.01E+11,8,otc alterations permit,2007-01-04T00:00:00.000,1022,23,3237,Sacramento,St,"foundation improvements only under this permit. handicapped access issues to comply with adminnistrative bulletin #ab-017, sfbc '2001",issued,2007-01-04T00:00:00.000,2007-01-04T00:00:00.000,2007-01-04T00:00:00.000,2007-07-04T00:00:00.000Z,20000,20000,office,office,2,2,Presidio Heights,94115,"{'latitude': '37.78801461960107', 'longitude': '-122.44613203865055', 'human_address': '{""address"": """", ""city"": """", ""state"": """", ""zip"": """"}'}",1.08E+12,,2,2,0,0,5,wood frame (5),5,wood frame (5),,,,,,
5ea1fcbac2aeecdcc61c5110,2.01E+11,8,otc alterations permit,2007-01-04T00:00:00.000,3541,18,2150,15th,St,remodel existing kitchens-3 and baths-4  no change to windows or partitions in each unit.,complete,2007-07-13T00:00:00.000,2007-01-04T00:00:00.000,2007-01-04T00:00:00.000,2008-01-04T00:00:00.000Z,70000,70000,apartments,apartments,0,8,Castro/Upper Market,94114,"{'latitude': '37.76617064210269', 'longitude': '-122.43222256485817', 'human_address': '{""address"": """", ""city"": """", ""state"": """", ""zip"": """"}'}",1.08E+12,,3,3,3,3,5,wood frame (5),5,wood frame (5),2007-07-13T00:00:00.000,,,,,
5ea1fcbac2aeecdcc61c5111,2.01E+11,8,otc alterations permit,2007-01-04T00:00:00.000,3541,18,2154,15th,St,remodel existing kitchens-3 and baths-4  no change to windows or partitions in each unit.,complete,2007-07-13T00:00:00.000,2007-01-04T00:00:00.000,2007-01-04T00:00:00.000,2008-01-04T00:00:00.000Z,70000,70000,apartments,apartments,0,8,Castro/Upper Market,94114,"{'latitude': '37.76617064210269', 'longitude': '-122.43222256485817', 'human_address': '{""address"": """", ""city"": """", ""state"": """", ""zip"": """"}'}",1.08E+12,,3,3,3,3,5,wood frame (5),5,wood frame (5),2007-07-13T00:00:00.000,,,,,
5ea1fcbac2aeecdcc61c5112,M52769,8,otc alterations permit,2007-01-04T00:00:00.000,3560,15,2298,Market,St,street space & sidewalk permit only.,issued,2007-01-04T00:00:00.000,2007-01-04T00:00:00.000,2007-01-04T00:00:00.000,,,0,,,,8,Castro/Upper Market,94114,"{'latitude': '37.764660433717985', 'longitude': '-122.43292243432423', 'human_address': '{""address"": """", ""city"": """", ""state"": """", ""zip"": """"}'}",1.08E+12,,,,,,,,,,,,,,,
5ea1fcbac2aeecdcc61c5113,M52884,8,otc alterations permit,2007-01-04T00:00:00.000,1439,40,637,Clement,St,sidewalk permit only.,issued,2007-01-04T00:00:00.000,2007-01-04T00:00:00.000,2007-01-04T00:00:00.000,,,0,,,,1,Inner Richmond,94118,"{'latitude': '37.78262073805518', 'longitude': '-122.46614333046185', 'human_address': '{""address"": """", ""city"": """", ""state"": """", ""zip"": """"}'}",1.08E+11,,,,,,,,,,,,,,,
5ea1fcbac2aeecdcc61c5114,2.01E+11,8,otc alterations permit,2007-01-04T00:00:00.000,2459,26,2626,Wawona,St,remodel kitchen. remove old cuyboards. counters sink-appliances. replace with new. remove old floor tile-replace with new.,expired,2010-07-01T00:00:00.000,2007-01-04T00:00:00.000,2007-01-04T00:00:00.000,2007-07-04T00:00:00.000Z,24000,24000,1 family dwelling,1 family dwelling,0,4,Sunset/Parkside,94116,"{'latitude': '37.736828254628456', 'longitude': '-122.49514045837954', 'human_address': '{""address"": """", ""city"": """", ""state"": """", ""zip"": """"}'}",1.08E+12,,1,1,1,1,5,wood frame (5),5,wood frame (5),,,,,,
5ea1fcbac2aeecdcc61c5115,M52770,8,otc alterations permit,2007-01-04T00:00:00.000,2607,34,274,Roosevelt,Wy,street space & sidewalk permit only.,issued,2007-01-04T00:00:00.000,2007-01-04T00:00:00.000,2007-01-04T00:00:00.000,,,0,,,,8,Castro/Upper Market,94117,"{'latitude': '37.76580792219555', 'longitude': '-122.44099150438457', 'human_address': '{""address"": """", ""city"": """", ""state"": """", ""zip"": """"}'}",1.08E+12,,,,,,,,,,,,,,,
5ea1fcbac2aeecdcc61c5116,M52771,8,otc alterations permit,2007-01-04T00:00:00.000,7122,8,4140,19th,Av,street space & sidewalk permit only.,issued,2007-01-04T00:00:00.000,2007-01-04T00:00:00.000,2007-01-04T00:00:00.000,,,0,,,,11,Oceanview/Merced/Ingleside,94132,"{'latitude': '37.713725275919025', 'longitude': '-122.469105631897', 'human_address': '{""address"": """", ""city"": """", ""state"": """", ""zip"": """"}'}",1.08E+12,,,,,,,,,,,,,,,
5ea1fcbac2aeecdcc61c5117,M52772,8,otc alterations permit,2007-01-04T00:00:00.000,5678,008A,133,Ellert,St,street space permit only.,issued,2007-01-04T00:00:00.000,2007-01-04T00:00:00.000,2007-01-04T00:00:00.000,,,0,,,,9,Bernal Heights,94110,"{'latitude': '37.73846383421109', 'longitude': '-122.41688725720884', 'human_address': '{""address"": """", ""city"": """", ""state"": """", ""zip"": """"}'}",1.08E+12,,,,,,,,,,,,,,,
5ea1fcbac2aeecdcc61c5118,2.01E+11,3,additions alterations or repairs,2007-01-04T00:00:00.000,491,1,2001,Chestnut,St,adding entertainment permit to full service restaurant. nned to have planning approval,cancelled,2009-09-16T00:00:00.000,2007-01-04T00:00:00.000,,,1,,food/beverage hndlng,food/beverage hndlng,0,2,Marina,94123,"{'latitude': '37.80055404683153', 'longitude': '-122.43651042613021', 'human_address': '{""address"": """", ""city"": """", ""state"": """", ""zip"": """"}'}",1.08E+11,,1,1,0,0,5,wood frame (5),5,wood frame (5),,,,,,
5ea1fcbac2aeecdcc61c5119,M52782,8,otc alterations permit,2007-01-04T00:00:00.000,3545,16,286,Guerrero,St,street space,issued,2007-01-04T00:00:00.000,2007-01-04T00:00:00.000,2007-01-04T00:00:00.000,,,0,,,,8,Mission,94103,"{'latitude': '37.76665914684608', 'longitude': '-122.42460014347957', 'human_address': '{""address"": """", ""city"": """", ""state"": """", ""zip"": """"}'}",1.08E+12,,,,,,,,,,,,,,,
5ea1fcbac2aeecdcc61c511a,2.01E+11,3,additions alterations or repairs,2007-01-04T00:00:00.000,2504A,001D,2719,35th,Av,rear yard horizontal addition and vertical addition of new third floor master suite. miscellaneous interior remodeling including new stair  to service all the three levels,cancelled,2011-08-10T00:00:00.000,2007-01-04T00:00:00.000,,,200000,300000,1 family dwelling,1 family dwelling,2,4,Sunset/Parkside,94116,"{'latitude': '37.73653122996039', 'longitude': '-122.49275327250355', 'human_address': '{""address"": """", ""city"": """", ""state"": """", ""zip"": """"}'}",1.08E+12,,2,3,1,1,5,wood frame (5),5,wood frame (5),,Y,Y,,,
5ea1fcbac2aeecdcc61c511b,2.01E+11,8,otc alterations permit,2007-01-04T00:00:00.000,1755,23,529,Hugo,St,"remodel of kitchen & bathroom to 533 hugo st. new kitchen cabinets, counter-tops & appliances, new fixtures & tile to bathroom. 50% of kitchen light wattage must be of flourescent. provide flourescent lights or manual on ""occupancy sensor in bathroom.",complete,2007-04-20T00:00:00.000,2007-01-04T00:00:00.000,2007-01-04T00:00:00.000,2008-01-04T00:00:00.000Z,30000,30000,apartments,apartments,0,5,Inner Sunset,94122,"{'latitude': '37.76485550962329', 'longitude': '-122.46372927468245', 'human_address': '{""address"": """", ""city"": """", ""state"": """", ""zip"": """"}'}",1.08E+12,0,3,3,3,3,5,wood frame (5),5,wood frame (5),2007-04-20T00:00:00.000,,,,,
5ea1fcbac2aeecdcc61c511c,2.01E+11,8,otc alterations permit,2007-01-04T00:00:00.000,1755,23,531,Hugo,St,"remodel of kitchen & bathroom to 533 hugo st. new kitchen cabinets, counter-tops & appliances, new fixtures & tile to bathroom. 50% of kitchen light wattage must be of flourescent. provide flourescent lights or manual on ""occupancy sensor in bathroom.",complete,2007-04-20T00:00:00.000,2007-01-04T00:00:00.000,2007-01-04T00:00:00.000,2008-01-04T00:00:00.000Z,30000,30000,apartments,apartments,0,5,Inner Sunset,94122,"{'latitude': '37.76485550962329', 'longitude': '-122.46372927468245', 'human_address': '{""address"": """", ""city"": """", ""state"": """", ""zip"": """"}'}",1.08E+12,,3,3,3,3,5,wood frame (5),5,wood frame (5),2007-04-20T00:00:00.000,,,,,
5ea1fcbac2aeecdcc61c511d,2.01E+11,8,otc alterations permit,2007-01-04T00:00:00.000,1755,23,533,Hugo,St,"remodel of kitchen & bathroom to 533 hugo st. new kitchen cabinets, counter-tops & appliances, new fixtures & tile to bathroom. 50% of kitchen light wattage must be of flourescent. provide flourescent lights or manual on ""occupancy sensor in bathroom.",complete,2007-04-20T00:00:00.000,2007-01-04T00:00:00.000,2007-01-04T00:00:00.000,2008-01-04T00:00:00.000Z,30000,30000,apartments,apartments,0,5,Inner Sunset,94122,"{'latitude': '37.76485550962329', 'longitude': '-122.46372927468245', 'human_address': '{""address"": """", ""city"": """", ""state"": """", ""zip"": """"}'}",1.08E+12,0,3,3,3,3,5,wood frame (5),5,wood frame (5),2007-04-20T00:00:00.000,,,,,
5ea1fcbac2aeecdcc61c511e,2.01E+11,8,otc alterations permit,2007-01-04T00:00:00.000,6652,3,18,Harper,St,"interior remodel: new cabinery, counters, flooring & finishes, new appliances, lighting & plumbing fixtures, infill exisiting and add  new wood sididng, new  non property line windows,new ducts @ kitchen hood & w/p, new skylight, lno work on lany other location or unit on property",issued,2007-01-04T00:00:00.000,2007-01-04T00:00:00.000,2007-01-04T00:00:00.000,2008-01-04T00:00:00.000Z,24000,42000,2 family dwelling,2 family dwelling,2,,,,,1.08E+12,,3,3,2,2,5,wood frame (5),5,wood frame (5),,,,,,
5ea1fcbac2aeecdcc61c511f,2.01E+11,8,otc alterations permit,2007-01-04T00:00:00.000,6444,2,26,Seville,St,"legalize rooms at groundfloor level. to comply w/ n.o.v. #200683017. remove bathroom, kitchen & bedroom, dining room on groundfloor.",complete,2007-10-09T00:00:00.000,2007-01-04T00:00:00.000,2007-01-04T00:00:00.000,2007-05-04T00:00:00.000Z,5000,5000,1 family dwelling,1 family dwelling,2,11,Excelsior,94112,"{'latitude': '37.71225172984296', 'longitude': '-122.4347135496256', 'human_address': '{""address"": """", ""city"": """", ""state"": """", ""zip"": """"}'}",1.08E+12,,2,2,1,1,5,wood frame (5),5,wood frame (5),2007-10-09T00:00:00.000,,,,,
5ea1fcbac2aeecdcc61c5120,M52783,8,otc alterations permit,2007-01-04T00:00:00.000,5518,004A,47,Powers,Av,street space permit,issued,2007-01-04T00:00:00.000,2007-01-04T00:00:00.000,2007-01-04T00:00:00.000,,,0,,,,9,Bernal Heights,94110,"{'latitude': '37.74593308725132', 'longitude': '-122.41844514362744', 'human_address': '{""address"": """", ""city"": """", ""state"": """", ""zip"": """"}'}",1.08E+12,,,,,,,,,,,,,,,
5ea1fcbac2aeecdcc61c5121,M52784,8,otc alterations permit,2007-01-04T00:00:00.000,804,1,699,Webster,St,sidewalk repair,issued,2007-01-04T00:00:00.000,2007-01-04T00:00:00.000,2007-01-04T00:00:00.000,,,0,,,,5,Hayes Valley,94117,"{'latitude': '37.77681862505499', 'longitude': '-122.4299170395994', 'human_address': '{""address"": """", ""city"": """", ""state"": """", ""zip"": """"}'}",1.08E+11,,,,,,,,,,,,,,,
5ea1fcbac2aeecdcc61c5122,2.01E+11,8,otc alterations permit,2007-01-04T00:00:00.000,3258,16,380,Santa Ana,Av,work to be done as per pest control report# 06917.,complete,2007-02-05T00:00:00.000,2007-01-04T00:00:00.000,2007-01-04T00:00:00.000,2007-07-04T00:00:00.000Z,6000,6000,1 family dwelling,1 family dwelling,0,7,West of Twin Peaks,94127,"{'latitude': '37.73014298335824', 'longitude': '-122.46851938049694', 'human_address': '{""address"": """", ""city"": """", ""state"": """", ""zip"": """"}'}",1.08E+12,,2,2,1,1,5,wood frame (5),5,wood frame (5),2007-02-05T00:00:00.000,,,,,
5ea1fcbac2aeecdcc61c5123,2.01E+11,3,additions alterations or repairs,2007-01-04T00:00:00.000,5706,19,579,Moultrie,St,remodelng of existing two story over garage dwellings new foundation partial and remodeling at lower floor level. reworking  bathroom new bath fixtures and tile work and remodeling part of kitchen area at main floor replacing received second means of egress at rear.,complete,2008-01-25T00:00:00.000,2007-01-04T00:00:00.000,2007-04-18T00:00:00.000,2008-04-18T00:00:00.000Z,35000,135000,2 family dwelling,2 family dwelling,2,9,Bernal Heights,94110,"{'latitude': '37.73747099537671', 'longitude': '-122.41574176641718', 'human_address': '{""address"": """", ""city"": """", ""state"": """", ""zip"": """"}'}",1.08E+12,,3,3,2,2,5,wood frame (5),5,wood frame (5),2008-01-25T00:00:00.000,,,,,
5ea1fcbac2aeecdcc61c5124,2.01E+11,8,otc alterations permit,2007-01-04T00:00:00.000,3587,056B,72,Oakwood,St,renew pa# 2004/11/03/8384 for final inspection.,complete,2007-01-17T00:00:00.000,2007-01-04T00:00:00.000,2007-01-04T00:00:00.000,2007-05-04T00:00:00.000Z,1,1,1 family dwelling,1 family dwelling,0,8,Mission,94110,"{'latitude': '37.76049276996192', 'longitude': '-122.42520175506809', 'human_address': '{""address"": """", ""city"": """", ""state"": """", ""zip"": """"}'}",1.08E+12,,2,2,1,1,5,wood frame (5),5,wood frame (5),2007-01-17T00:00:00.000,,,,,
5ea1fcbac2aeecdcc61c5125,2.01E+11,8,otc alterations permit,2007-01-04T00:00:00.000,670,17,1485,Bush,St,renew pa#200304253119 & pa#200401224591 to comply with orinance #17202.,complete,2007-01-08T00:00:00.000,2007-01-04T00:00:00.000,2007-01-04T00:00:00.000,2007-05-04T00:00:00.000Z,1,1,residential hotel,residential hotel,0,3,Nob Hill,94109,"{'latitude': '37.78838966132237', 'longitude': '-122.4216065567673', 'human_address': '{""address"": """", ""city"": """", ""state"": """", ""zip"": """"}'}",1.08E+11,,5,5,26,26,4,constr type 4,4,constr type 4,2007-01-08T00:00:00.000,,,,,
5ea1fcbac2aeecdcc61c5126,2.01E+11,8,otc alterations permit,2007-01-04T00:00:00.000,309,28,130,Geary,St,"interior tenant improvements to an exist retail store, work incl new architectural finishes, minor interior partition removal & construction new light fixtures and new casework. install a new auto door opening device at entry doors.",complete,2007-05-15T00:00:00.000,2007-01-04T00:00:00.000,2007-01-04T00:00:00.000,2008-01-04T00:00:00.000Z,113200,113200,retail sales,retail sales,2,3,Financial District/South Beach,94108,"{'latitude': '37.78797495990105', 'longitude': '-122.40545562252332', 'human_address': '{""address"": """", ""city"": """", ""state"": """", ""zip"": """"}'}",1.08E+11,,5,5,0,0,3,constr type 3,3,constr type 3,2007-05-15T00:00:00.000,,,,,
5ea1fcbac2aeecdcc61c5127,2.01E+11,8,otc alterations permit,2007-01-04T00:00:00.000,6752,65,15,Rotteck,St,to comply with nov# 200685005. install the handrail in front of the house. comply to bldg. code.,complete,2007-03-02T00:00:00.000,2007-01-04T00:00:00.000,2007-01-04T00:00:00.000,2007-05-04T00:00:00.000Z,300,300,1 family dwelling,1 family dwelling,0,8,Outer Mission,94112,"{'latitude': '37.732781332005516', 'longitude': '-122.4308042433541', 'human_address': '{""address"": """", ""city"": """", ""state"": """", ""zip"": """"}'}",1.08E+12,,3,3,1,1,5,wood frame (5),5,wood frame (5),2007-03-02T00:00:00.000,,,,,
5ea1fcbac2aeecdcc61c5128,2.01E+11,3,additions alterations or repairs,2007-01-04T00:00:00.000,5673,16,23,Cortland,Av,work to comply with report #3r-4600.,complete,2007-02-08T00:00:00.000,2007-01-04T00:00:00.000,2007-01-10T00:00:00.000,2007-05-10T00:00:00.000Z,700,700,2 family dwelling,2 family dwelling,0,9,Bernal Heights,94110,"{'latitude': '37.740989527337796', 'longitude': '-122.42212119003149', 'human_address': '{""address"": """", ""city"": """", ""state"": """", ""zip"": """"}'}",1.08E+12,,3,3,2,2,5,wood frame (5),5,wood frame (5),2007-02-08T00:00:00.000,,,,,
5ea1fcbac2aeecdcc61c5129,2.01E+11,3,additions alterations or repairs,2007-01-04T00:00:00.000,5673,16,25,Cortland,Av,work to comply with report #3r-4600.,complete,2007-02-08T00:00:00.000,2007-01-04T00:00:00.000,2007-01-10T00:00:00.000,2007-05-10T00:00:00.000Z,700,700,2 family dwelling,2 family dwelling,0,9,Bernal Heights,94110,"{'latitude': '37.740989527337796', 'longitude': '-122.42212119003149', 'human_address': '{""address"": """", ""city"": """", ""state"": """", ""zip"": """"}'}",1.08E+12,,3,3,2,2,5,wood frame (5),5,wood frame (5),2007-02-08T00:00:00.000,,,,,
5ea1fcbac2aeecdcc61c512a,2.01E+11,3,additions alterations or repairs,2007-01-04T00:00:00.000,1332,22,2526,Lake,St,comply to 3-r report 4680. building and housing inspector reports #4 & #5 for room in garage.,complete,2007-02-28T00:00:00.000,2007-01-04T00:00:00.000,2007-01-29T00:00:00.000,2007-07-29T00:00:00.000Z,2000,8000,2 family dwelling,2 family dwelling,2,2,Seacliff,94121,"{'latitude': '37.78591993757803', 'longitude': '-122.48676880160062', 'human_address': '{""address"": """", ""city"": """", ""state"": """", ""zip"": """"}'}",1.08E+11,,3,3,2,2,5,wood frame (5),5,wood frame (5),2007-02-28T00:00:00.000,,,,,
5ea1fcbac2aeecdcc61c512b,2.01E+11,3,additions alterations or repairs,2007-01-04T00:00:00.000,1332,22,2528,Lake,St,comply to 3-r report 4680. building and housing inspector reports #4 & #5 for room in garage.,complete,2007-02-28T00:00:00.000,2007-01-04T00:00:00.000,2007-01-29T00:00:00.000,2007-07-29T00:00:00.000Z,2000,8000,2 family dwelling,2 family dwelling,2,2,Seacliff,94121,"{'latitude': '37.78591993757803', 'longitude': '-122.48676880160062', 'human_address': '{""address"": """", ""city"": """", ""state"": """", ""zip"": """"}'}",1.08E+12,,3,3,2,2,5,wood frame (5),5,wood frame (5),2007-02-28T00:00:00.000,,,,,
5ea1fcbac2aeecdcc61c512c,M52822,8,otc alterations permit,2007-01-04T00:00:00.000,6665,51,71,Miguel,St,street space,issued,2007-01-04T00:00:00.000,2007-01-04T00:00:00.000,2007-01-04T00:00:00.000,,,0,,,,8,Glen Park,94131,"{'latitude': '37.739044384830244', 'longitude': '-122.4290875044962', 'human_address': '{""address"": """", ""city"": """", ""state"": """", ""zip"": """"}'}",1.08E+12,,,,,,,,,,,,,,,
5ea1fcbac2aeecdcc61c512d,2.01E+11,8,otc alterations permit,2007-01-04T00:00:00.000,1411,15,282,23rd,Av,"revision to app #200604148993. infill the wall at the 2nd floor only. extend 2nd story 2""x8s''",complete,2008-12-22T00:00:00.000,2007-01-04T00:00:00.000,2007-01-04T00:00:00.000,2007-05-04T00:00:00.000Z,400,400,2 family dwelling,2 family dwelling,2,1,Outer Richmond,94121,"{'latitude': '37.782480194612', 'longitude': '-122.48249693223697', 'human_address': '{""address"": """", ""city"": """", ""state"": """", ""zip"": """"}'}",1.08E+11,,2,2,2,2,5,wood frame (5),5,wood frame (5),2008-12-22T00:00:00.000,Y,,,,
5ea1fcbac2aeecdcc61c512e,M52803,8,otc alterations permit,2007-01-04T00:00:00.000,1422,6,233,11th,Av,street space,issued,2007-01-04T00:00:00.000,2007-01-04T00:00:00.000,2007-01-04T00:00:00.000,,,0,,,,1,Inner Richmond,94118,"{'latitude': '37.78393455544194', 'longitude': '-122.47019146848605', 'human_address': '{""address"": """", ""city"": """", ""state"": """", ""zip"": """"}'}",1.08E+12,,,,,,,,,,,,,,,
5ea1fcbac2aeecdcc61c512f,2.01E+11,8,otc alterations permit,2007-01-04T00:00:00.000,506,39,3132,Laguna,St,cut 36' of 2 x 6 floor repair dry rot replace flooring on ground floor concrete slab due to sewer repairs. new floor joist to be pressure treated.,complete,2007-03-14T00:00:00.000,2007-01-04T00:00:00.000,2007-01-04T00:00:00.000,2007-05-04T00:00:00.000Z,4000,4000,1 family dwelling,1 family dwelling,0,2,Marina,94123,"{'latitude': '37.80009191923437', 'longitude': '-122.43073188052868', 'human_address': '{""address"": """", ""city"": """", ""state"": """", ""zip"": """"}'}",1.08E+11,,1,1,1,1,5,wood frame (5),5,wood frame (5),2007-03-14T00:00:00.000,,,,,
5ea1fcbac2aeecdcc61c5130,2.01E+11,3,additions alterations or repairs,2007-01-04T00:00:00.000,130,43,766,Vallejo,St,installation of unmanned telecommunication facility. installation of 3 antennas located on the rooftop of the building. installation of sprint cabinets on the 4th floor. installation of coax cable runs from cabinets to antennas. installation of power & telephone service.,cancelled,2013-06-05T00:00:00.000,2007-01-04T00:00:00.000,,,50000,,prkng garage/public,prkng garage/public,2,3,Chinatown,94133,"{'latitude': '37.79872657122672', 'longitude': '-122.40991067669911', 'human_address': '{""address"": """", ""city"": """", ""state"": """", ""zip"": """"}'}",1.08E+12,,4,4,0,0,2,constr type 2,2,constr type 2,,,,,,
5ea1fcbac2aeecdcc61c5131,2.01E+11,3,additions alterations or repairs,2007-01-04T00:00:00.000,3600,005A,748,Church,St,install new retaining wall in front of (e) deteriorated wall in backyard.,complete,2007-08-27T00:00:00.000,2007-01-04T00:00:00.000,2007-02-06T00:00:00.000,2008-02-06T00:00:00.000Z,30000,42000,fence/retaining wall,fence/retaining wall,2,8,Castro/Upper Market,94114,"{'latitude': '37.7586535928751', 'longitude': '-122.42837698054784', 'human_address': '{""address"": """", ""city"": """", ""state"": """", ""zip"": """"}'}",1.08E+12,,0,0,0,0,5,wood frame (5),5,wood frame (5),2007-08-27T00:00:00.000,,,,,
5ea1fcbac2aeecdcc61c5132,2.01E+11,8,otc alterations permit,2007-01-04T00:00:00.000,1050,18,1836,Divisadero,St,revision to application #2006/11/13/7535- extension of grease duct 10 ft.,complete,2007-05-03T00:00:00.000,2007-01-04T00:00:00.000,2007-01-04T00:00:00.000,2007-05-04T00:00:00.000Z,100,100,food/beverage hndlng,food/beverage hndlng,2,2,Pacific Heights,94115,"{'latitude': '37.78672451334801', 'longitude': '-122.43978142222043', 'human_address': '{""address"": """", ""city"": """", ""state"": """", ""zip"": """"}'}",1.08E+11,,3,3,2,2,5,wood frame (5),5,wood frame (5),2007-05-03T00:00:00.000,,,,,
5ea1fcbac2aeecdcc61c5133,2.01E+11,8,otc alterations permit,2007-01-04T00:00:00.000,1557,19,1348,Balboa,St,reroofing,issued,2007-01-04T00:00:00.000,2007-01-04T00:00:00.000,2007-01-04T00:00:00.000,2007-05-04T00:00:00.000Z,5000,5000,2 family dwelling,2 family dwelling,0,1,Outer Richmond,94118,"{'latitude': '37.77704494837567', 'longitude': '-122.47342879044996', 'human_address': '{""address"": """", ""city"": """", ""state"": """", ""zip"": """"}'}",1.08E+12,,,,,,,,,,,,,,,
5ea1fcbac2aeecdcc61c5134,2.01E+11,8,otc alterations permit,2007-01-04T00:00:00.000,3779,94,23,Boardman,Pl,renew app #200510034554 to continue work,complete,2007-11-06T00:00:00.000,2007-01-04T00:00:00.000,2007-01-04T00:00:00.000,2007-07-04T00:00:00.000Z,12000,12000,1 family dwelling,1 family dwelling,0,6,South of Market,94103,"{'latitude': '37.77496346572107', 'longitude': '-122.40301192500526', 'human_address': '{""address"": """", ""city"": """", ""state"": """", ""zip"": """"}'}",1.08E+12,,1,1,1,1,5,wood frame (5),5,wood frame (5),2007-11-06T00:00:00.000,,,,,
5ea1fcbac2aeecdcc61c5135,M52862,8,otc alterations permit,2007-01-04T00:00:00.000,1927A,7,1674,17th,Av,sidewalk repair permit,issued,2007-01-04T00:00:00.000,2007-01-04T00:00:00.000,2007-01-04T00:00:00.000,,,0,,,,7,Inner Sunset,94122,"{'latitude': '37.756704319373256', 'longitude': '-122.474204346103', 'human_address': '{""address"": """", ""city"": """", ""state"": """", ""zip"": """"}'}",1.08E+12,,,,,,,,,,,,,,,
5ea1fcbac2aeecdcc61c5136,M52863,8,otc alterations permit,2007-01-04T00:00:00.000,654,6,2322,Pine,St,street space & sidewalk permit only.,issued,2007-01-04T00:00:00.000,2007-01-04T00:00:00.000,2007-01-04T00:00:00.000,,,0,,,,2,Pacific Heights,94115,"{'latitude': '37.7881207605749', 'longitude': '-122.43415237226446', 'human_address': '{""address"": """", ""city"": """", ""state"": """", ""zip"": """"}'}",1.08E+11,,,,,,,,,,,,,,,
5ea1fcbac2aeecdcc61c5137,2.01E+11,8,otc alterations permit,2007-01-04T00:00:00.000,808,6,406,Hayes,St,upgrade  (e) range gard replace (e) nozzles & tank as /if needed repipe as/if needed for 6 gal. system,expired,2011-03-28T00:00:00.000,2007-01-04T00:00:00.000,2007-01-04T00:00:00.000,2007-05-04T00:00:00.000Z,3500,3500,food/beverage hndlng,food/beverage hndlng,2,5,Hayes Valley,94102,"{'latitude': '37.7770669107761', 'longitude': '-122.42327130488013', 'human_address': '{""address"": """", ""city"": """", ""state"": """", ""zip"": """"}'}",1.08E+11,,1,1,0,0,5,wood frame (5),5,wood frame (5),,,,,,
5ea1fcbac2aeecdcc61c5138,2.01E+11,8,otc alterations permit,2007-01-04T00:00:00.000,5670,5,214,Elsie,St,renovation of (e) kitchen & 1/2 bath in upper story unit. replace (e) windows in same (change to double pane insulated) back of house. install flourescent lights in kitchen & 1/2 bath to comply with energy regulations.,complete,2007-06-14T00:00:00.000,2007-01-04T00:00:00.000,2007-01-04T00:00:00.000,2007-07-04T00:00:00.000Z,12000,12000,2 family dwelling,2 family dwelling,0,9,Bernal Heights,94110,"{'latitude': '37.740747731193714', 'longitude': '-122.41929331280254', 'human_address': '{""address"": """", ""city"": """", ""state"": """", ""zip"": """"}'}",1.08E+12,,2,2,2,2,5,wood frame (5),5,wood frame (5),2007-06-14T00:00:00.000,,,,,
5ea1fcbac2aeecdcc61c5139,2.01E+11,8,otc alterations permit,2007-01-04T00:00:00.000,3705,42,865,Market,St,alteration to extg fire sprnklr system relocated 37 plug 2,issued,2007-01-04T00:00:00.000,2007-01-04T00:00:00.000,2007-01-04T00:00:00.000,2007-07-04T00:00:00.000Z,5500,5500,retail sales,retail sales,2,6,South of Market,94103,"{'latitude': '37.78394695457302', 'longitude': '-122.40715830829208', 'human_address': '{""address"": """", ""city"": """", ""state"": """", ""zip"": """"}'}",1.08E+12,,5,5,0,0,2,constr type 2,2,constr type 2,,,,,,
5ea1fcbac2aeecdcc61c513a,M52864,8,otc alterations permit,2007-01-04T00:00:00.000,942,45,2700,Filbert,St,street space,issued,2007-01-04T00:00:00.000,2007-01-04T00:00:00.000,2007-01-04T00:00:00.000,,,0,,,,2,Marina,94123,"{'latitude': '37.797174701403215', 'longitude': '-122.44417440367648', 'human_address': '{""address"": """", ""city"": """", ""state"": """", ""zip"": """"}'}",1.08E+11,,,,,,,,,,,,,,,
5ea1fcbac2aeecdcc61c513b,2.01E+11,3,additions alterations or repairs,2007-01-04T00:00:00.000,1287,29,131,Rivoli,St,revision to pa# 2005/08/05/9555. changes to foundation no indicated on plans & to comply with dbi correction notice dated 12/22/06 to show foundation set back from property line.,issued,2007-06-21T00:00:00.000,2007-01-04T00:00:00.000,2007-06-21T00:00:00.000,2007-10-21T00:00:00.000Z,5000,5000,1 family dwelling,1 family dwelling,2,5,Haight Ashbury,94117,"{'latitude': '37.76220817688374', 'longitude': '-122.4498420397494', 'human_address': '{""address"": """", ""city"": """", ""state"": """", ""zip"": """"}'}",1.08E+11,,3,3,1,1,5,wood frame (5),5,wood frame (5),,,,,,
5ea1fcbac2aeecdcc61c513c,M52882,8,otc alterations permit,2007-01-04T00:00:00.000,1126,7,1201,Divisadero,St,sidewalk permit only.,issued,2007-01-04T00:00:00.000,2007-01-04T00:00:00.000,2007-01-04T00:00:00.000,,,0,,,,5,Western Addition,94115,"{'latitude': '37.78072370558168', 'longitude': '-122.43927341774132', 'human_address': '{""address"": """", ""city"": """", ""state"": """", ""zip"": """"}'}",1.08E+12,,,,,,,,,,,,,,,
5ea1fcbac2aeecdcc61c513d,2.01E+11,3,additions alterations or repairs,2007-01-04T00:00:00.000,3580,2,514,Church,St,"permit to do work, to comply with 3r report #3r-4727.",complete,2007-02-02T00:00:00.000,2007-01-04T00:00:00.000,2007-01-24T00:00:00.000,2007-05-24T00:00:00.000Z,1000,1000,1 family dwelling,1 family dwelling,0,8,Castro/Upper Market,94114,"{'latitude': '37.76255863737553', 'longitude': '-122.42871383783428', 'human_address': '{""address"": """", ""city"": """", ""state"": """", ""zip"": """"}'}",1.08E+12,0,3,3,3,3,5,wood frame (5),5,wood frame (5),2007-02-02T00:00:00.000,,,,,
5ea1fcbbc2aeecdcc61c513e,2.01E+11,3,additions alterations or repairs,2007-01-04T00:00:00.000,3580,2,516,Church,St,"permit to do work, to comply with 3r report #3r-4727.",complete,2007-02-02T00:00:00.000,2007-01-04T00:00:00.000,2007-01-24T00:00:00.000,2007-05-24T00:00:00.000Z,1000,1000,1 family dwelling,1 family dwelling,0,8,Castro/Upper Market,94114,"{'latitude': '37.76255863737553', 'longitude': '-122.42871383783428', 'human_address': '{""address"": """", ""city"": """", ""state"": """", ""zip"": """"}'}",1.08E+12,,3,3,3,3,5,wood frame (5),5,wood frame (5),2007-02-02T00:00:00.000,,,,,
5ea1fcbbc2aeecdcc61c513f,2.01E+11,3,additions alterations or repairs,2007-01-04T00:00:00.000,3580,2,518,Church,St,"permit to do work, to comply with 3r report #3r-4727.",complete,2007-02-02T00:00:00.000,2007-01-04T00:00:00.000,2007-01-24T00:00:00.000,2007-05-24T00:00:00.000Z,1000,1000,1 family dwelling,1 family dwelling,0,8,Castro/Upper Market,94114,"{'latitude': '37.76255863737553', 'longitude': '-122.42871383783428', 'human_address': '{""address"": """", ""city"": """", ""state"": """", ""zip"": """"}'}",1.08E+12,,3,3,3,3,5,wood frame (5),5,wood frame (5),2007-02-02T00:00:00.000,,,,,
5ea1fcbbc2aeecdcc61c5140,2.01E+11,4,sign - erect,2007-01-04T00:00:00.000,3754,67,1000,Harrison,St,"sign permit - ground, non electric, double faced.",issued,2007-08-07T00:00:00.000,2007-01-04T00:00:00.000,2007-08-07T00:00:00.000,2007-12-07T00:00:00.000Z,1000,,filling/service stn,,2,6,South of Market,94103,"{'latitude': '37.77734832291673', 'longitude': '-122.40465410079608', 'human_address': '{""address"": """", ""city"": """", ""state"": """", ""zip"": """"}'}",1.08E+12,,1,,0,,5,wood frame (5),,,,,,,,
5ea1fcbbc2aeecdcc61c5141,M52883,8,otc alterations permit,2007-01-04T00:00:00.000,2423,35,2526,23rd,Av,street space permit only.,issued,2007-01-04T00:00:00.000,2007-01-04T00:00:00.000,2007-01-04T00:00:00.000,,,0,,,,4,Sunset/Parkside,94116,"{'latitude': '37.74044639483694', 'longitude': '-122.4794789203212', 'human_address': '{""address"": """", ""city"": """", ""state"": """", ""zip"": """"}'}",1.08E+12,,,,,,,,,,,,,,,
5ea1fcbbc2aeecdcc61c5142,M52885,8,otc alterations permit,2007-01-04T00:00:00.000,1439,39,645,Clement,St,sidewalk permit only.,issued,2007-01-04T00:00:00.000,2007-01-04T00:00:00.000,2007-01-04T00:00:00.000,,,0,,,,1,Inner Richmond,94118,"{'latitude': '37.78261659472227', 'longitude': '-122.46623430304344', 'human_address': '{""address"": """", ""city"": """", ""state"": """", ""zip"": """"}'}",1.08E+11,,,,,,,,,,,,,,,
5ea1fcbbc2aeecdcc61c5143,M52885,8,otc alterations permit,2007-01-04T00:00:00.000,1439,39,647,Clement,St,sidewalk permit only.,issued,2007-01-04T00:00:00.000,2007-01-04T00:00:00.000,2007-01-04T00:00:00.000,,,0,,,,1,Inner Richmond,94118,"{'latitude': '37.78261659472227', 'longitude': '-122.46623430304344', 'human_address': '{""address"": """", ""city"": """", ""state"": """", ""zip"": """"}'}",1.08E+12,,,,,,,,,,,,,,,
5ea1fcbbc2aeecdcc61c5144,2.01E+11,4,sign - erect,2007-01-04T00:00:00.000,3754,67,1000,Harrison,St,"to erect a double-faced, electric, ground sign.",issued,2007-08-23T00:00:00.000,2007-01-04T00:00:00.000,2007-08-23T00:00:00.000,2007-12-23T00:00:00.000Z,1500,1500,filling/service stn,,2,6,South of Market,94103,"{'latitude': '37.77734832291673', 'longitude': '-122.40465410079608', 'human_address': '{""address"": """", ""city"": """", ""state"": """", ""zip"": """"}'}",1.08E+12,,1,,0,,5,wood frame (5),,,,,,,,
5ea1fcbbc2aeecdcc61c5145,2.01E+11,3,additions alterations or repairs,2007-01-04T00:00:00.000,3754,67,1000,Harrison,St,"cheveron station reimage consisting of replacing signs, replacing existing canopy fascia with new canopy fascia. adding l.e.d. down lighting with valance and paint exterior of bldg earth tones.",issued,2007-08-13T00:00:00.000,2007-01-04T00:00:00.000,2007-08-13T00:00:00.000,2008-08-13T00:00:00.000Z,30500,30500,filling/service stn,filling/service stn,2,6,South of Market,94103,"{'latitude': '37.77734832291673', 'longitude': '-122.40465410079608', 'human_address': '{""address"": """", ""city"": """", ""state"": """", ""zip"": """"}'}",1.08E+12,,1,1,0,0,5,wood frame (5),5,wood frame (5),,,,,,
5ea1fcbbc2aeecdcc61c5146,2.01E+11,8,otc alterations permit,2007-01-04T00:00:00.000,6561,22,4377,26th,St,"bathroom remodel. new fixtures & fittings. tile at tub / shower walls & wainscot. new operable flat skylight, new fan.",complete,2007-05-30T00:00:00.000,2007-01-04T00:00:00.000,2007-01-04T00:00:00.000,2008-01-04T00:00:00.000Z,26000,26000,1 family dwelling,1 family dwelling,2,8,Noe Valley,94131,"{'latitude': '37.74761900942824', 'longitude': '-122.4376270842976', 'human_address': '{""address"": """", ""city"": """", ""state"": """", ""zip"": """"}'}",1.08E+12,,2,2,1,1,5,wood frame (5),5,wood frame (5),2007-05-30T00:00:00.000,,,,,
5ea1fcbbc2aeecdcc61c5147,2.01E+11,4,sign - erect,2007-01-04T00:00:00.000,3754,67,1000,Harrison,St,"to erect a single faced, electric, wall sign.",issued,2007-08-23T00:00:00.000,2007-01-04T00:00:00.000,2007-08-23T00:00:00.000,2007-12-23T00:00:00.000Z,3000,3000,filling/service stn,,2,6,South of Market,94103,"{'latitude': '37.77734832291673', 'longitude': '-122.40465410079608', 'human_address': '{""address"": """", ""city"": """", ""state"": """", ""zip"": """"}'}",1.08E+12,,1,,0,,5,wood frame (5),,,,,,,,
5ea1fcbbc2aeecdcc61c5148,2.01E+11,8,otc alterations permit,2007-01-04T00:00:00.000,3534,14,194,Guerrero,St,"upgrade (e) range guard, replace (e) nozzles, repipe if needed to comply with pipe rules for gal system.",issued,2007-01-04T00:00:00.000,2007-01-04T00:00:00.000,2007-01-04T00:00:00.000,2007-05-04T00:00:00.000Z,3500,3500,food/beverage hndlng,food/beverage hndlng,2,8,Mission,94103,"{'latitude': '37.768139029591104', 'longitude': '-122.4247023054287', 'human_address': '{""address"": """", ""city"": """", ""state"": """", ""zip"": """"}'}",1.08E+12,,3,3,3,3,5,wood frame (5),5,wood frame (5),,,,,,
5ea1fcbbc2aeecdcc61c5149,2.01E+11,8,otc alterations permit,2007-01-04T00:00:00.000,3534,14,196,Guerrero,St,"upgrade (e) range guard, replace (e) nozzles, repipe if needed to comply with pipe rules for gal system.",issued,2007-01-04T00:00:00.000,2007-01-04T00:00:00.000,2007-01-04T00:00:00.000,2007-05-04T00:00:00.000Z,3500,3500,food/beverage hndlng,food/beverage hndlng,2,8,Mission,94103,"{'latitude': '37.768139029591104', 'longitude': '-122.4247023054287', 'human_address': '{""address"": """", ""city"": """", ""state"": """", ""zip"": """"}'}",1.08E+12,,3,3,3,3,5,wood frame (5),5,wood frame (5),,,,,,
5ea1fcbbc2aeecdcc61c514a,2.01E+11,8,otc alterations permit,2007-01-04T00:00:00.000,3534,14,198,Guerrero,St,"upgrade (e) range guard, replace (e) nozzles, repipe if needed to comply with pipe rules for gal system.",issued,2007-01-04T00:00:00.000,2007-01-04T00:00:00.000,2007-01-04T00:00:00.000,2007-05-04T00:00:00.000Z,3500,3500,food/beverage hndlng,food/beverage hndlng,2,8,Mission,94103,"{'latitude': '37.768139029591104', 'longitude': '-122.4247023054287', 'human_address': '{""address"": """", ""city"": """", ""state"": """", ""zip"": """"}'}",1.08E+12,,3,3,3,3,5,wood frame (5),5,wood frame (5),,,,,,
5ea1fcbbc2aeecdcc61c514b,2.01E+11,8,otc alterations permit,2007-01-04T00:00:00.000,6042,38,490,Hamilton,St,add 3 window in () garage.,complete,2007-01-12T00:00:00.000,2007-01-04T00:00:00.000,2007-01-04T00:00:00.000,2007-05-04T00:00:00.000Z,1000,1000,1 family dwelling,1 family dwelling,2,9,Portola,94134,"{'latitude': '37.724957931136444', 'longitude': '-122.4093535876584', 'human_address': '{""address"": """", ""city"": """", ""state"": """", ""zip"": """"}'}",1.08E+12,,2,2,1,1,5,wood frame (5),5,wood frame (5),2007-01-12T00:00:00.000,,,,,
5ea1fcbbc2aeecdcc61c514c,2.01E+11,4,sign - erect,2007-01-04T00:00:00.000,495,6,1790,Lombard,St,"sign permit - ground, electric, double faced.",cancelled,2007-08-28T00:00:00.000,2007-01-04T00:00:00.000,2007-08-17T00:00:00.000,2007-12-17T00:00:00.000Z,4000,4000,filling/service stn,,2,2,Marina,94123,"{'latitude': '37.80075774469952', 'longitude': '-122.43091096966963', 'human_address': '{""address"": """", ""city"": """", ""state"": """", ""zip"": """"}'}",1.08E+11,,1,,0,,5,wood frame (5),,,,,,,,
5ea1fcbbc2aeecdcc61c514d,2.01E+11,8,otc alterations permit,2007-01-04T00:00:00.000,1234,21,148,Central,Av,his nov# 200671359. repair rear stair case & add handrails as per inspection report. repair work to less than 50% of (e) stair case.,complete,2007-01-19T00:00:00.000,2007-01-04T00:00:00.000,2007-01-04T00:00:00.000,2007-05-04T00:00:00.000Z,2000,2000,apartments,apartments,0,5,Haight Ashbury,94117,"{'latitude': '37.77087727560811', 'longitude': '-122.44342581890375', 'human_address': '{""address"": """", ""city"": """", ""state"": """", ""zip"": """"}'}",1.08E+11,,4,4,5,5,5,wood frame (5),5,wood frame (5),2007-01-19T00:00:00.000,,,,,
5ea1fcbbc2aeecdcc61c514e,2.01E+11,8,otc alterations permit,2007-01-04T00:00:00.000,1221,7,111,Lyon,St,"replace kitchen cabinet, new floor, surfaces & sink. replace sink.",expired,2008-03-05T00:00:00.000,2007-01-04T00:00:00.000,2007-01-04T00:00:00.000,2007-05-04T00:00:00.000Z,5000,5000,apartments,apartments,0,5,Haight Ashbury,94117,"{'latitude': '37.77190881831342', 'longitude': '-122.44259251840771', 'human_address': '{""address"": """", ""city"": """", ""state"": """", ""zip"": """"}'}",1.08E+12,,4,4,4,4,5,wood frame (5),5,wood frame (5),,,,,,
5ea1fcbbc2aeecdcc61c514f,2.01E+11,4,sign - erect,2007-01-04T00:00:00.000,495,6,1790,Lombard,St,"sign permit - ground, non electric, double faced.",issued,2007-08-17T00:00:00.000,2007-01-04T00:00:00.000,2007-08-17T00:00:00.000,2007-12-17T00:00:00.000Z,500,500,filling/service stn,,2,2,Marina,94123,"{'latitude': '37.80075774469952', 'longitude': '-122.43091096966963', 'human_address': '{""address"": """", ""city"": """", ""state"": """", ""zip"": """"}'}",1.08E+11,,1,,0,,5,wood frame (5),,,,,,,,
5ea1fcbbc2aeecdcc61c5150,2.01E+11,4,sign - erect,2007-01-04T00:00:00.000,495,6,1790,Lombard,St,"sign permit - electric, wall, single faced.",issued,2007-08-17T00:00:00.000,2007-01-04T00:00:00.000,2007-08-17T00:00:00.000,2007-12-17T00:00:00.000Z,1500,1500,filling/service stn,,2,2,Marina,94123,"{'latitude': '37.80075774469952', 'longitude': '-122.43091096966963', 'human_address': '{""address"": """", ""city"": """", ""state"": """", ""zip"": """"}'}",1.08E+11,,1,,0,,5,wood frame (5),,,,,,,,
5ea1fcbbc2aeecdcc61c5151,2.01E+11,8,otc alterations permit,2007-01-04T00:00:00.000,2703,2,306,Caselli,Av,"repair front stair railing in  kind <50%  repair to stairway bottom rail 2x4 redwood. roiling only-newell posts to remain ballustor 5"" oc 2x2 redwood. top cap mushroom style less than 36"" from treat nose.",complete,2007-01-25T00:00:00.000,2007-01-04T00:00:00.000,2007-01-04T00:00:00.000,2007-07-04T00:00:00.000Z,6300,6300,1 family dwelling,1 family dwelling,0,8,Castro/Upper Market,94114,"{'latitude': '37.75910290425844', 'longitude': '-122.44415951172589', 'human_address': '{""address"": """", ""city"": """", ""state"": """", ""zip"": """"}'}",1.08E+12,,2,2,1,1,5,wood frame (5),5,wood frame (5),2007-01-25T00:00:00.000,,,,,
5ea1fcbbc2aeecdcc61c5152,2.01E+11,8,otc alterations permit,2007-01-04T00:00:00.000,262,13,255,California,St,"oti-1, 4th floor, suite #b, el, ls, sp",complete,2007-06-14T00:00:00.000,2007-01-04T00:00:00.000,2007-01-04T00:00:00.000,2008-01-04T00:00:00.000Z,42525,42525,office,office,2,3,Financial District/South Beach,94111,"{'latitude': '37.792962974036634', 'longitude': '-122.39950975756949', 'human_address': '{""address"": """", ""city"": """", ""state"": """", ""zip"": """"}'}",1.08E+11,,14,14,0,0,1,constr type 1,1,constr type 1,2007-06-14T00:00:00.000,,,,,
5ea1fcbbc2aeecdcc61c5153,2.01E+11,3,additions alterations or repairs,2007-01-04T00:00:00.000,7139,3,2950,San Jose,Av,"chevron station reimage consisting of replacing signs, replace (e) canopy fascia with new caanopy fascia, adding l.e.d. lighting with valance and paint the exterior of building earth tones.",issued,2007-08-23T00:00:00.000,2007-01-04T00:00:00.000,2007-08-23T00:00:00.000,2008-02-23T00:00:00.000Z,24000,24000,filling/service stn,filling/service stn,2,11,Oceanview/Merced/Ingleside,94112,"{'latitude': '37.711831232818334', 'longitude': '-122.45560794584307', 'human_address': '{""address"": """", ""city"": """", ""state"": """", ""zip"": """"}'}",1.08E+12,,1,1,0,0,5,wood frame (5),5,wood frame (5),,,,,,
5ea1fcbbc2aeecdcc61c5154,2.01E+11,8,otc alterations permit,2007-01-04T00:00:00.000,839,18,350,Laguna,St,remodel (e) unit#14. relocate kitchen & create bedrm. @ (e) kit. location-modify (e0 window for egress (top hinge) same profile.,complete,2007-03-08T00:00:00.000,2007-01-04T00:00:00.000,2007-01-04T00:00:00.000,2007-07-04T00:00:00.000Z,8000,8000,apartments,apartments,2,5,Hayes Valley,94102,"{'latitude': '37.774366694408016', 'longitude': '-122.42565945414714', 'human_address': '{""address"": """", ""city"": """", ""state"": """", ""zip"": """"}'}",1.08E+11,,4,4,21,21,5,wood frame (5),5,wood frame (5),2007-03-08T00:00:00.000,,,,,
5ea1fcbbc2aeecdcc61c5155,2.01E+11,8,otc alterations permit,2007-01-04T00:00:00.000,262,13,255,California,St,"oti-1, 4th floor, suite #a, el, ls, sp",complete,2008-02-21T00:00:00.000,2007-01-04T00:00:00.000,2007-01-04T00:00:00.000,2008-01-04T00:00:00.000Z,95300,95300,office,office,2,3,Financial District/South Beach,94111,"{'latitude': '37.792962974036634', 'longitude': '-122.39950975756949', 'human_address': '{""address"": """", ""city"": """", ""state"": """", ""zip"": """"}'}",1.08E+11,,14,14,0,0,1,constr type 1,1,constr type 1,2008-02-21T00:00:00.000,,,,,
5ea1fcbbc2aeecdcc61c5156,2.01E+11,3,additions alterations or repairs,2007-01-04T00:00:00.000,495,6,1790,Lombard,St,"chevron station reimage consisting of replacing new canopy signs, replacing existing canopy fascia, adding led down lighting with valance and paint exterior of building earth tones.",issued,2007-08-17T00:00:00.000,2007-01-04T00:00:00.000,2007-08-17T00:00:00.000,2008-08-17T00:00:00.000Z,28000,35000,filling/service stn,filling/service stn,2,2,Marina,94123,"{'latitude': '37.80075774469952', 'longitude': '-122.43091096966963', 'human_address': '{""address"": """", ""city"": """", ""state"": """", ""zip"": """"}'}",1.08E+11,,1,1,0,0,5,wood frame (5),5,wood frame (5),,,,,,
5ea1fcbbc2aeecdcc61c5157,M52902,8,otc alterations permit,2007-01-04T00:00:00.000,813,6,1390,Market,St,sidewalk repair,issued,2007-01-04T00:00:00.000,2007-01-04T00:00:00.000,2007-01-04T00:00:00.000,,,0,,,,6,Tenderloin,94102,"{'latitude': '37.777142649690035', 'longitude': '-122.41722112719671', 'human_address': '{""address"": """", ""city"": """", ""state"": """", ""zip"": """"}'}",1.08E+12,,,,,,,,,,,,,,,
5ea1fcbbc2aeecdcc61c5158,2.01E+11,8,otc alterations permit,2007-01-04T00:00:00.000,1271,13,22,Parnassus,Av,remodel of guest bathroom. demo of walls making. room larger new plmg fixture and finishes new lighting and electric 1st floor bathroom all lights on motion detector switches,complete,2007-05-09T00:00:00.000,2007-01-04T00:00:00.000,2007-01-04T00:00:00.000,2007-07-04T00:00:00.000Z,18000,18000,1 family dwelling,1 family dwelling,2,5,Haight Ashbury,94117,"{'latitude': '37.7653434920996', 'longitude': '-122.4482783675009', 'human_address': '{""address"": """", ""city"": """", ""state"": """", ""zip"": """"}'}",1.08E+11,,2,2,1,1,5,wood frame (5),5,wood frame (5),2007-05-09T00:00:00.000,,,,,
5ea1fcbbc2aeecdcc61c5159,2.01E+11,3,additions alterations or repairs,2007-01-04T00:00:00.000,310,15,100,Grant,Av,"interior non structural tenant improvement of (e) retail store, no exterior work. sprinkler under separate permit.",complete,2007-12-04T00:00:00.000,2007-01-04T00:00:00.000,2007-02-13T00:00:00.000,2008-02-13T00:00:00.000Z,150000,150000,retail sales,retail sales,2,3,Financial District/South Beach,94108,"{'latitude': '37.788050582493206', 'longitude': '-122.4048761520152', 'human_address': '{""address"": """", ""city"": """", ""state"": """", ""zip"": """"}'}",1.08E+11,,6,6,0,0,3,constr type 3,3,constr type 3,2007-12-04T00:00:00.000,,,,,
5ea1fcbbc2aeecdcc61c515a,2.01E+11,8,otc alterations permit,2007-01-04T00:00:00.000,1009,0,390,Laurel,St,interior ti changing layout of a dental office into a new one separate paermit submitted at the same time for restrooms upgrade.,complete,2007-05-16T00:00:00.000,2007-01-04T00:00:00.000,2007-01-04T00:00:00.000,2008-01-04T00:00:00.000Z,69920,70000,office,office,2,,,,,1.08E+12,,3,3,0,0,5,wood frame (5),5,wood frame (5),2007-05-16T00:00:00.000,,,,,
5ea1fcbbc2aeecdcc61c515b,2.01E+11,4,sign - erect,2007-01-04T00:00:00.000,7139,10,2950,San Jose,Av,"sign permit - ground, electric, single faced.",issued,2007-08-03T00:00:00.000,2007-01-04T00:00:00.000,2007-08-03T00:00:00.000,2007-12-03T00:00:00.000Z,4000,4000,filling/service stn,,2,11,Oceanview/Merced/Ingleside,94112,"{'latitude': '37.711656081933135', 'longitude': '-122.45569061848774', 'human_address': '{""address"": """", ""city"": """", ""state"": """", ""zip"": """"}'}",1.08E+12,,1,,0,,5,wood frame (5),,,,,,,,
5ea1fcbbc2aeecdcc61c515c,2.01E+11,3,additions alterations or repairs,2007-01-04T00:00:00.000,690,46,1,Daniel Burnham,Ct,"tenant finish out of 6200 sf, new r.r hvac & electrical. interior finishes, carpet, walls, paint & ceiling.",cancelled,2007-08-13T00:00:00.000,2007-01-04T00:00:00.000,,,345000,,retail sales,retail sales,2,2,Western Addition,94109,"{'latitude': '37.78675523065996', 'longitude': '-122.42249080636066', 'human_address': '{""address"": """", ""city"": """", ""state"": """", ""zip"": """"}'}",1.08E+11,205,1,1,239,239,1,constr type 1,1,constr type 1,,,,,,
5ea1fcbbc2aeecdcc61c515d,2.01E+11,3,additions alterations or repairs,2007-01-04T00:00:00.000,26,019A,875,North Point,St,shoring & underpining as a result of adjacent new construction appl #200603106437s (889 north point.),complete,2008-02-15T00:00:00.000,2007-01-04T00:00:00.000,2007-08-23T00:00:00.000,2008-02-23T00:00:00.000Z,10000,10000,1 family dwelling,1 family dwelling,2,2,Russian Hill,94109,"{'latitude': '37.80528894938244', 'longitude': '-122.42150615619767', 'human_address': '{""address"": """", ""city"": """", ""state"": """", ""zip"": """"}'}",1.08E+11,,2,2,1,1,5,wood frame (5),5,wood frame (5),2008-02-15T00:00:00.000,,,,,
5ea1fcbbc2aeecdcc61c515e,2.01E+11,4,sign - erect,2007-01-04T00:00:00.000,7139,10,2950,San Jose,Av,"sign permit - electric, wall, single faced.",issued,2007-08-03T00:00:00.000,2007-01-04T00:00:00.000,2007-08-03T00:00:00.000,2007-12-03T00:00:00.000Z,3000,3000,filling/service stn,,2,11,Oceanview/Merced/Ingleside,94112,"{'latitude': '37.711656081933135', 'longitude': '-122.45569061848774', 'human_address': '{""address"": """", ""city"": """", ""state"": """", ""zip"": """"}'}",1.08E+12,,1,,0,,5,wood frame (5),,,,,,,,
5ea1fcbbc2aeecdcc61c515f,2.01E+11,4,sign - erect,2007-01-04T00:00:00.000,1732,22,1734,Irving,St,"sign permit - electric, wall, single faced.",complete,2007-10-02T00:00:00.000,2007-01-04T00:00:00.000,2007-08-17T00:00:00.000,2007-12-17T00:00:00.000Z,3000,3000,filling/service stn,,2,4,Inner Sunset,94122,"{'latitude': '37.76382590584381', 'longitude': '-122.4768061142036', 'human_address': '{""address"": """", ""city"": """", ""state"": """", ""zip"": """"}'}",1.08E+12,,1,,0,,5,wood frame (5),,,2007-10-02T00:00:00.000,,,,,
5ea1fcbbc2aeecdcc61c5160,2.01E+11,3,additions alterations or repairs,2007-01-04T00:00:00.000,1732,22,1734,Irving,St,"chevron station remiage consisting of replacing signs, replacing (e) canoy fasio with new canopy fascia adding l.e.d. down listing with valance and paint extension of boilding earth tones.",complete,2007-10-02T00:00:00.000,2007-01-04T00:00:00.000,2007-08-17T00:00:00.000,2008-08-17T00:00:00.000Z,25000,35000,filling/service stn,filling/service stn,2,4,Inner Sunset,94122,"{'latitude': '37.76382590584381', 'longitude': '-122.4768061142036', 'human_address': '{""address"": """", ""city"": """", ""state"": """", ""zip"": """"}'}",1.08E+12,,1,1,0,0,5,wood frame (5),5,wood frame (5),2007-10-02T00:00:00.000,,,,,
5ea1fcbbc2aeecdcc61c5161,2.01E+11,3,additions alterations or repairs,2007-01-04T00:00:00.000,830,23,559,Fell,St,legalize basement unit by adding apt to basement. add shower and kitchen.,complete,2007-10-11T00:00:00.000,2007-01-04T00:00:00.000,2007-03-30T00:00:00.000,2008-03-30T00:00:00.000Z,10000,50000,1 family dwelling,2 family dwelling,2,5,Hayes Valley,94102,"{'latitude': '37.77515782054806', 'longitude': '-122.42695537836877', 'human_address': '{""address"": """", ""city"": """", ""state"": """", ""zip"": """"}'}",1.08E+11,,2,2,1,2,5,wood frame (5),5,wood frame (5),2007-10-11T00:00:00.000,,,,,
5ea1fcbbc2aeecdcc61c5162,2.01E+11,4,sign - erect,2007-01-04T00:00:00.000,1732,22,1734,Irving,St,"sign permit - electric, ground, double faced.",complete,2007-10-02T00:00:00.000,2007-01-04T00:00:00.000,2007-08-17T00:00:00.000,2007-12-17T00:00:00.000Z,4000,4000,filling/service stn,,2,4,Inner Sunset,94122,"{'latitude': '37.76382590584381', 'longitude': '-122.4768061142036', 'human_address': '{""address"": """", ""city"": """", ""state"": """", ""zip"": """"}'}",1.08E+12,,1,,0,,5,wood frame (5),,,2007-10-02T00:00:00.000,,,,,
5ea1fcbcc2aeecdcc61c5163,2.01E+11,8,otc alterations permit,2007-01-05T00:00:00.000,2750,4,308,Diamond,St,"leak repair of roof, deck & wall at north side of master bedroom including (e) doors. side two french doors. repair in kind, no structural changes. minimal dry rot repair.",complete,2007-09-19T00:00:00.000,2007-01-05T00:00:00.000,2007-01-05T00:00:00.000,2007-05-05T00:00:00.000Z,4800,4800,1 family dwelling,1 family dwelling,2,8,Castro/Upper Market,94114,"{'latitude': '37.757012197525405', 'longitude': '-122.4371587601304', 'human_address': '{""address"": """", ""city"": """", ""state"": """", ""zip"": """"}'}",1.08E+12,,2,2,1,1,5,wood frame (5),5,wood frame (5),2007-09-19T00:00:00.000,,,,,
5ea1fcbcc2aeecdcc61c5164,M52922,8,otc alterations permit,2007-01-05T00:00:00.000,305,36,620,Jones,St,street space,issued,2007-01-05T00:00:00.000,2007-01-05T00:00:00.000,2007-01-05T00:00:00.000,,,0,,,,3,Tenderloin,94102,"{'latitude': '37.78716029095172', 'longitude': '-122.41288961192863', 'human_address': '{""address"": """", ""city"": """", ""state"": """", ""zip"": """"}'}",1.08E+12,,,,,,,,,,,,,,,
5ea1fcbcc2aeecdcc61c5165,2.01E+11,8,otc alterations permit,2007-01-05T00:00:00.000,0438A,4,3769,Fillmore,St,reroofing,complete,2007-02-08T00:00:00.000,2007-01-05T00:00:00.000,2007-01-05T00:00:00.000,2007-07-05T00:00:00.000Z,12500,12500,2 family dwelling,2 family dwelling,0,2,Marina,94123,"{'latitude': '37.80552683684263', 'longitude': '-122.4376542472322', 'human_address': '{""address"": """", ""city"": """", ""state"": """", ""zip"": """"}'}",1.08E+11,,,,,,,,,,2007-02-08T00:00:00.000,,,,,
5ea1fcbcc2aeecdcc61c5166,2.01E+11,8,otc alterations permit,2007-01-05T00:00:00.000,7205,002A,2929,21st,Av,reroofing,issued,2007-01-05T00:00:00.000,2007-01-05T00:00:00.000,2007-01-05T00:00:00.000,2007-07-05T00:00:00.000Z,9380,9380,1 family dwelling,1 family dwelling,0,7,Sunset/Parkside,94132,"{'latitude': '37.73391130441957', 'longitude': '-122.47730430716531', 'human_address': '{""address"": """", ""city"": """", ""state"": """", ""zip"": """"}'}",1.08E+12,,,,,,,,,,,,,,,
5ea1fcbcc2aeecdcc61c5167,2.01E+11,8,otc alterations permit,2007-01-05T00:00:00.000,2989B,15,1486,Portola,Dr,install new kitchen countertop no structural changed.,complete,2007-01-26T00:00:00.000,2007-01-05T00:00:00.000,2007-01-05T00:00:00.000,2007-05-05T00:00:00.000Z,4324,4324,1 family dwelling,1 family dwelling,0,7,West of Twin Peaks,94127,"{'latitude': '37.73786749934623', 'longitude': '-122.46823300539053', 'human_address': '{""address"": """", ""city"": """", ""state"": """", ""zip"": """"}'}",1.08E+12,,2,2,1,1,5,wood frame (5),5,wood frame (5),2007-01-26T00:00:00.000,,,,,
5ea1fcbcc2aeecdcc61c5168,2.01E+11,8,otc alterations permit,2007-01-05T00:00:00.000,1673,27,5450,Fulton,St,reroofing,issued,2007-01-05T00:00:00.000,2007-01-05T00:00:00.000,2007-01-05T00:00:00.000,2007-07-05T00:00:00.000Z,6500,6500,1 family dwelling,1 family dwelling,0,1,Outer Richmond,94121,"{'latitude': '37.77247248892203', 'longitude': '-122.49036417862972', 'human_address': '{""address"": """", ""city"": """", ""state"": """", ""zip"": """"}'}",1.08E+12,,,,,,,,,,,,,,,
5ea1fcbcc2aeecdcc61c5169,2.01E+11,8,otc alterations permit,2007-01-05T00:00:00.000,0438A,4,3771,Fillmore,St,reroofing,complete,2007-02-08T00:00:00.000,2007-01-05T00:00:00.000,2007-01-05T00:00:00.000,2007-07-05T00:00:00.000Z,12500,12500,2 family dwelling,2 family dwelling,0,2,Marina,94123,"{'latitude': '37.80552683684263', 'longitude': '-122.4376542472322', 'human_address': '{""address"": """", ""city"": """", ""state"": """", ""zip"": """"}'}",1.08E+12,,,,,,,,,,2007-02-08T00:00:00.000,,,,,
5ea1fcbcc2aeecdcc61c516a,2.01E+11,3,additions alterations or repairs,2007-01-05T00:00:00.000,254,24,1075,California,St,"upgrade 3 bathrooms to full accessibility including roll in shower in guest room 709 and accessible tubs in guest rooms 305 and 1101. work includes partitions, plumbing fixtures, electrical fixtures & finishes.",complete,2008-10-08T00:00:00.000,2007-01-05T00:00:00.000,2007-06-20T00:00:00.000,2008-06-20T00:00:00.000Z,60000,60000,tourist hotel/motel,tourist hotel/motel,2,3,Nob Hill,94108,"{'latitude': '37.79136899616078', 'longitude': '-122.41204913750134', 'human_address': '{""address"": """", ""city"": """", ""state"": """", ""zip"": """"}'}",1.08E+12,0,12,12,147,147,1,constr type 1,1,constr type 1,2008-10-08T00:00:00.000,,,,,
5ea1fcbcc2aeecdcc61c516b,2.01E+11,8,otc alterations permit,2007-01-05T00:00:00.000,3721,4,100,01st,St,renew pa# 2006/06/29/5325 & pa# 2006/06/20/4471 for final inspection only.,complete,2007-01-10T00:00:00.000,2007-01-05T00:00:00.000,2007-01-05T00:00:00.000,2007-05-05T00:00:00.000Z,1,1,office,office,0,6,Financial District/South Beach,94105,"{'latitude': '37.78933252407226', 'longitude': '-122.39739978578936', 'human_address': '{""address"": """", ""city"": """", ""state"": """", ""zip"": """"}'}",1.08E+12,,27,27,0,0,1,constr type 1,1,constr type 1,2007-01-10T00:00:00.000,,,,,
5ea1fcbcc2aeecdcc61c516c,2.01E+11,3,additions alterations or repairs,2007-01-05T00:00:00.000,3711,12,77,Beale,St,"oti-1, 32nd floor, pg & e, el, ls, sp",expired,2010-10-20T00:00:00.000,2007-01-05T00:00:00.000,2007-04-25T00:00:00.000,2009-04-25T00:00:00.000Z,337000,337000,office,office,2,6,Financial District/South Beach,94105,"{'latitude': '37.791484026022516', 'longitude': '-122.39591566843751', 'human_address': '{""address"": """", ""city"": """", ""state"": """", ""zip"": """"}'}",1.08E+12,,32,32,0,0,1,constr type 1,1,constr type 1,,,,,,
5ea1fcbcc2aeecdcc61c516d,2.01E+11,8,otc alterations permit,2007-01-05T00:00:00.000,496,001A,3035,Gough,St,remove & replace existing retaining wall @ side yard (south) walkway and add conc. grade beam @ southern side hallway & portion of existing garage area.,complete,2008-02-21T00:00:00.000,2007-01-05T00:00:00.000,2007-01-05T00:00:00.000,2007-07-05T00:00:00.000Z,15000,15000,apartments,apartments,2,2,Marina,94123,"{'latitude': '37.80140526510581', 'longitude': '-122.42828027621671', 'human_address': '{""address"": """", ""city"": """", ""state"": """", ""zip"": """"}'}",1.08E+12,0,4,4,12,12,5,wood frame (5),5,wood frame (5),2008-02-21T00:00:00.000,,,,,
5ea1fcbcc2aeecdcc61c516e,2.01E+11,3,additions alterations or repairs,2007-01-05T00:00:00.000,231,23,2,Embarcadero Center,,"oti-1, boston consulting grp, 25th/fl el,ls, sp, me",complete,2007-07-27T00:00:00.000,2007-01-05T00:00:00.000,2007-01-30T00:00:00.000,2008-01-30T00:00:00.000Z,180000,230608,office,office,2,3,Financial District/South Beach,94111,"{'latitude': '37.79479859387513', 'longitude': '-122.39847275186533', 'human_address': '{""address"": """", ""city"": """", ""state"": """", ""zip"": """"}'}",1.08E+11,,28,28,0,0,1,constr type 1,1,constr type 1,2007-07-27T00:00:00.000,,,,,
5ea1fcbcc2aeecdcc61c516f,2.01E+11,8,otc alterations permit,2007-01-05T00:00:00.000,3740,34,221,Main,St,oti-1 15th floor el me ls sp,complete,2007-07-05T00:00:00.000,2007-01-05T00:00:00.000,2007-01-05T00:00:00.000,2008-01-05T00:00:00.000Z,140000,140000,office,office,2,6,Financial District/South Beach,94105,"{'latitude': '37.79034577603179', 'longitude': '-122.39223862434201', 'human_address': '{""address"": """", ""city"": """", ""state"": """", ""zip"": """"}'}",1.08E+12,,16,16,0,0,1,constr type 1,1,constr type 1,2007-07-05T00:00:00.000,,,,,
5ea1fcbcc2aeecdcc61c5170,2.01E+11,8,otc alterations permit,2007-01-05T00:00:00.000,682,12,2000,Post,St,renew 200307189864 for final inspection.,complete,2007-01-12T00:00:00.000,2007-01-05T00:00:00.000,2007-01-05T00:00:00.000,2007-05-05T00:00:00.000Z,1,1,apartments,apartments,0,5,Japantown,94115,"{'latitude': '37.78543513780336', 'longitude': '-122.43614202260812', 'human_address': '{""address"": """", ""city"": """", ""state"": """", ""zip"": """"}'}",1.08E+12,,4,4,304,304,5,wood frame (5),5,wood frame (5),2007-01-12T00:00:00.000,,,,,
5ea1fcbcc2aeecdcc61c5171,2.01E+11,8,otc alterations permit,2007-01-05T00:00:00.000,4087,15,878,York,St,reroofing,complete,2007-01-22T00:00:00.000,2007-01-05T00:00:00.000,2007-01-05T00:00:00.000,2007-07-05T00:00:00.000Z,13500,13500,1 family dwelling,1 family dwelling,0,9,Mission,94110,"{'latitude': '37.75808578914124', 'longitude': '-122.40896988126467', 'human_address': '{""address"": """", ""city"": """", ""state"": """", ""zip"": """"}'}",1.08E+12,,,,,,,,,,2007-01-22T00:00:00.000,,,,,
5ea1fcbcc2aeecdcc61c5172,2.01E+11,8,otc alterations permit,2007-01-05T00:00:00.000,254,24,1075,California,St,upgrade on guestroom bathroom to full accessibility with roll-in shower (room 401). revision to pa# 200510185811 for work in guest room 401 only. note: this project already permitted. this is a revised application which removes 1 bathroom (room 305) from scope.,issued,2007-01-05T00:00:00.000,2007-01-05T00:00:00.000,2007-01-05T00:00:00.000,2007-05-05T00:00:00.000Z,1,1,tourist hotel/motel,tourist hotel/motel,2,3,Nob Hill,94108,"{'latitude': '37.79136899616078', 'longitude': '-122.41204913750134', 'human_address': '{""address"": """", ""city"": """", ""state"": """", ""zip"": """"}'}",1.08E+12,0,12,12,147,147,1,constr type 1,1,constr type 1,,,,,,
5ea1fcbcc2aeecdcc61c5173,2.01E+11,8,otc alterations permit,2007-01-05T00:00:00.000,2048,10,411,Noriega,St,"minor renovation of non bearing walls on first floor, move opening in bearing wall, add stl c-channel in floor below to reduce deflection, renovate extg kchn",complete,2007-06-28T00:00:00.000,2007-01-05T00:00:00.000,2007-01-05T00:00:00.000,2007-07-05T00:00:00.000Z,20000,20000,1 family dwelling,1 family dwelling,2,7,Inner Sunset,94122,"{'latitude': '37.75450278285374', 'longitude': '-122.46820338134366', 'human_address': '{""address"": """", ""city"": """", ""state"": """", ""zip"": """"}'}",1.08E+12,,2,2,1,1,5,wood frame (5),5,wood frame (5),2007-06-28T00:00:00.000,,,,,
5ea1fcbcc2aeecdcc61c5174,2.01E+11,8,otc alterations permit,2007-01-05T00:00:00.000,5673,8,370,Coleridge,St,<50% rear deck repair. (2x decking) work in kind. approx 30 sf of rear fence repair due to dry rot.,expired,2010-06-09T00:00:00.000,2007-01-05T00:00:00.000,2007-01-05T00:00:00.000,2007-05-05T00:00:00.000Z,150,150,1 family dwelling,1 family dwelling,0,9,Bernal Heights,94110,"{'latitude': '37.741100842998094', 'longitude': '-122.42171177887877', 'human_address': '{""address"": """", ""city"": """", ""state"": """", ""zip"": """"}'}",1.08E+12,,3,3,1,1,5,wood frame (5),5,wood frame (5),,,,,,
5ea1fcbcc2aeecdcc61c5175,M52944,8,otc alterations permit,2007-01-05T00:00:00.000,6665,023C,91,Miguel,St,street space,issued,2007-01-05T00:00:00.000,2007-01-05T00:00:00.000,2007-01-05T00:00:00.000,,,0,,,,8,Glen Park,94131,"{'latitude': '37.73882848237491', 'longitude': '-122.4287384570472', 'human_address': '{""address"": """", ""city"": """", ""state"": """", ""zip"": """"}'}",1.08E+12,,,,,,,,,,,,,,,
5ea1fcbcc2aeecdcc61c5176,M52943,8,otc alterations permit,2007-01-05T00:00:00.000,3514,48,1645,Mission,St,verification and additional address,issued,2007-01-05T00:00:00.000,2007-01-05T00:00:00.000,2007-01-05T00:00:00.000,,,0,,,,6,Mission,94103,"{'latitude': '37.77158216475411', 'longitude': '-122.41882498334044', 'human_address': '{""address"": """", ""city"": """", ""state"": """", ""zip"": """"}'}",1.08E+12,0,,,,,,,,,,,,,,
5ea1fcbcc2aeecdcc61c5177,M52943,8,otc alterations permit,2007-01-05T00:00:00.000,3514,48,1647,Mission,St,verification and additional address,issued,2007-01-05T00:00:00.000,2007-01-05T00:00:00.000,2007-01-05T00:00:00.000,,,0,,,,6,Mission,94103,"{'latitude': '37.77158216475411', 'longitude': '-122.41882498334044', 'human_address': '{""address"": """", ""city"": """", ""state"": """", ""zip"": """"}'}",1.08E+12,,,,,,,,,,,,,,,
5ea1fcbcc2aeecdcc61c5178,M52943,8,otc alterations permit,2007-01-05T00:00:00.000,3514,48,1649,Mission,St,verification and additional address,issued,2007-01-05T00:00:00.000,2007-01-05T00:00:00.000,2007-01-05T00:00:00.000,,,0,,,,6,Mission,94103,"{'latitude': '37.77158216475411', 'longitude': '-122.41882498334044', 'human_address': '{""address"": """", ""city"": """", ""state"": """", ""zip"": """"}'}",1.08E+12,,,,,,,,,,,,,,,
5ea1fcbcc2aeecdcc61c5179,2.01E+11,3,additions alterations or repairs,2007-01-05T00:00:00.000,2954A,37,150,Marietta,Dr,change of use. small family day care.,withdrawn,2007-02-01T00:00:00.000,2007-01-05T00:00:00.000,,,1,,1 family dwelling,1 family dwelling,2,7,West of Twin Peaks,94127,"{'latitude': '37.74037437193816', 'longitude': '-122.44775040189734', 'human_address': '{""address"": """", ""city"": """", ""state"": """", ""zip"": """"}'}",1.08E+12,,2,2,1,1,5,wood frame (5),5,wood frame (5),,,,,,
5ea1fcbcc2aeecdcc61c517a,M52945,8,otc alterations permit,2007-01-05T00:00:00.000,4098,036E,617,Wisconsin,St,sidewalk,issued,2007-01-05T00:00:00.000,2007-01-05T00:00:00.000,2007-01-05T00:00:00.000,,,0,,,,10,Potrero Hill,94107,"{'latitude': '37.759272752381015', 'longitude': '-122.39881437729044', 'human_address': '{""address"": """", ""city"": """", ""state"": """", ""zip"": """"}'}",1.08E+12,,,,,,,,,,,,,,,
5ea1fcbcc2aeecdcc61c517b,M52946,8,otc alterations permit,2007-01-05T00:00:00.000,143,14,1052,Montgomery,St,street space,issued,2007-01-05T00:00:00.000,2007-01-05T00:00:00.000,2007-01-05T00:00:00.000,,,0,,,,3,North Beach,94133,"{'latitude': '37.7989842049657', 'longitude': '-122.40380426431781', 'human_address': '{""address"": """", ""city"": """", ""state"": """", ""zip"": """"}'}",1.08E+12,0,,,,,,,,,,,,,,
5ea1fcbcc2aeecdcc61c517c,M52946,8,otc alterations permit,2007-01-05T00:00:00.000,143,14,1054,Montgomery,St,street space,issued,2007-01-05T00:00:00.000,2007-01-05T00:00:00.000,2007-01-05T00:00:00.000,,,0,,,,3,North Beach,94133,"{'latitude': '37.7989842049657', 'longitude': '-122.40380426431781', 'human_address': '{""address"": """", ""city"": """", ""state"": """", ""zip"": """"}'}",1.08E+12,,,,,,,,,,,,,,,
5ea1fcbcc2aeecdcc61c517d,2.01E+11,8,otc alterations permit,2007-01-05T00:00:00.000,819,13,580,Fell,St,"repair as per h.r. wellington report# 874836, item# 4b. (see attached termite report) less than 50% of structure.",complete,2007-01-18T00:00:00.000,2007-01-05T00:00:00.000,2007-01-05T00:00:00.000,2007-05-05T00:00:00.000Z,4000,4000,2 family dwelling,2 family dwelling,0,5,Hayes Valley,94102,"{'latitude': '37.77554725925998', 'longitude': '-122.42739447315483', 'human_address': '{""address"": """", ""city"": """", ""state"": """", ""zip"": """"}'}",1.08E+11,,1,1,2,2,5,wood frame (5),5,wood frame (5),2007-01-18T00:00:00.000,,,,,
5ea1fcbcc2aeecdcc61c517e,2.01E+11,8,otc alterations permit,2007-01-05T00:00:00.000,819,13,582,Fell,St,"repair as per h.r. wellington report# 874836, item# 4b. (see attached termite report) less than 50% of structure.",complete,2007-01-18T00:00:00.000,2007-01-05T00:00:00.000,2007-01-05T00:00:00.000,2007-05-05T00:00:00.000Z,4000,4000,2 family dwelling,2 family dwelling,0,5,Hayes Valley,94102,"{'latitude': '37.77554725925998', 'longitude': '-122.42739447315483', 'human_address': '{""address"": """", ""city"": """", ""state"": """", ""zip"": """"}'}",1.08E+12,,1,1,2,2,5,wood frame (5),5,wood frame (5),2007-01-18T00:00:00.000,,,,,
5ea1fcbcc2aeecdcc61c517f,2.01E+11,8,otc alterations permit,2007-01-05T00:00:00.000,7005,48,505,Garfield,St,"repair as per h.r. wellington report# 874947, item# 1b, 1c, 1d, 1e, 1g, 1h, 3a, 4a & 11b. (see attached termite report)",complete,2007-01-09T00:00:00.000,2007-01-05T00:00:00.000,2007-01-05T00:00:00.000,2007-05-05T00:00:00.000Z,1500,1500,1 family dwelling,1 family dwelling,0,11,Oceanview/Merced/Ingleside,94132,"{'latitude': '37.719466301527994', 'longitude': '-122.46738826049216', 'human_address': '{""address"": """", ""city"": """", ""state"": """", ""zip"": """"}'}",1.08E+12,,1,1,1,1,5,wood frame (5),5,wood frame (5),2007-01-09T00:00:00.000,,,,,
5ea1fcbcc2aeecdcc61c5180,2.01E+11,8,otc alterations permit,2007-01-05T00:00:00.000,3710,19,45,Fremont,St,oti-2 b el me,complete,2007-09-05T00:00:00.000,2007-01-05T00:00:00.000,2007-01-05T00:00:00.000,2008-01-05T00:00:00.000Z,27603,27603,office,office,2,6,Financial District/South Beach,94105,"{'latitude': '37.791242409176604', 'longitude': '-122.39713339753926', 'human_address': '{""address"": """", ""city"": """", ""state"": """", ""zip"": """"}'}",1.08E+12,,36,36,0,0,1,constr type 1,1,constr type 1,2007-09-05T00:00:00.000,,,,,
5ea1fcbcc2aeecdcc61c5181,2.01E+11,8,otc alterations permit,2007-01-05T00:00:00.000,3533,73,45,Brosnan,St,to renew  building permit pa#200410055932.,complete,2007-04-04T00:00:00.000,2007-01-05T00:00:00.000,2007-01-05T00:00:00.000,2007-07-05T00:00:00.000Z,8000,8000,apartments,apartments,0,8,Mission,94103,"{'latitude': '37.76855043225975', 'longitude': '-122.42331806825595', 'human_address': '{""address"": """", ""city"": """", ""state"": """", ""zip"": """"}'}",1.08E+12,,3,3,12,12,5,wood frame (5),5,wood frame (5),2007-04-04T00:00:00.000,,,,,
5ea1fcbcc2aeecdcc61c5182,2.01E+11,8,otc alterations permit,2007-01-05T00:00:00.000,127,32,999,Green,St,kitchen finishes and fixtures upgrade. electrical and plumbing upgrade. removal of (e) non structural partition wall. no structural work to be done.,complete,2008-01-03T00:00:00.000,2007-01-05T00:00:00.000,2007-01-05T00:00:00.000,2008-01-05T00:00:00.000Z,60000,60000,apartments,apartments,2,3,Nob Hill,94133,"{'latitude': '37.79845073717453', 'longitude': '-122.41521861153946', 'human_address': '{""address"": """", ""city"": """", ""state"": """", ""zip"": """"}'}",1.08E+11,904,31,31,106,106,1,constr type 1,1,constr type 1,2008-01-03T00:00:00.000,,,,,
5ea1fcbcc2aeecdcc61c5183,2.01E+11,8,otc alterations permit,2007-01-05T00:00:00.000,2882,17,436,Castenada,Av,renewal of pa# 2006/04/21/9597 for final inspection.,complete,2007-01-23T00:00:00.000,2007-01-05T00:00:00.000,2007-01-05T00:00:00.000,2007-05-05T00:00:00.000Z,1,1,1 family dwelling,1 family dwelling,0,7,West of Twin Peaks,94116,"{'latitude': '37.74585067463113', 'longitude': '-122.46660499890821', 'human_address': '{""address"": """", ""city"": """", ""state"": """", ""zip"": """"}'}",1.08E+12,,2,2,1,1,5,wood frame (5),5,wood frame (5),2007-01-23T00:00:00.000,,,,,
5ea1fcbcc2aeecdcc61c5184,2.01E+11,8,otc alterations permit,2007-01-05T00:00:00.000,3538,115,30,Walter,St,bathroom remodel @ 1st floor unit.,complete,2007-05-03T00:00:00.000,2007-01-05T00:00:00.000,2007-01-05T00:00:00.000,2007-07-05T00:00:00.000Z,15000,15000,2 family dwelling,2 family dwelling,0,8,Castro/Upper Market,94114,"{'latitude': '37.76862771114598', 'longitude': '-122.43268225647348', 'human_address': '{""address"": """", ""city"": """", ""state"": """", ""zip"": """"}'}",1.08E+12,0,2,2,2,2,5,wood frame (5),5,wood frame (5),2007-05-03T00:00:00.000,,,,,
5ea1fcbcc2aeecdcc61c5185,2.01E+11,8,otc alterations permit,2007-01-05T00:00:00.000,3710,19,45,Fremont,St,oti-1 rev. b,complete,2007-09-24T00:00:00.000,2007-01-05T00:00:00.000,2007-01-05T00:00:00.000,2007-05-05T00:00:00.000Z,2000,2000,office,office,2,6,Financial District/South Beach,94105,"{'latitude': '37.791242409176604', 'longitude': '-122.39713339753926', 'human_address': '{""address"": """", ""city"": """", ""state"": """", ""zip"": """"}'}",1.08E+12,,36,36,0,0,1,constr type 1,1,constr type 1,2007-09-24T00:00:00.000,,,,,
5ea1fcbcc2aeecdcc61c5186,2.01E+11,8,otc alterations permit,2007-01-05T00:00:00.000,0436C,3,1434,Jefferson,St,"2 bathrooms remodel. new cabinets, tile, shower / tub, toilet, sink, fixtures. (2 baths in one unit) non structural work.",complete,2007-04-09T00:00:00.000,2007-01-05T00:00:00.000,2007-01-05T00:00:00.000,2007-07-05T00:00:00.000Z,20000,20000,2 family dwelling,2 family dwelling,0,2,Marina,94123,"{'latitude': '37.80588809963626', 'longitude': '-122.43622750063143', 'human_address': '{""address"": """", ""city"": """", ""state"": """", ""zip"": """"}'}",1.08E+12,0,2,2,2,2,5,wood frame (5),5,wood frame (5),2007-04-09T00:00:00.000,,,,,
5ea1fcbcc2aeecdcc61c5187,M52962,8,otc alterations permit,2007-01-05T00:00:00.000,3702,56,1160,Mission,St,street space,issued,2007-01-05T00:00:00.000,2007-01-05T00:00:00.000,2007-01-05T00:00:00.000,,,0,,,,6,South of Market,94103,"{'latitude': '37.778899602203325', 'longitude': '-122.41288383965127', 'human_address': '{""address"": """", ""city"": """", ""state"": """", ""zip"": """"}'}",1.08E+12,,,,,,,,,,,,,,,
5ea1fcbcc2aeecdcc61c5188,2.01E+11,8,otc alterations permit,2007-01-05T00:00:00.000,684,42,1961,Sutter,St,reroofing,issued,2007-01-05T00:00:00.000,2007-01-05T00:00:00.000,2007-01-05T00:00:00.000,2007-07-05T00:00:00.000Z,22500,22500,apartments,apartments,0,5,Japantown,94115,"{'latitude': '37.78595688098948', 'longitude': '-122.4326170962357', 'human_address': '{""address"": """", ""city"": """", ""state"": """", ""zip"": """"}'}",1.08E+11,,,,,,,,,,,,,,,
5ea1fcbcc2aeecdcc61c5189,2.01E+11,8,otc alterations permit,2007-01-05T00:00:00.000,684,42,1969,Sutter,St,reroofing,issued,2007-01-05T00:00:00.000,2007-01-05T00:00:00.000,2007-01-05T00:00:00.000,2007-07-05T00:00:00.000Z,22500,22500,apartments,apartments,0,5,Japantown,94115,"{'latitude': '37.78595688098948', 'longitude': '-122.4326170962357', 'human_address': '{""address"": """", ""city"": """", ""state"": """", ""zip"": """"}'}",1.08E+12,,,,,,,,,,,,,,,
5ea1fcbcc2aeecdcc61c518a,2.01E+11,8,otc alterations permit,2007-01-05T00:00:00.000,6520,16,2896,Folsom,St,reroofing.,issued,2007-01-05T00:00:00.000,2007-01-05T00:00:00.000,2007-01-05T00:00:00.000,2008-01-05T00:00:00.000Z,27000,27000,apartments,apartments,0,9,Mission,94110,"{'latitude': '37.75101965420707', 'longitude': '-122.41424546081164', 'human_address': '{""address"": """", ""city"": """", ""state"": """", ""zip"": """"}'}",1.08E+12,,,,,,,,,,,,,,,
5ea1fcbcc2aeecdcc61c518b,2.01E+11,8,otc alterations permit,2007-01-05T00:00:00.000,6520,16,2898,Folsom,St,reroofing.,issued,2007-01-05T00:00:00.000,2007-01-05T00:00:00.000,2007-01-05T00:00:00.000,2008-01-05T00:00:00.000Z,27000,27000,apartments,apartments,0,9,Mission,94110,"{'latitude': '37.75101965420707', 'longitude': '-122.41424546081164', 'human_address': '{""address"": """", ""city"": """", ""state"": """", ""zip"": """"}'}",1.08E+12,,,,,,,,,,,,,,,
5ea1fcbcc2aeecdcc61c518c,2.01E+11,8,otc alterations permit,2007-01-05T00:00:00.000,3588,77,45,Linda,St,repair rear stair case & landings. less than 50% repair in kind.,complete,2007-04-16T00:00:00.000,2007-01-05T00:00:00.000,2007-01-05T00:00:00.000,2007-05-05T00:00:00.000Z,4000,4000,2 family dwelling,2 family dwelling,0,8,Mission,94110,"{'latitude': '37.76099574957879', 'longitude': '-122.42280189332148', 'human_address': '{""address"": """", ""city"": """", ""state"": """", ""zip"": """"}'}",1.08E+12,,2,2,2,2,5,wood frame (5),5,wood frame (5),2007-04-16T00:00:00.000,,,,,
5ea1fcbcc2aeecdcc61c518d,M52963,8,otc alterations permit,2007-01-05T00:00:00.000,2648,25,73,Diamond,St,street space permit,issued,2007-01-05T00:00:00.000,2007-01-05T00:00:00.000,2007-01-05T00:00:00.000,,,0,,,,8,Castro/Upper Market,94114,"{'latitude': '37.76123884304633', 'longitude': '-122.43690897413354', 'human_address': '{""address"": """", ""city"": """", ""state"": """", ""zip"": """"}'}",1.08E+12,,,,,,,,,,,,,,,
5ea1fcbcc2aeecdcc61c518e,M52964,8,otc alterations permit,2007-01-05T00:00:00.000,2167,1,2001,47th,Av,street space permit,issued,2007-01-05T00:00:00.000,2007-01-05T00:00:00.000,2007-01-05T00:00:00.000,,,0,,,,4,Sunset/Parkside,94116,"{'latitude': '37.74903036693942', 'longitude': '-122.50646911882275', 'human_address': '{""address"": """", ""city"": """", ""state"": """", ""zip"": """"}'}",1.08E+12,,,,,,,,,,,,,,,
5ea1fcbcc2aeecdcc61c518f,M52965,8,otc alterations permit,2007-01-05T00:00:00.000,3273,21,725,Darien,Wy,street space & sidewalk permit only.,issued,2007-01-05T00:00:00.000,2007-01-05T00:00:00.000,2007-01-05T00:00:00.000,,,0,,,,7,West of Twin Peaks,94127,"{'latitude': '37.73065073549003', 'longitude': '-122.46401359060258', 'human_address': '{""address"": """", ""city"": """", ""state"": """", ""zip"": """"}'}",1.08E+12,,,,,,,,,,,,,,,
5ea1fcbcc2aeecdcc61c5190,M52966,8,otc alterations permit,2007-01-05T00:00:00.000,6616,14,36,Valley,St,sidewalk permit only.,issued,2007-01-05T00:00:00.000,2007-01-05T00:00:00.000,2007-01-05T00:00:00.000,,,0,,,,8,Noe Valley,94110,"{'latitude': '37.74496395502768', 'longitude': '-122.42310235545759', 'human_address': '{""address"": """", ""city"": """", ""state"": """", ""zip"": """"}'}",1.08E+12,,,,,,,,,,,,,,,
5ea1fcbcc2aeecdcc61c5191,2.01E+11,2,new construction wood frame,2007-01-05T00:00:00.000,6942,39,244,Granada,Av,"to erect a new 3-story, two units dwelling with no basement building.",issued,2008-10-09T00:00:00.000,2007-01-05T00:00:00.000,2008-10-09T00:00:00.000,2011-09-24T00:00:00.000Z,280000,437169,,2 family dwelling,2,7,Oceanview/Merced/Ingleside,94112,"{'latitude': '37.7228531780017', 'longitude': '-122.45684952547855', 'human_address': '{""address"": """", ""city"": """", ""state"": """", ""zip"": """"}'}",1.08E+12,,,3,,2,,,5,wood frame (5),,,Y,,2008-10-09T00:00:00.000,
5ea1fcbcc2aeecdcc61c5192,2.01E+11,3,additions alterations or repairs,2007-01-05T00:00:00.000,1202,002J,616,Divisadero,St,removal of (e) area @fly loft and roof rear & sidewalls to 2nd eastern structural bay within (e) auditorm. new rear wall will be constructed @eastern side of bldg. new basement with parking garage & access to hayes st. permitting vehicle access. the western facade will have the blade and masonee sig,filed,2007-01-05T00:00:00.000,2007-01-05T00:00:00.000,,,400000,,church,office,2,5,Hayes Valley,94117,"{'latitude': '37.775313751422985', 'longitude': '-122.4374623861592', 'human_address': '{""address"": """", ""city"": """", ""state"": """", ""zip"": """"}'}",1.08E+11,,3,3,0,0,1,constr type 1,1,constr type 1,,,Y,,,
5ea1fcbcc2aeecdcc61c5193,M52982,8,otc alterations permit,2007-01-05T00:00:00.000,4075,18,785,San Bruno,Av,street space,issued,2007-01-05T00:00:00.000,2007-01-05T00:00:00.000,2007-01-05T00:00:00.000,,,0,,,,10,Potrero Hill,94107,"{'latitude': '37.759713835202476', 'longitude': '-122.40468014636045', 'human_address': '{""address"": """", ""city"": """", ""state"": """", ""zip"": """"}'}",1.08E+12,,,,,,,,,,,,,,,
5ea1fcbcc2aeecdcc61c5194,2.01E+11,5,grade or quarry or fill or excavate,2007-01-05T00:00:00.000,4228,10,1301,Indiana,St,dirt removal as required to level site for new construction #bpn 2002-12-24-4169s.,complete,2008-05-05T00:00:00.000,2007-01-05T00:00:00.000,2007-05-23T00:00:00.000,2008-05-23T00:00:00.000Z,67500,100000,,,2,10,Potrero Hill,94107,"{'latitude': '37.754173905047736', 'longitude': '-122.39034620596833', 'human_address': '{""address"": """", ""city"": """", ""state"": """", ""zip"": """"}'}",1.08E+12,,,,,,,,,,2008-05-05T00:00:00.000,,,,,
5ea1fcbcc2aeecdcc61c5195,M52983,8,otc alterations permit,2007-01-05T00:00:00.000,39,7,2013,Grant,Av,street space,issued,2007-01-05T00:00:00.000,2007-01-05T00:00:00.000,2007-01-05T00:00:00.000,,,0,,,,3,North Beach,94133,"{'latitude': '37.80553541130805', 'longitude': '-122.40872356719942', 'human_address': '{""address"": """", ""city"": """", ""state"": """", ""zip"": """"}'}",1.08E+11,,,,,,,,,,,,,,,
5ea1fcbcc2aeecdcc61c5196,M52984,8,otc alterations permit,2007-01-05T00:00:00.000,49,12,2444,Leavenworth,St,street space,issued,2007-01-05T00:00:00.000,2007-01-05T00:00:00.000,2007-01-05T00:00:00.000,,,0,,,,2,Russian Hill,94133,"{'latitude': '37.803782763131125', 'longitude': '-122.41796659180626', 'human_address': '{""address"": """", ""city"": """", ""state"": """", ""zip"": """"}'}",1.08E+12,,,,,,,,,,,,,,,
5ea1fcbcc2aeecdcc61c5197,2.01E+11,5,grade or quarry or fill or excavate,2007-01-05T00:00:00.000,4228,10,1275,Indiana,St,dirt removal as required to level site for new construction #bpn 2002-12-24-4471.,complete,2008-05-05T00:00:00.000,2007-01-05T00:00:00.000,2007-05-23T00:00:00.000,2008-05-23T00:00:00.000Z,67500,100000,,,2,10,Potrero Hill,94107,"{'latitude': '37.754173905047736', 'longitude': '-122.39034620596833', 'human_address': '{""address"": """", ""city"": """", ""state"": """", ""zip"": """"}'}",1.08E+12,,,,,,,,,,2008-05-05T00:00:00.000,,,,,
5ea1fcbcc2aeecdcc61c5198,M52985,8,otc alterations permit,2007-01-05T00:00:00.000,586,14,2513,Pacific,Av,street space,issued,2007-01-05T00:00:00.000,2007-01-05T00:00:00.000,2007-01-05T00:00:00.000,,,0,,,,2,Pacific Heights,94115,"{'latitude': '37.79276909001666', 'longitude': '-122.43714251683652', 'human_address': '{""address"": """", ""city"": """", ""state"": """", ""zip"": """"}'}",1.08E+12,0,,,,,,,,,,,,,,
5ea1fcbcc2aeecdcc61c5199,M52986,8,otc alterations permit,2007-01-05T00:00:00.000,744,18,800,Turk,St,sidewalk repair,issued,2007-01-05T00:00:00.000,2007-01-05T00:00:00.000,2007-01-05T00:00:00.000,,,0,,,,5,Western Addition,94102,"{'latitude': '37.78190997723413', 'longitude': '-122.42266836945097', 'human_address': '{""address"": """", ""city"": """", ""state"": """", ""zip"": """"}'}",1.08E+11,,,,,,,,,,,,,,,
5ea1fcbcc2aeecdcc61c519a,2.01E+11,5,grade or quarry or fill or excavate,2007-01-05T00:00:00.000,279,14,1299,Bush,St,temporary shoring & underpinning as required for bpn# 2005-03-10-7166. work under this permit to be an underpinning piers & soldier beams except underpinning piers #27 to #31 as shown on street #sp1,complete,2009-10-16T00:00:00.000,2007-01-05T00:00:00.000,2008-03-13T00:00:00.000,2010-03-13T00:00:00.000Z,100000,432300,,,2,3,Nob Hill,94109,"{'latitude': '37.788708778323645', 'longitude': '-122.41839815030428', 'human_address': '{""address"": """", ""city"": """", ""state"": """", ""zip"": """"}'}",1.08E+12,0,,,,,,,,,2009-10-16T00:00:00.000,,,,,
5ea1fcbcc2aeecdcc61c519b,2.01E+11,8,otc alterations permit,2007-01-05T00:00:00.000,1762,26,1382,08th,Av,replace two windows in kind at front of house. alluminum to vinyl. .67 u factor min. comply with (his nov#200677707 & #200675397),complete,2007-02-01T00:00:00.000,2007-01-05T00:00:00.000,2007-01-05T00:00:00.000,2007-05-05T00:00:00.000Z,1200,1200,apartments,apartments,0,5,Inner Sunset,94122,"{'latitude': '37.762582967948525', 'longitude': '-122.46486983244503', 'human_address': '{""address"": """", ""city"": """", ""state"": """", ""zip"": """"}'}",1.08E+12,0,3,3,3,3,5,wood frame (5),5,wood frame (5),2007-02-01T00:00:00.000,,,,,
5ea1fcbcc2aeecdcc61c519c,2.01E+11,8,otc alterations permit,2007-01-05T00:00:00.000,2861,31,2238,09th,Av,remodel kitchen on level 'a' and refurbish existing stairway with open handrail,complete,2007-06-01T00:00:00.000,2007-01-05T00:00:00.000,2007-01-05T00:00:00.000,2007-07-05T00:00:00.000Z,25000,25000,1 family dwelling,1 family dwelling,2,7,West of Twin Peaks,94116,"{'latitude': '37.74732650535603', 'longitude': '-122.46555073484286', 'human_address': '{""address"": """", ""city"": """", ""state"": """", ""zip"": """"}'}",1.08E+12,,2,2,1,1,5,wood frame (5),5,wood frame (5),2007-06-01T00:00:00.000,,,,,
5ea1fcbcc2aeecdcc61c519d,2.01E+11,8,otc alterations permit,2007-01-05T00:00:00.000,321,32,765,Ofarrell,St,"total of 8 units. this is a  revision to pa# 2006/08/07/8815. repair wiring, plumbing, partial walls painting etc. for unit# 4, #7, #22, #31, #32, #37, #41 & #43. bath room, kitchen, 1 in each unit. minimum upgrade.",complete,2007-01-29T00:00:00.000,2007-01-05T00:00:00.000,2007-01-05T00:00:00.000,2007-05-05T00:00:00.000Z,1,1,apartments,apartments,0,6,Tenderloin,94109,"{'latitude': '37.784967277951175', 'longitude': '-122.41725672531369', 'human_address': '{""address"": """", ""city"": """", ""state"": """", ""zip"": """"}'}",1.08E+11,,4,4,33,33,5,wood frame (5),5,wood frame (5),2007-01-29T00:00:00.000,,,,,
5ea1fcbcc2aeecdcc61c519e,M53002,8,otc alterations permit,2007-01-05T00:00:00.000,7112,006A,20,Sadowa,St,street space & sidewalk,issued,2007-01-05T00:00:00.000,2007-01-05T00:00:00.000,2007-01-05T00:00:00.000,,,0,,,,11,Oceanview/Merced/Ingleside,94112,"{'latitude': '37.712578241446195', 'longitude': '-122.45502045341854', 'human_address': '{""address"": """", ""city"": """", ""state"": """", ""zip"": """"}'}",1.08E+12,,,,,,,,,,,,,,,
5ea1fcbcc2aeecdcc61c519f,2.01E+11,3,additions alterations or repairs,2007-01-05T00:00:00.000,279,15,1283,Bush,St,underpinning as required by adjacent. new construction 2005-03-10-7166s.,withdrawn,2007-11-05T00:00:00.000,2007-01-05T00:00:00.000,,,25000,252500,apartments,apartments,2,3,Nob Hill,94109,"{'latitude': '37.78872703093541', 'longitude': '-122.41825701981622', 'human_address': '{""address"": """", ""city"": """", ""state"": """", ""zip"": """"}'}",1.08E+12,0,4,4,8,8,5,wood frame (5),5,wood frame (5),,,,,,
5ea1fcbcc2aeecdcc61c51a0,2.01E+11,4,sign - erect,2007-01-05T00:00:00.000,3705,42,865,Market,St,to erect electrical sign,issued,2007-01-05T00:00:00.000,2007-01-05T00:00:00.000,2007-01-05T00:00:00.000,2007-05-05T00:00:00.000Z,,4000,retail sales,,2,6,South of Market,94103,"{'latitude': '37.78394695457302', 'longitude': '-122.40715830829208', 'human_address': '{""address"": """", ""city"": """", ""state"": """", ""zip"": """"}'}",1.08E+12,,6,,0,,3,constr type 3,,,,,,,,
5ea1fcbcc2aeecdcc61c51a1,M53003,8,otc alterations permit,2007-01-05T00:00:00.000,1232,23,1567,Page,St,street space,issued,2007-01-05T00:00:00.000,2007-01-05T00:00:00.000,2007-01-05T00:00:00.000,,,0,,,,5,Haight Ashbury,94117,"{'latitude': '37.77077091593777', 'longitude': '-122.44660871824203', 'human_address': '{""address"": """", ""city"": """", ""state"": """", ""zip"": """"}'}",1.08E+12,,,,,,,,,,,,,,,
5ea1fcbcc2aeecdcc61c51a2,M53004,8,otc alterations permit,2007-01-05T00:00:00.000,5685,18,355,Banks,St,street space,issued,2007-01-05T00:00:00.000,2007-01-05T00:00:00.000,2007-01-05T00:00:00.000,,,0,,,,9,Bernal Heights,94110,"{'latitude': '37.73864515727059', 'longitude': '-122.41252448699053', 'human_address': '{""address"": """", ""city"": """", ""state"": """", ""zip"": """"}'}",1.08E+12,,,,,,,,,,,,,,,
5ea1fcbcc2aeecdcc61c51a3,2.01E+11,3,additions alterations or repairs,2007-01-05T00:00:00.000,279,12,1144,Larkin,St,underpinning as required by adjacent new construction 2005-03-10-7166s.,complete,2009-10-16T00:00:00.000,2007-01-05T00:00:00.000,2008-02-27T00:00:00.000,2009-02-27T00:00:00.000Z,10000,43000,apartments,apartments,2,3,Nob Hill,94109,"{'latitude': '37.788527586779594', 'longitude': '-122.41831373627939', 'human_address': '{""address"": """", ""city"": """", ""state"": """", ""zip"": """"}'}",1.08E+11,,3,3,16,16,5,wood frame (5),5,wood frame (5),2009-10-16T00:00:00.000,,,,,
5ea1fcbcc2aeecdcc61c51a4,2.01E+11,8,otc alterations permit,2007-01-05T00:00:00.000,4150,15,2868,23rd,St,complaint 3200681897. stairs repair less than 50% of structure.,complete,2007-03-07T00:00:00.000,2007-01-05T00:00:00.000,2007-01-05T00:00:00.000,2007-05-05T00:00:00.000Z,500,500,apartments,apartments,0,9,Mission,94110,"{'latitude': '37.75459529763203', 'longitude': '-122.40973764782687', 'human_address': '{""address"": """", ""city"": """", ""state"": """", ""zip"": """"}'}",1.08E+12,0,2,2,4,4,5,wood frame (5),5,wood frame (5),2007-03-07T00:00:00.000,,,,,
5ea1fcbcc2aeecdcc61c51a5,2.01E+11,8,otc alterations permit,2007-01-05T00:00:00.000,2984,14,45,Allston,Wy,reenforce bay window section at rear of house (n) partitions at garage to create (n) storage rooms (two) voluntary strengthen garage wall. no calcs no spec insp.,issued,2007-01-05T00:00:00.000,2007-01-05T00:00:00.000,2007-01-05T00:00:00.000,2007-07-05T00:00:00.000Z,8000,8000,1 family dwelling,1 family dwelling,2,7,West of Twin Peaks,94127,"{'latitude': '37.74144783654101', 'longitude': '-122.46266408986418', 'human_address': '{""address"": """", ""city"": """", ""state"": """", ""zip"": """"}'}",1.08E+12,,2,2,1,1,5,wood frame (5),5,wood frame (5),,,,,,
5ea1fcbcc2aeecdcc61c51a6,2.01E+11,6,demolitions,2007-01-05T00:00:00.000,3776,92,246,Ritch,St,to demolish 1 story storage building,withdrawn,2010-12-01T00:00:00.000,2007-01-05T00:00:00.000,,,,,"warehouse,no frnitur",,0,6,South of Market,94107,"{'latitude': '37.780218861178675', 'longitude': '-122.39581632031391', 'human_address': '{""address"": """", ""city"": """", ""state"": """", ""zip"": """"}'}",1.08E+12,,1,,0,,5,wood frame (5),,,,,,,,
5ea1fcbcc2aeecdcc61c51a7,2.01E+11,8,otc alterations permit,2007-01-05T00:00:00.000,94,5,1100,Filbert,St,reactivate job permit#200509132712. seismic improvement work to complete.,expired,2014-08-19T00:00:00.000,2007-01-05T00:00:00.000,2007-01-05T00:00:00.000,2007-07-05T00:00:00.000Z,15000,15000,apartments,apartments,0,2,Russian Hill,94109,"{'latitude': '37.80045478404231', 'longitude': '-122.41788437239934', 'human_address': '{""address"": """", ""city"": """", ""state"": """", ""zip"": """"}'}",1.08E+12,0,3,3,3,3,5,wood frame (5),5,wood frame (5),,,,,,
5ea1fcbcc2aeecdcc61c51a8,2.01E+11,8,otc alterations permit,2007-01-05T00:00:00.000,94,5,1112,Filbert,St,reactivate job permit#200509132712. seismic improvement work to complete.,expired,2014-08-19T00:00:00.000,2007-01-05T00:00:00.000,2007-01-05T00:00:00.000,2007-07-05T00:00:00.000Z,15000,15000,apartments,apartments,0,2,Russian Hill,94109,"{'latitude': '37.80045478404231', 'longitude': '-122.41788437239934', 'human_address': '{""address"": """", ""city"": """", ""state"": """", ""zip"": """"}'}",1.08E+12,,3,3,3,3,5,wood frame (5),5,wood frame (5),,,,,,
5ea1fcbcc2aeecdcc61c51a9,2.01E+11,8,otc alterations permit,2007-01-05T00:00:00.000,5612,32,91,Winfield,St,reroofing.,complete,2007-05-23T00:00:00.000,2007-01-05T00:00:00.000,2007-01-05T00:00:00.000,2007-07-05T00:00:00.000Z,7940,7940,1 family dwelling,1 family dwelling,0,9,Bernal Heights,94110,"{'latitude': '37.74366476902927', 'longitude': '-122.41761907508271', 'human_address': '{""address"": """", ""city"": """", ""state"": """", ""zip"": """"}'}",1.08E+12,,,,,,,,,,2007-05-23T00:00:00.000,,,,,
5ea1fcbcc2aeecdcc61c51aa,2.01E+11,2,new construction wood frame,2007-01-05T00:00:00.000,3776,92,246,Ritch,St,to erect a new 5 story 19 dwelling unit,complete,2014-02-06T00:00:00.000,2007-01-05T00:00:00.000,2012-04-20T00:00:00.000,2015-04-05T00:00:00.000Z,1800000,1891285,,apartments,2,6,South of Market,94107,"{'latitude': '37.780218861178675', 'longitude': '-122.39581632031391', 'human_address': '{""address"": """", ""city"": """", ""state"": """", ""zip"": """"}'}",1.08E+12,,,5,,19,,,5,wood frame (5),2014-02-06T00:00:00.000,,Y,,2012-08-14T00:00:00.000,
5ea1fcbcc2aeecdcc61c51ab,2.01E+11,3,additions alterations or repairs,2007-01-05T00:00:00.000,266,9,1,Front,St,"oti-1, aetna, 6/fl, el,, me, ls, sp.",complete,2007-06-22T00:00:00.000,2007-01-05T00:00:00.000,2007-01-29T00:00:00.000,2009-01-29T00:00:00.000Z,308000,308000,office,office,2,3,Financial District/South Beach,94111,"{'latitude': '37.79175821447036', 'longitude': '-122.39891194475122', 'human_address': '{""address"": """", ""city"": """", ""state"": """", ""zip"": """"}'}",1.08E+12,,38,38,0,0,1,constr type 1,1,constr type 1,2007-06-22T00:00:00.000,,,,,
5ea1fcbcc2aeecdcc61c51ac,2.01E+11,8,otc alterations permit,2007-01-05T00:00:00.000,2199,003C,2147,18th,Av,reroofing.,issued,2007-01-05T00:00:00.000,2007-01-05T00:00:00.000,2007-01-05T00:00:00.000,2007-05-05T00:00:00.000Z,4800,4800,1 family dwelling,1 family dwelling,0,7,West of Twin Peaks,94116,"{'latitude': '37.74778375279827', 'longitude': '-122.47524676987994', 'human_address': '{""address"": """", ""city"": """", ""state"": """", ""zip"": """"}'}",1.08E+12,,,,,,,,,,,,,,,
5ea1fcbcc2aeecdcc61c51ad,2.01E+11,8,otc alterations permit,2007-01-05T00:00:00.000,1662,45,754,20th,Av,reroofing.,issued,2007-01-05T00:00:00.000,2007-01-05T00:00:00.000,2007-01-05T00:00:00.000,2007-05-05T00:00:00.000Z,4800,4800,2 family dwelling,2 family dwelling,0,1,Outer Richmond,94121,"{'latitude': '37.773661165865164', 'longitude': '-122.4785658160331', 'human_address': '{""address"": """", ""city"": """", ""state"": """", ""zip"": """"}'}",1.08E+12,,,,,,,,,,,,,,,
5ea1fcbcc2aeecdcc61c51ae,2.01E+11,3,additions alterations or repairs,2007-01-05T00:00:00.000,266,9,1,Front,St,"oti-2, aetna, 6/fl, el, me, ls.",complete,2007-06-22T00:00:00.000,2007-01-05T00:00:00.000,2007-02-12T00:00:00.000,2008-02-12T00:00:00.000Z,80000,100000,office,office,2,3,Financial District/South Beach,94111,"{'latitude': '37.79175821447036', 'longitude': '-122.39891194475122', 'human_address': '{""address"": """", ""city"": """", ""state"": """", ""zip"": """"}'}",1.08E+12,,33,33,0,0,1,constr type 1,1,constr type 1,2007-06-22T00:00:00.000,,,,,
5ea1fcbcc2aeecdcc61c51af,2.01E+11,8,otc alterations permit,2007-01-05T00:00:00.000,0026T,289A,2655,Hyde,St,"remove & replace exterior cement plaster approx 2400 sqft, interior gypsum board around window and sliding glass doors. 26 windows and 4 sliding glass doors (same size, same location), & water damaged framing and sheating at the south wall units#107,106,105,104,207,206,205,204,307,306,305,304. 12 un",complete,2007-03-29T00:00:00.000,2007-01-05T00:00:00.000,2007-01-05T00:00:00.000,2008-01-05T00:00:00.000Z,75000,75000,apartments,apartments,2,2,Russian Hill,94109,"{'latitude': '37.8054734094747', 'longitude': '-122.42059704496393', 'human_address': '{""address"": """", ""city"": """", ""state"": """", ""zip"": """"}'}",1.08E+12,0,3,3,24,24,5,wood frame (5),5,wood frame (5),2007-03-29T00:00:00.000,,,,,0
5ea1fcbcc2aeecdcc61c51b0,2.01E+11,8,otc alterations permit,2007-01-05T00:00:00.000,1662,45,756,20th,Av,reroofing.,issued,2007-01-05T00:00:00.000,2007-01-05T00:00:00.000,2007-01-05T00:00:00.000,2007-05-05T00:00:00.000Z,4800,4800,2 family dwelling,2 family dwelling,0,1,Outer Richmond,94121,"{'latitude': '37.773661165865164', 'longitude': '-122.4785658160331', 'human_address': '{""address"": """", ""city"": """", ""state"": """", ""zip"": """"}'}",1.08E+12,,,,,,,,,,,,,,,
5ea1fcbcc2aeecdcc61c51b1,2.01E+11,8,otc alterations permit,2007-01-05T00:00:00.000,268,6,220,Bush,St,"oti-1   8th floor el, l/s, sp",complete,2007-06-19T00:00:00.000,2007-01-05T00:00:00.000,2007-01-05T00:00:00.000,2008-01-05T00:00:00.000Z,80000,80000,office,office,2,3,Financial District/South Beach,94104,"{'latitude': '37.79139224704139', 'longitude': '-122.40130698499809', 'human_address': '{""address"": """", ""city"": """", ""state"": """", ""zip"": """"}'}",1.08E+11,,22,22,0,0,1,constr type 1,1,constr type 1,2007-06-19T00:00:00.000,,,,,
5ea1fcbcc2aeecdcc61c51b2,M53022,8,otc alterations permit,2007-01-05T00:00:00.000,961,4,2515,Scott,St,street space,issued,2007-01-05T00:00:00.000,2007-01-05T00:00:00.000,2007-01-05T00:00:00.000,,,0,,,,2,Pacific Heights,94115,"{'latitude': '37.79307710747633', 'longitude': '-122.44006974346662', 'human_address': '{""address"": """", ""city"": """", ""state"": """", ""zip"": """"}'}",1.08E+11,,,,,,,,,,,,,,,
5ea1fcbcc2aeecdcc61c51b3,2.01E+11,8,otc alterations permit,2007-01-05T00:00:00.000,2704,56,381,Corbett,Av,demo and remodel: kitchen and bathroom at ground level,expired,2007-07-30T00:00:00.000,2007-01-05T00:00:00.000,2007-01-05T00:00:00.000,2007-07-05T00:00:00.000Z,10000,10000,apartments,apartments,0,8,Castro/Upper Market,94114,"{'latitude': '37.7593171602773', 'longitude': '-122.44561879010135', 'human_address': '{""address"": """", ""city"": """", ""state"": """", ""zip"": """"}'}",1.08E+12,0,3,3,3,3,5,wood frame (5),5,wood frame (5),,,,,,
5ea1fcbcc2aeecdcc61c51b4,2.01E+11,8,otc alterations permit,2007-01-05T00:00:00.000,3251,6,250,San Fernando,Wy,reroofing,complete,2007-01-17T00:00:00.000,2007-01-05T00:00:00.000,2007-01-05T00:00:00.000,2007-07-05T00:00:00.000Z,18527,18527,1 family dwelling,1 family dwelling,0,7,West of Twin Peaks,94127,"{'latitude': '37.7324148199799', 'longitude': '-122.4698654023569', 'human_address': '{""address"": """", ""city"": """", ""state"": """", ""zip"": """"}'}",1.08E+12,,,,,,,,,,2007-01-17T00:00:00.000,,,,,
5ea1fcbcc2aeecdcc61c51b5,2.01E+11,8,otc alterations permit,2007-01-05T00:00:00.000,1114,8,45,Encanto,Av,reroofing,complete,2007-01-17T00:00:00.000,2007-01-05T00:00:00.000,2007-01-05T00:00:00.000,2007-07-05T00:00:00.000Z,13674,13674,1 family dwelling,1 family dwelling,0,2,Lone Mountain/USF,94115,"{'latitude': '37.780403040504375', 'longitude': '-122.44386520813573', 'human_address': '{""address"": """", ""city"": """", ""state"": """", ""zip"": """"}'}",1.08E+11,,,,,,,,,,2007-01-17T00:00:00.000,,,,,
5ea1fcbcc2aeecdcc61c51b6,2.01E+11,3,additions alterations or repairs,2007-01-05T00:00:00.000,3729,74,1269,Howard,St,"revise pa# 200610195527-install wheel chair lift, provide structural details for installation skylight.",issued,2007-02-13T00:00:00.000,2007-01-05T00:00:00.000,2007-02-13T00:00:00.000,2008-02-13T00:00:00.000Z,35000,35000,office,office,2,6,South of Market,94103,"{'latitude': '37.775158468223474', 'longitude': '-122.41238465243752', 'human_address': '{""address"": """", ""city"": """", ""state"": """", ""zip"": """"}'}",1.08E+12,,2,2,0,0,5,wood frame (5),5,wood frame (5),,,,,,
5ea1fcbcc2aeecdcc61c51b7,2.01E+11,8,otc alterations permit,2007-01-05T00:00:00.000,678,126,2295,Bush,St,"1 at 11' 2"" wide x 3' projection x 4' drop and 1 corner at 12' wide, 8' wide corner panel, 12' wide x 3' projection x 4 4' drop",issued,2007-01-05T00:00:00.000,2007-01-05T00:00:00.000,2007-01-05T00:00:00.000,,,0,,,2,5,Pacific Heights,94115,"{'latitude': '37.786572696599826', 'longitude': '-122.4347131457043', 'human_address': '{""address"": """", ""city"": """", ""state"": """", ""zip"": """"}'}",1.08E+12,0,,,,,,,,,,,,,,
5ea1fcbcc2aeecdcc61c51b8,2.01E+11,8,otc alterations permit,2007-01-05T00:00:00.000,59,121,150,Lombard,St,"remodel one kitchen w/new appliance & cabinets/countertops, retile bathroom new vanity &* bath tub - no stuctrual work in kind",complete,2007-03-02T00:00:00.000,2007-01-05T00:00:00.000,2007-01-05T00:00:00.000,2007-07-05T00:00:00.000Z,10000,10000,apartments,apartments,0,3,Financial District/South Beach,94111,"{'latitude': '37.80442696445743', 'longitude': '-122.40426517628732', 'human_address': '{""address"": """", ""city"": """", ""state"": """", ""zip"": """"}'}",1.08E+11,509,9,9,72,72,2,constr type 2,2,constr type 2,2007-03-02T00:00:00.000,,,,,
5ea1fcbcc2aeecdcc61c51b9,M53042,8,otc alterations permit,2007-01-05T00:00:00.000,3584,32,3976,19th,St,street space permit,issued,2007-01-05T00:00:00.000,2007-01-05T00:00:00.000,2007-01-05T00:00:00.000,,,0,,,,8,Castro/Upper Market,94114,"{'latitude': '37.75970572983867', 'longitude': '-122.43202607528404', 'human_address': '{""address"": """", ""city"": """", ""state"": """", ""zip"": """"}'}",1.08E+12,,,,,,,,,,,,,,,
5ea1fcbcc2aeecdcc61c51ba,2.01E+11,3,additions alterations or repairs,2007-01-05T00:00:00.000,6546,38,4239,25th,St,front horizontal addition & new front entry (one story) addition to an (e) single family structure. remodel (2) bedrooms & family room & entry.,complete,2008-03-24T00:00:00.000,2007-01-05T00:00:00.000,2007-07-17T00:00:00.000,2008-07-17T00:00:00.000Z,75000,75000,1 family dwelling,1 family dwelling,2,8,Noe Valley,94114,"{'latitude': '37.74938468025206', 'longitude': '-122.43501167737475', 'human_address': '{""address"": """", ""city"": """", ""state"": """", ""zip"": """"}'}",1.08E+12,,2,2,1,1,5,wood frame (5),5,wood frame (5),2008-03-24T00:00:00.000,Y,Y,,2007-07-17T00:00:00.000,
5ea1fcbcc2aeecdcc61c51bb,2.01E+11,8,otc alterations permit,2007-01-05T00:00:00.000,4104,35,545,Pennsylvania,Av,reroofing,complete,2007-01-10T00:00:00.000,2007-01-05T00:00:00.000,2007-01-05T00:00:00.000,2007-07-05T00:00:00.000Z,7400,7400,2 family dwelling,2 family dwelling,0,10,Potrero Hill,94107,"{'latitude': '37.75961804522055', 'longitude': '-122.39297877811363', 'human_address': '{""address"": """", ""city"": """", ""state"": """", ""zip"": """"}'}",1.08E+12,,,,,,,,,,2007-01-10T00:00:00.000,,,,,
5ea1fcbcc2aeecdcc61c51bc,2.01E+11,8,otc alterations permit,2007-01-05T00:00:00.000,4104,36,547,Pennsylvania,Av,reroofing,complete,2007-01-10T00:00:00.000,2007-01-05T00:00:00.000,2007-01-05T00:00:00.000,2007-07-05T00:00:00.000Z,7400,7400,2 family dwelling,2 family dwelling,0,10,Potrero Hill,94107,"{'latitude': '37.75961804522055', 'longitude': '-122.39297877811363', 'human_address': '{""address"": """", ""city"": """", ""state"": """", ""zip"": """"}'}",1.08E+12,547,,,,,,,,,2007-01-10T00:00:00.000,,,,,
5ea1fcbcc2aeecdcc61c51bd,2.01E+11,8,otc alterations permit,2007-01-05T00:00:00.000,4145,9,2320,Bryant,St,rvision to appl #200611298674. add 2 skylight at dinining room and playroom area. 2x4 size,complete,2007-01-08T00:00:00.000,2007-01-05T00:00:00.000,2007-01-05T00:00:00.000,2007-05-05T00:00:00.000Z,1,1,1 family dwelling,1 family dwelling,0,9,Mission,94110,"{'latitude': '37.75687802305521', 'longitude': '-122.4098382298529', 'human_address': '{""address"": """", ""city"": """", ""state"": """", ""zip"": """"}'}",1.08E+12,,2,2,1,1,5,wood frame (5),5,wood frame (5),2007-01-08T00:00:00.000,,,,,
5ea1fcbcc2aeecdcc61c51be,2.01E+11,8,otc alterations permit,2007-01-05T00:00:00.000,1840,014B,1483,Funston,Av,reroofing,complete,2007-02-14T00:00:00.000,2007-01-05T00:00:00.000,2007-01-05T00:00:00.000,2007-07-05T00:00:00.000Z,14000,14000,1 family dwelling,1 family dwelling,0,7,Inner Sunset,94122,"{'latitude': '37.760457517817436', 'longitude': '-122.47068810136602', 'human_address': '{""address"": """", ""city"": """", ""state"": """", ""zip"": """"}'}",1.08E+12,,,,,,,,,,2007-02-14T00:00:00.000,,,,,
5ea1fcbcc2aeecdcc61c51bf,2.01E+11,8,otc alterations permit,2007-01-05T00:00:00.000,818,1,449,Octavia,St,"fabricate and install 1 awning, free hanging valance and awning will not extend passed window opening",expired,2008-11-17T00:00:00.000,2007-01-05T00:00:00.000,2007-01-05T00:00:00.000,2007-05-05T00:00:00.000Z,700,700,retail sales,retail sales,2,5,Hayes Valley,94102,"{'latitude': '37.77639338632711', 'longitude': '-122.42475605739483', 'human_address': '{""address"": """", ""city"": """", ""state"": """", ""zip"": """"}'}",1.08E+12,,3,3,14,14,5,wood frame (5),5,wood frame (5),,,,,,
5ea1fcbcc2aeecdcc61c51c0,2.01E+11,8,otc alterations permit,2007-01-05T00:00:00.000,5523,14,3264,Folsom,St,reroofing,complete,2007-02-07T00:00:00.000,2007-01-05T00:00:00.000,2007-01-05T00:00:00.000,2007-07-05T00:00:00.000Z,15000,15000,1 family dwelling,1 family dwelling,0,9,Bernal Heights,94110,"{'latitude': '37.745819643396594', 'longitude': '-122.41372275692359', 'human_address': '{""address"": """", ""city"": """", ""state"": """", ""zip"": """"}'}",1.08E+12,,,,,,,,,,2007-02-07T00:00:00.000,,,,,
5ea1fcbcc2aeecdcc61c51c1,2.01E+11,8,otc alterations permit,2007-01-05T00:00:00.000,693,10,946,Geary,St,reroofing,expired,2011-02-25T00:00:00.000,2007-01-05T00:00:00.000,2007-01-05T00:00:00.000,2007-07-05T00:00:00.000Z,6000,6000,apartments,apartments,0,6,Tenderloin,94109,"{'latitude': '37.78626385389539', 'longitude': '-122.41887130268813', 'human_address': '{""address"": """", ""city"": """", ""state"": """", ""zip"": """"}'}",1.08E+12,,,,,,,,,,,,,,,
5ea1fcbcc2aeecdcc61c51c2,2.01E+11,8,otc alterations permit,2007-01-05T00:00:00.000,6112,23,681,University,St,to renew expired permit #200603086256 for final inpsecition only,issued,2007-01-05T00:00:00.000,2007-01-05T00:00:00.000,2007-01-05T00:00:00.000,2007-05-05T00:00:00.000Z,1,1,1 family dwelling,1 family dwelling,0,9,Portola,94134,"{'latitude': '37.72175511446843', 'longitude': '-122.41185922545053', 'human_address': '{""address"": """", ""city"": """", ""state"": """", ""zip"": """"}'}",1.08E+12,,2,2,1,1,5,wood frame (5),5,wood frame (5),2007-01-05T00:00:00.000,,,,,
5ea1fcbcc2aeecdcc61c51c3,M53062,8,otc alterations permit,2007-01-05T00:00:00.000,1619,006F,767,25th,Av,street space permit,issued,2007-01-05T00:00:00.000,2007-01-05T00:00:00.000,2007-01-05T00:00:00.000,,,0,,,,1,Outer Richmond,94121,"{'latitude': '37.774976854610216', 'longitude': '-122.48469510504466', 'human_address': '{""address"": """", ""city"": """", ""state"": """", ""zip"": """"}'}",1.08E+12,,,,,,,,,,,,,,,
5ea1fcbcc2aeecdcc61c51c4,2.01E+11,8,otc alterations permit,2007-01-05T00:00:00.000,2610,42,105,Alpine,Tr,"legalize ""habitable space"" at 1st floor and provide full bathroom. remodel kitchen. fill in 2 lightwells at 3rd floor. add new bathrooms. add steel beam at garage. remodel 3rd floor bathroom. new vanity at 2nd floor.",complete,2008-03-19T00:00:00.000,2007-01-05T00:00:00.000,2007-01-05T00:00:00.000,2008-01-05T00:00:00.000Z,99000,99000,1 family dwelling,1 family dwelling,2,8,Castro/Upper Market,94117,"{'latitude': '37.7688781735904', 'longitude': '-122.43728491404069', 'human_address': '{""address"": """", ""city"": """", ""state"": """", ""zip"": """"}'}",1.08E+12,,3,3,1,1,5,wood frame (5),5,wood frame (5),2008-03-19T00:00:00.000,Y,,,,
5ea1fcbcc2aeecdcc61c51c5,M53063,8,otc alterations permit,2007-01-05T00:00:00.000,5719,15,105,Richland,Av,street space permit only.,issued,2007-01-05T00:00:00.000,2007-01-05T00:00:00.000,2007-01-05T00:00:00.000,,,0,,,,9,Bernal Heights,94110,"{'latitude': '37.736149628078195', 'longitude': '-122.42410384857304', 'human_address': '{""address"": """", ""city"": """", ""state"": """", ""zip"": """"}'}",1.08E+12,,,,,,,,,,,,,,,
5ea1fcbcc2aeecdcc61c51c6,2.01E+11,8,otc alterations permit,2007-01-05T00:00:00.000,2359,1,2301,30th,Av,reroofing.,issued,2007-01-05T00:00:00.000,2007-01-05T00:00:00.000,2007-01-05T00:00:00.000,2007-07-05T00:00:00.000Z,7500,7500,1 family dwelling,1 family dwelling,0,4,Sunset/Parkside,94116,"{'latitude': '37.744239662427184', 'longitude': '-122.48788151268484', 'human_address': '{""address"": """", ""city"": """", ""state"": """", ""zip"": """"}'}",1.08E+12,,,,,,,,,,,,,,,
5ea1fcbcc2aeecdcc61c51c7,M53082,8,otc alterations permit,2007-01-05T00:00:00.000,1245,1,1501,Haight,St,sidewalk permit only.,issued,2007-01-05T00:00:00.000,2007-01-05T00:00:00.000,2007-01-05T00:00:00.000,,,0,,,,5,Haight Ashbury,94117,"{'latitude': '37.76976308868339', 'longitude': '-122.4471153332011', 'human_address': '{""address"": """", ""city"": """", ""state"": """", ""zip"": """"}'}",1.08E+11,,,,,,,,,,,,,,,
5ea1fcbcc2aeecdcc61c51c8,M53082,8,otc alterations permit,2007-01-05T00:00:00.000,1245,1,1509,Haight,St,sidewalk permit only.,issued,2007-01-05T00:00:00.000,2007-01-05T00:00:00.000,2007-01-05T00:00:00.000,,,0,,,,5,Haight Ashbury,94117,"{'latitude': '37.76976308868339', 'longitude': '-122.4471153332011', 'human_address': '{""address"": """", ""city"": """", ""state"": """", ""zip"": """"}'}",1.08E+12,,,,,,,,,,,,,,,
5ea1fcbcc2aeecdcc61c51c9,2.01E+11,8,otc alterations permit,2007-01-05T00:00:00.000,315,3,201,Powell,St,renew for final 200104197205,complete,2007-01-30T00:00:00.000,2007-01-05T00:00:00.000,2007-01-05T00:00:00.000,2007-05-05T00:00:00.000Z,1,1,tourist hotel/motel,tourist hotel/motel,0,3,Tenderloin,94102,"{'latitude': '37.78675094386961', 'longitude': '-122.40846710769029', 'human_address': '{""address"": """", ""city"": """", ""state"": """", ""zip"": """"}'}",1.08E+11,,7,7,183,183,2,constr type 2,2,constr type 2,2007-01-30T00:00:00.000,,,,,
5ea1fcbcc2aeecdcc61c51ca,2.01E+11,8,otc alterations permit,2007-01-05T00:00:00.000,1222,19,1484,Page,St,kitchen remodel. replace kitchen cabinets & flooring. (no structural work) up date plumbing & electrical seperate permits. 50% or more lighting will be fluorscent.,complete,2007-04-16T00:00:00.000,2007-01-05T00:00:00.000,2007-01-05T00:00:00.000,2008-01-05T00:00:00.000Z,60000,60000,1 family dwelling,1 family dwelling,0,5,Haight Ashbury,94117,"{'latitude': '37.77140195873266', 'longitude': '-122.44534195749844', 'human_address': '{""address"": """", ""city"": """", ""state"": """", ""zip"": """"}'}",1.08E+12,,2,2,1,1,5,wood frame (5),5,wood frame (5),2007-04-16T00:00:00.000,,,,,
5ea1fcbcc2aeecdcc61c51cb,M52942,8,otc alterations permit,2007-01-05T00:00:00.000,495,3,3127,Octavia,St,street space permit only.,issued,2007-01-05T00:00:00.000,2007-01-05T00:00:00.000,2007-01-05T00:00:00.000,,,0,,,,2,Marina,94123,"{'latitude': '37.801040654033585', 'longitude': '-122.42984918010609', 'human_address': '{""address"": """", ""city"": """", ""state"": """", ""zip"": """"}'}",1.08E+11,,,,,,,,,,,,,,,
5ea1fcbcc2aeecdcc61c51cc,2.01E+11,8,otc alterations permit,2007-01-05T00:00:00.000,74,7,850,Greenwich,St,work @ 852 & 854 only. replace roof deck railing with a stainless steel post & wire railing system. remove & replace deteriorated deck boards. less than 50%. remodel kitchen & bathroom in (852 greenwich) install new kitchen counter tops & gas range in 854 greenwich.,complete,2007-11-06T00:00:00.000,2007-01-05T00:00:00.000,2007-01-05T00:00:00.000,2007-07-05T00:00:00.000Z,20000,20000,2 family dwelling,2 family dwelling,0,3,Russian Hill,94133,"{'latitude': '37.801937270905064', 'longitude': '-122.41381004222117', 'human_address': '{""address"": """", ""city"": """", ""state"": """", ""zip"": """"}'}",1.08E+11,,4,4,2,2,5,wood frame (5),5,wood frame (5),2007-11-06T00:00:00.000,,,,,
5ea1fcbcc2aeecdcc61c51cd,2.01E+11,8,otc alterations permit,2007-01-05T00:00:00.000,74,7,852,Greenwich,St,work @ 852 & 854 only. replace roof deck railing with a stainless steel post & wire railing system. remove & replace deteriorated deck boards. less than 50%. remodel kitchen & bathroom in (852 greenwich) install new kitchen counter tops & gas range in 854 greenwich.,complete,2007-11-06T00:00:00.000,2007-01-05T00:00:00.000,2007-01-05T00:00:00.000,2007-07-05T00:00:00.000Z,20000,20000,2 family dwelling,2 family dwelling,0,3,Russian Hill,94133,"{'latitude': '37.801937270905064', 'longitude': '-122.41381004222117', 'human_address': '{""address"": """", ""city"": """", ""state"": """", ""zip"": """"}'}",1.08E+12,,4,4,2,2,5,wood frame (5),5,wood frame (5),2007-11-06T00:00:00.000,,,,,
5ea1fcbcc2aeecdcc61c51ce,2.01E+11,8,otc alterations permit,2007-01-05T00:00:00.000,74,7,854,Greenwich,St,work @ 852 & 854 only. replace roof deck railing with a stainless steel post & wire railing system. remove & replace deteriorated deck boards. less than 50%. remodel kitchen & bathroom in (852 greenwich) install new kitchen counter tops & gas range in 854 greenwich.,complete,2007-11-06T00:00:00.000,2007-01-05T00:00:00.000,2007-01-05T00:00:00.000,2007-07-05T00:00:00.000Z,20000,20000,2 family dwelling,2 family dwelling,0,3,Russian Hill,94133,"{'latitude': '37.801937270905064', 'longitude': '-122.41381004222117', 'human_address': '{""address"": """", ""city"": """", ""state"": """", ""zip"": """"}'}",1.08E+12,,4,4,2,2,5,wood frame (5),5,wood frame (5),2007-11-06T00:00:00.000,,,,,
5ea1fcbcc2aeecdcc61c51cf,2.01E+11,8,otc alterations permit,2007-01-05T00:00:00.000,5377,22,174,Elmira,St,"to add 2 bedroom, 2 full bath room, 2 storage, laundry room on extg ground floor per plan. foundation work per plans.",complete,2007-05-22T00:00:00.000,2007-01-05T00:00:00.000,2007-01-05T00:00:00.000,2008-01-05T00:00:00.000Z,26000,26000,1 family dwelling,1 family dwelling,2,10,Bayview Hunters Point,94124,"{'latitude': '37.7349111578019', 'longitude': '-122.40390369599608', 'human_address': '{""address"": """", ""city"": """", ""state"": """", ""zip"": """"}'}",1.08E+12,,2,2,1,1,5,wood frame (5),5,wood frame (5),2007-05-22T00:00:00.000,,,,,
5ea1fcbcc2aeecdcc61c51d0,2.01E+11,8,otc alterations permit,2007-01-05T00:00:00.000,233,44,4,Embarcadero Center,,renewal of p# 2006/04/17/9159 & pa# 2006/04/13/8881 for final inspection only.,complete,2007-02-12T00:00:00.000,2007-01-05T00:00:00.000,2007-01-05T00:00:00.000,2007-05-05T00:00:00.000Z,1,1,office,office,0,3,Financial District/South Beach,94111,"{'latitude': '37.79506002552974', 'longitude': '-122.39593224461805', 'human_address': '{""address"": """", ""city"": """", ""state"": """", ""zip"": """"}'}",1.08E+11,,40,40,0,0,1,constr type 1,1,constr type 1,2007-02-12T00:00:00.000,,,,,
5ea1fcbcc2aeecdcc61c51d1,2.01E+11,8,otc alterations permit,2007-01-05T00:00:00.000,6407,001C,920,Madrid,St,"to add 2 bed room, one full bth room, 2 storage and laundry room on extg ground floor per plan",complete,2007-08-01T00:00:00.000,2007-01-05T00:00:00.000,2007-01-05T00:00:00.000,2007-07-05T00:00:00.000Z,20000,20000,1 family dwelling,1 family dwelling,2,11,Excelsior,94112,"{'latitude': '37.71580857859612', 'longitude': '-122.4375267484772', 'human_address': '{""address"": """", ""city"": """", ""state"": """", ""zip"": """"}'}",1.08E+12,,2,2,1,1,5,wood frame (5),5,wood frame (5),2007-08-01T00:00:00.000,,,,,
5ea1fcbcc2aeecdcc61c51d2,2.01E+11,8,otc alterations permit,2007-01-05T00:00:00.000,3095,030A,236,Ridgewood,Av,renovate in place (e) bedroom. relocate (e) lower floor bathroom and laundry room. relocate (e) forced air unit & hot water heater. replace finishes and relocate window at upper floor bathroom. three new skylights.,complete,2007-12-12T00:00:00.000,2007-01-05T00:00:00.000,2007-01-05T00:00:00.000,2008-01-05T00:00:00.000Z,70000,70000,1 family dwelling,1 family dwelling,2,7,West of Twin Peaks,94127,"{'latitude': '37.73210755654028', 'longitude': '-122.45317830408335', 'human_address': '{""address"": """", ""city"": """", ""state"": """", ""zip"": """"}'}",1.08E+12,,2,2,1,1,5,wood frame (5),5,wood frame (5),2007-12-12T00:00:00.000,,,,,
5ea1fcbcc2aeecdcc61c51d3,2.01E+11,8,otc alterations permit,2007-01-05T00:00:00.000,1881,27,1584,36th,Av,"remodeling existing bathroom (change tiles, repainting only)",issued,2007-01-05T00:00:00.000,2007-01-05T00:00:00.000,2007-01-05T00:00:00.000,2007-05-05T00:00:00.000Z,600,600,1 family dwelling,1 family dwelling,0,4,Sunset/Parkside,94122,"{'latitude': '37.75749719100628', 'longitude': '-122.49468862714257', 'human_address': '{""address"": """", ""city"": """", ""state"": """", ""zip"": """"}'}",1.08E+12,,3,3,1,1,5,wood frame (5),5,wood frame (5),,,,,,
5ea1fcbcc2aeecdcc61c51d4,2.01E+11,8,otc alterations permit,2007-01-05T00:00:00.000,4005,7,1555,Mariposa,St,renew expired pa#200408131528,issued,2007-01-05T00:00:00.000,2007-01-05T00:00:00.000,2007-01-05T00:00:00.000,2007-05-05T00:00:00.000Z,1,1,school,school,0,10,Potrero Hill,94107,"{'latitude': '37.76345787869204', 'longitude': '-122.39942687367368', 'human_address': '{""address"": """", ""city"": """", ""state"": """", ""zip"": """"}'}",1.08E+12,0,3,3,0,0,5,wood frame (5),5,wood frame (5),,,,,,
5ea1fcbcc2aeecdcc61c51d5,2.01E+11,8,otc alterations permit,2007-01-05T00:00:00.000,2024,44,1722,26th,Av,reroofing.,complete,2007-01-26T00:00:00.000,2007-01-05T00:00:00.000,2007-01-05T00:00:00.000,2007-05-05T00:00:00.000Z,5000,5000,1 family dwelling,1 family dwelling,0,4,Sunset/Parkside,94122,"{'latitude': '37.75530918479115', 'longitude': '-122.48374235585807', 'human_address': '{""address"": """", ""city"": """", ""state"": """", ""zip"": """"}'}",1.08E+12,,,,,,,,,,2007-01-26T00:00:00.000,,,,,
5ea1fcbcc2aeecdcc61c51d6,2.01E+11,8,otc alterations permit,2007-01-05T00:00:00.000,2607,56,45,Upper,Tr,renew app #9724503/9802096/20000201715 for final inspection,complete,2007-01-16T00:00:00.000,2007-01-05T00:00:00.000,2007-01-05T00:00:00.000,2007-05-05T00:00:00.000Z,1,1,1 family dwelling,1 family dwelling,0,8,Castro/Upper Market,94117,"{'latitude': '37.76551260498125', 'longitude': '-122.44308504626758', 'human_address': '{""address"": """", ""city"": """", ""state"": """", ""zip"": """"}'}",1.08E+12,,3,3,1,1,5,wood frame (5),5,wood frame (5),2007-01-16T00:00:00.000,,,,,
5ea1fcbcc2aeecdcc61c51d7,2.01E+11,8,otc alterations permit,2007-01-05T00:00:00.000,5411,35,37,Thornton,Av,"renew pa3200212193945,3200511087637 for final inspection.",complete,2007-04-23T00:00:00.000,2007-01-05T00:00:00.000,2007-01-05T00:00:00.000,2007-05-05T00:00:00.000Z,1,1,1 family dwelling,1 family dwelling,0,10,Bayview Hunters Point,94124,"{'latitude': '37.73056293141833', 'longitude': '-122.39307178891697', 'human_address': '{""address"": """", ""city"": """", ""state"": """", ""zip"": """"}'}",1.08E+12,,2,2,1,1,5,wood frame (5),5,wood frame (5),2007-04-23T00:00:00.000,,,,,
5ea1fcbcc2aeecdcc61c51d8,2.01E+11,8,otc alterations permit,2007-01-05T00:00:00.000,4969,35,1071,Ingerson,Av,"renew application #2005102266545, 200601122056 for final inpsection (permt#1076576)",complete,2007-02-12T00:00:00.000,2007-01-05T00:00:00.000,2007-01-05T00:00:00.000,2007-05-05T00:00:00.000Z,1,1,1 family dwelling,1 family dwelling,0,10,Bayview Hunters Point,94124,"{'latitude': '37.71964505897376', 'longitude': '-122.39449852111072', 'human_address': '{""address"": """", ""city"": """", ""state"": """", ""zip"": """"}'}",1.08E+12,,2,2,1,1,5,wood frame (5),5,wood frame (5),2007-02-12T00:00:00.000,,,,,
5ea1fcbcc2aeecdcc61c51d9,M53103,8,otc alterations permit,2007-01-05T00:00:00.000,6074,11,945,Persia,Av,street space & sidewalk permit only.,issued,2007-01-05T00:00:00.000,2007-01-05T00:00:00.000,2007-01-05T00:00:00.000,,,0,,,,11,Excelsior,94112,"{'latitude': '37.719579817616456', 'longitude': '-122.42798920948817', 'human_address': '{""address"": """", ""city"": """", ""state"": """", ""zip"": """"}'}",1.08E+12,,,,,,,,,,,,,,,
5ea1fcbcc2aeecdcc61c51da,2.01E+11,8,otc alterations permit,2007-01-05T00:00:00.000,6051,1,500,Brussels,St,revise to 200605192076 to remove storage rooms.,issued,2007-01-05T00:00:00.000,2007-01-05T00:00:00.000,2007-01-05T00:00:00.000,2007-05-05T00:00:00.000Z,1,1,1 family dwelling,1 family dwelling,2,9,Portola,94134,"{'latitude': '37.72570764767235', 'longitude': '-122.40527246632894', 'human_address': '{""address"": """", ""city"": """", ""state"": """", ""zip"": """"}'}",1.08E+12,,2,2,1,1,5,wood frame (5),5,wood frame (5),,,,,,
5ea1fcbcc2aeecdcc61c51db,2.01E+11,8,otc alterations permit,2007-01-05T00:00:00.000,1363,24,4132,California,St,front stairs re-construction. install railings in all appropriate place where required.,complete,2007-03-05T00:00:00.000,2007-01-05T00:00:00.000,2007-01-05T00:00:00.000,2007-05-05T00:00:00.000Z,5000,5000,2 family dwelling,2 family dwelling,2,2,Inner Richmond,94118,"{'latitude': '37.78557942491377', 'longitude': '-122.46201496440175', 'human_address': '{""address"": """", ""city"": """", ""state"": """", ""zip"": """"}'}",1.08E+11,,2,2,2,2,5,wood frame (5),5,wood frame (5),2007-03-05T00:00:00.000,,,,,
5ea1fcbcc2aeecdcc61c51dc,2.01E+11,8,otc alterations permit,2007-01-05T00:00:00.000,1363,24,4134,California,St,front stairs re-construction. install railings in all appropriate place where required.,complete,2007-03-05T00:00:00.000,2007-01-05T00:00:00.000,2007-01-05T00:00:00.000,2007-05-05T00:00:00.000Z,5000,5000,2 family dwelling,2 family dwelling,2,2,Inner Richmond,94118,"{'latitude': '37.78557942491377', 'longitude': '-122.46201496440175', 'human_address': '{""address"": """", ""city"": """", ""state"": """", ""zip"": """"}'}",1.08E+12,,2,2,2,2,5,wood frame (5),5,wood frame (5),2007-03-05T00:00:00.000,,,,,
5ea1fcbcc2aeecdcc61c51dd,2.01E+11,8,otc alterations permit,2007-01-05T00:00:00.000,6052,20,521,Somerset,St,convert ground floor into a laundry room family and bathroom,expired,2008-10-01T00:00:00.000,2007-01-05T00:00:00.000,2007-01-05T00:00:00.000,2008-01-05T00:00:00.000Z,26000,26000,1 family dwelling,1 family dwelling,2,9,Portola,94134,"{'latitude': '37.72515486608263', 'longitude': '-122.40669461829215', 'human_address': '{""address"": """", ""city"": """", ""state"": """", ""zip"": """"}'}",1.08E+12,,2,2,1,1,5,wood frame (5),5,wood frame (5),,,,,,
5ea1fcbcc2aeecdcc61c51de,2.01E+11,3,additions alterations or repairs,2007-01-05T00:00:00.000,3705,42,865,Market,St,revision to original app #200607318139.,complete,2007-03-06T00:00:00.000,2007-01-05T00:00:00.000,2007-02-14T00:00:00.000,2007-08-14T00:00:00.000Z,10000,10000,retail sales,retail sales,2,6,South of Market,94103,"{'latitude': '37.78394695457302', 'longitude': '-122.40715830829208', 'human_address': '{""address"": """", ""city"": """", ""state"": """", ""zip"": """"}'}",1.08E+12,,8,8,0,0,1,constr type 1,1,constr type 1,2007-03-06T00:00:00.000,,,,,
5ea1fcbcc2aeecdcc61c51df,2.01E+11,8,otc alterations permit,2007-01-05T00:00:00.000,6753,50,9,Lyell,St,remodelilng basement  adding onemaster suite  one excersise room & a bath at basement  as per plans,complete,2007-06-27T00:00:00.000,2007-01-05T00:00:00.000,2007-01-05T00:00:00.000,2008-01-05T00:00:00.000Z,35000,35000,1 family dwelling,1 family dwelling,2,8,Outer Mission,94112,"{'latitude': '37.73283270447031', 'longitude': '-122.4316863834413', 'human_address': '{""address"": """", ""city"": """", ""state"": """", ""zip"": """"}'}",1.08E+12,,2,2,1,1,5,wood frame (5),5,wood frame (5),2007-06-27T00:00:00.000,,,,,
5ea1fcbcc2aeecdcc61c51e0,M53104,8,otc alterations permit,2007-01-05T00:00:00.000,339,17,217,Eddy,St,street space & sidewalk,issued,2007-01-05T00:00:00.000,2007-01-05T00:00:00.000,2007-01-05T00:00:00.000,,,0,,,,6,Tenderloin,94102,"{'latitude': '37.78391561505234', 'longitude': '-122.41126882680521', 'human_address': '{""address"": """", ""city"": """", ""state"": """", ""zip"": """"}'}",1.08E+12,,,,,,,,,,,,,,,
5ea1fcbcc2aeecdcc61c51e1,M53105,8,otc alterations permit,2007-01-05T00:00:00.000,3603,54,526,Liberty,St,street space permit only.,issued,2007-01-05T00:00:00.000,2007-01-05T00:00:00.000,2007-01-05T00:00:00.000,,,0,,,,8,Castro/Upper Market,94114,"{'latitude': '37.7572272184635', 'longitude': '-122.43304304185777', 'human_address': '{""address"": """", ""city"": """", ""state"": """", ""zip"": """"}'}",1.08E+12,,,,,,,,,,,,,,,
5ea1fcbcc2aeecdcc61c51e2,2.01E+11,8,otc alterations permit,2007-01-05T00:00:00.000,4710,60,1550,La Salle,Av,"basement expansion 494 ft - (n) ret. wall & slab at basement, (n) electrical/plumbing with bathroom to comply with n.o.v. #200685916",complete,2007-08-21T00:00:00.000,2007-01-05T00:00:00.000,2007-01-05T00:00:00.000,2008-01-05T00:00:00.000Z,30000,30000,1 family dwelling,1 family dwelling,2,10,Bayview Hunters Point,94124,"{'latitude': '37.73614514857685', 'longitude': '-122.38759205712786', 'human_address': '{""address"": """", ""city"": """", ""state"": """", ""zip"": """"}'}",1.08E+12,,2,2,1,1,5,wood frame (5),5,wood frame (5),2007-08-21T00:00:00.000,,,,,
5ea1fcbcc2aeecdcc61c51e3,M53106,8,otc alterations permit,2007-01-05T00:00:00.000,1229,13,1786,Haight,St,sidewalk,issued,2007-01-05T00:00:00.000,2007-01-05T00:00:00.000,2007-01-05T00:00:00.000,,,0,,,,5,Haight Ashbury,94117,"{'latitude': '37.76964459338371', 'longitude': '-122.4516276281377', 'human_address': '{""address"": """", ""city"": """", ""state"": """", ""zip"": """"}'}",1.08E+12,,,,,,,,,,,,,,,
5ea1fcbcc2aeecdcc61c51e4,M53106,8,otc alterations permit,2007-01-05T00:00:00.000,1229,13,1790,Haight,St,sidewalk,issued,2007-01-05T00:00:00.000,2007-01-05T00:00:00.000,2007-01-05T00:00:00.000,,,0,,,,5,Haight Ashbury,94117,"{'latitude': '37.76964459338371', 'longitude': '-122.4516276281377', 'human_address': '{""address"": """", ""city"": """", ""state"": """", ""zip"": """"}'}",1.08E+12,,,,,,,,,,,,,,,
5ea1fcbcc2aeecdcc61c51e5,2.01E+11,8,otc alterations permit,2007-01-05T00:00:00.000,2928,7,134,Taraval,St,"revision to pa 200611178035, move two bathrms toward bedrm & replace a 6x12 beam @ liv rm/din rm area.",complete,2007-02-27T00:00:00.000,2007-01-05T00:00:00.000,2007-01-05T00:00:00.000,2007-05-05T00:00:00.000Z,600,600,1 family dwelling,1 family dwelling,2,7,West of Twin Peaks,94116,"{'latitude': '37.74374305845112', 'longitude': '-122.46679352682838', 'human_address': '{""address"": """", ""city"": """", ""state"": """", ""zip"": """"}'}",1.08E+12,0,3,3,1,1,5,wood frame (5),5,wood frame (5),2007-02-27T00:00:00.000,,,,,
5ea1fcbcc2aeecdcc61c51e6,2.01E+11,8,otc alterations permit,2007-01-05T00:00:00.000,3713,7,1,Market,St,"25th floor - demolistion of non-structural partitions, ceilings finishes in prep for t.i. buildout.",issued,2007-01-05T00:00:00.000,2007-01-05T00:00:00.000,2007-01-05T00:00:00.000,2008-01-05T00:00:00.000Z,41000,41000,office,office,2,6,Financial District/South Beach,94105,"{'latitude': '37.79335913762533', 'longitude': '-122.39421238195644', 'human_address': '{""address"": """", ""city"": """", ""state"": """", ""zip"": """"}'}",1.08E+12,,30,30,0,0,1,constr type 1,1,constr type 1,,,,,,
5ea1fcbcc2aeecdcc61c51e7,2.01E+11,8,otc alterations permit,2007-01-05T00:00:00.000,2149,001I,2039,29th,Av,"first fl, relocate existing kitchen & remodel bathrm, ground fl, relocate/remodel bathrm, re-arrange stair to first fl & upgrade foundation, comply with nov 200343728",complete,2007-10-25T00:00:00.000,2007-01-05T00:00:00.000,2007-01-05T00:00:00.000,2008-01-05T00:00:00.000Z,30000,30000,1 family dwelling,1 family dwelling,2,4,Sunset/Parkside,94116,"{'latitude': '37.74926187552728', 'longitude': '-122.48719935847359', 'human_address': '{""address"": """", ""city"": """", ""state"": """", ""zip"": """"}'}",1.08E+12,,2,2,1,1,5,wood frame (5),5,wood frame (5),2007-10-25T00:00:00.000,,,,,
5ea1fcbcc2aeecdcc61c51e8,2.01E+11,8,otc alterations permit,2007-01-05T00:00:00.000,1913,21,2432,Moraga,St,remodeling basement adding a new study with exercise oom & new bath at basemet converting existisng family room to new master suite at basement as per plan.,complete,2007-04-26T00:00:00.000,2007-01-05T00:00:00.000,2007-01-05T00:00:00.000,2008-01-05T00:00:00.000Z,35000,35000,1 family dwelling,1 family dwelling,2,4,Sunset/Parkside,94122,"{'latitude': '37.75580835844543', 'longitude': '-122.48902582537832', 'human_address': '{""address"": """", ""city"": """", ""state"": """", ""zip"": """"}'}",1.08E+12,,2,2,1,1,5,wood frame (5),5,wood frame (5),2007-04-26T00:00:00.000,,,,,
5ea1fcbcc2aeecdcc61c51e9,2.01E+11,8,otc alterations permit,2007-01-05T00:00:00.000,6015,25,277,London,St,demolition and replacement of section of foundation which has failed,expired,2008-12-16T00:00:00.000,2007-01-05T00:00:00.000,2007-01-05T00:00:00.000,2007-07-05T00:00:00.000Z,6500,6500,1 family dwelling,1 family dwelling,2,11,Excelsior,94112,"{'latitude': '37.7245315854452', 'longitude': '-122.43352406897762', 'human_address': '{""address"": """", ""city"": """", ""state"": """", ""zip"": """"}'}",1.08E+12,,1,1,1,1,5,wood frame (5),5,wood frame (5),,,,,,
5ea1fcbcc2aeecdcc61c51ea,M53122,8,otc alterations permit,2007-01-05T00:00:00.000,3656,15,4050,24th,St,sidewalk permit only.,issued,2007-01-05T00:00:00.000,2007-01-05T00:00:00.000,2007-01-05T00:00:00.000,,,0,,,,8,Noe Valley,94114,"{'latitude': '37.751604375538356', 'longitude': '-122.43300116657886', 'human_address': '{""address"": """", ""city"": """", ""state"": """", ""zip"": """"}'}",1.08E+12,,,,,,,,,,,,,,,
5ea1fcbcc2aeecdcc61c51eb,2.01E+11,8,otc alterations permit,2007-01-05T00:00:00.000,2183,10,2422,Rivera,St,"remodel 2nd floor kitchen, a new bedroom and a new bathroom, a family room on 1st floor.",complete,2008-09-22T00:00:00.000,2007-01-05T00:00:00.000,2007-01-05T00:00:00.000,2008-01-05T00:00:00.000Z,30000,30000,1 family dwelling,1 family dwelling,2,4,Sunset/Parkside,94116,"{'latitude': '37.74629859533029', 'longitude': '-122.49249347819057', 'human_address': '{""address"": """", ""city"": """", ""state"": """", ""zip"": """"}'}",1.08E+12,,2,2,1,1,5,wood frame (5),5,wood frame (5),2008-09-22T00:00:00.000,,,,,
5ea1fcbcc2aeecdcc61c51ec,2.01E+11,8,otc alterations permit,2007-01-05T00:00:00.000,1153,3,1045,Divisadero,St,"renew pa#200606265068,pa#200412232036,#200512190623 to continue work.",complete,2007-06-26T00:00:00.000,2007-01-05T00:00:00.000,2007-01-05T00:00:00.000,2007-07-05T00:00:00.000Z,20000,20000,apartments,apartments,0,5,Western Addition,94115,"{'latitude': '37.7792447829728', 'longitude': '-122.43902116409453', 'human_address': '{""address"": """", ""city"": """", ""state"": """", ""zip"": """"}'}",1.08E+11,,2,2,3,3,5,wood frame (5),5,wood frame (5),2007-06-26T00:00:00.000,,,,,
5ea1fcbcc2aeecdcc61c51ed,2.01E+11,3,additions alterations or repairs,2007-01-05T00:00:00.000,2378,46,3721,Taraval,St,"rear addition  & remodel, add bay windows @ front",cancelled,2020-01-17T00:00:00.000,2007-01-05T00:00:00.000,,,100000,,1 family dwelling,1 family dwelling,2,4,Sunset/Parkside,94116,"{'latitude': '37.74153017778559', 'longitude': '-122.50608484191203', 'human_address': '{""address"": """", ""city"": """", ""state"": """", ""zip"": """"}'}",1.08E+12,,2,2,1,1,5,wood frame (5),5,wood frame (5),,Y,Y,,,
5ea1fcbcc2aeecdcc61c51ee,2.01E+11,8,otc alterations permit,2007-01-05T00:00:00.000,451,58,1000,North Point,St,"replace kitchen/bath fixtures, kitchen 50% lighting must be fluorescent, bathroom fluorescent or controlled by motion sensors (no structural in kind)",complete,2007-07-05T00:00:00.000,2007-01-05T00:00:00.000,2007-01-05T00:00:00.000,2007-07-05T00:00:00.000Z,18000,18000,apartments,apartments,0,2,Russian Hill,94109,"{'latitude': '37.80550991810889', 'longitude': '-122.42415736860318', 'human_address': '{""address"": """", ""city"": """", ""state"": """", ""zip"": """"}'}",1.08E+11,804,19,19,258,258,5,wood frame (5),5,wood frame (5),2007-07-05T00:00:00.000,,,,,
5ea1fcbfc2aeecdcc61c51ef,M53183,8,otc alterations permit,2007-01-08T00:00:00.000,7548,1,212,Bemis,St,street space permit only.,issued,2007-01-08T00:00:00.000,2007-01-08T00:00:00.000,2007-01-08T00:00:00.000,,,0,,,,8,Glen Park,94131,"{'latitude': '37.73670924657093', 'longitude': '-122.43164686980317', 'human_address': '{""address"": """", ""city"": """", ""state"": """", ""zip"": """"}'}",1.08E+12,,,,,,,,,,,,,,,
5ea1fcbfc2aeecdcc61c51f0,2.01E+11,8,otc alterations permit,2007-01-08T00:00:00.000,6981,11,143,Brighton,Av,reroofing.,expired,2011-01-27T00:00:00.000,2007-01-08T00:00:00.000,2007-01-08T00:00:00.000,2007-07-08T00:00:00.000Z,9880,9880,2 family dwelling,2 family dwelling,0,11,Oceanview/Merced/Ingleside,94112,"{'latitude': '37.72083870612274', 'longitude': '-122.45543284322557', 'human_address': '{""address"": """", ""city"": """", ""state"": """", ""zip"": """"}'}",1.08E+12,,,,,,,,,,,,,,,
5ea1fcbfc2aeecdcc61c51f1,2.01E+11,8,otc alterations permit,2007-01-08T00:00:00.000,229,18,450,Sansome,St,"oti-2, 12th floor, el, me",complete,2007-04-27T00:00:00.000,2007-01-08T00:00:00.000,2007-01-08T00:00:00.000,2008-01-08T00:00:00.000Z,93938,93938,office,office,2,3,Chinatown,94111,"{'latitude': '37.79464307306962', 'longitude': '-122.40114430265209', 'human_address': '{""address"": """", ""city"": """", ""state"": """", ""zip"": """"}'}",1.08E+12,0,16,16,0,0,2,constr type 2,2,constr type 2,2007-04-27T00:00:00.000,,,,,
5ea1fcbfc2aeecdcc61c51f2,2.01E+11,8,otc alterations permit,2007-01-08T00:00:00.000,530,7,1800,Union,St,reroofing,cancelled,2007-07-18T00:00:00.000,2007-01-08T00:00:00.000,2007-01-08T00:00:00.000,2008-01-08T00:00:00.000Z,34460,34460,2 family dwelling,2 family dwelling,0,2,Marina,94123,"{'latitude': '37.79810645483765', 'longitude': '-122.42911776935273', 'human_address': '{""address"": """", ""city"": """", ""state"": """", ""zip"": """"}'}",1.08E+12,0,3,3,2,2,5,wood frame (5),5,wood frame (5),,,,,,
5ea1fcbfc2aeecdcc61c51f3,2.01E+11,8,otc alterations permit,2007-01-08T00:00:00.000,2075,003B,1831,38th,Av,kitchen remodel only in kind. no structural changes. sink faucet dishwasher. no door or window work,complete,2007-02-28T00:00:00.000,2007-01-08T00:00:00.000,2007-01-08T00:00:00.000,2007-07-08T00:00:00.000Z,5000,7300,1 family dwelling,1 family dwelling,0,4,Sunset/Parkside,94122,"{'latitude': '37.752705724032964', 'longitude': '-122.49711837855976', 'human_address': '{""address"": """", ""city"": """", ""state"": """", ""zip"": """"}'}",1.08E+12,,2,2,1,1,5,wood frame (5),5,wood frame (5),2007-02-28T00:00:00.000,,,,,
5ea1fcbfc2aeecdcc61c51f4,2.01E+11,8,otc alterations permit,2007-01-08T00:00:00.000,618,4,1890,Clay,St,unit#1104. kitchen/bath remodel in kind. no structural changes sinks faucets shower value & electrical code upgrades no window or door work.,complete,2007-09-05T00:00:00.000,2007-01-08T00:00:00.000,2007-01-08T00:00:00.000,2007-07-08T00:00:00.000Z,10000,10000,apartments,apartments,0,2,Pacific Heights,94109,"{'latitude': '37.792189466278046', 'longitude': '-122.42402443478369', 'human_address': '{""address"": """", ""city"": """", ""state"": """", ""zip"": """"}'}",1.08E+11,,13,13,74,74,1,constr type 1,1,constr type 1,2007-09-05T00:00:00.000,,,,,
5ea1fcbfc2aeecdcc61c51f5,2.01E+11,8,otc alterations permit,2007-01-08T00:00:00.000,2406,27,2446,20th,Av,reroofing.,complete,2007-01-24T00:00:00.000,2007-01-08T00:00:00.000,2007-01-08T00:00:00.000,2007-07-08T00:00:00.000Z,9680,9680,2 family dwelling,2 family dwelling,0,4,Sunset/Parkside,94116,"{'latitude': '37.74212884927921', 'longitude': '-122.47637050139886', 'human_address': '{""address"": """", ""city"": """", ""state"": """", ""zip"": """"}'}",1.08E+12,,,,,,,,,,2007-01-24T00:00:00.000,,,,,
5ea1fcbfc2aeecdcc61c51f6,2.01E+11,8,otc alterations permit,2007-01-08T00:00:00.000,1679,001F,814,37th,Av,install new counter top in kind. no structural changes. hook up sink & faucet.,expired,2017-05-31T00:00:00.000,2007-01-08T00:00:00.000,2007-01-08T00:00:00.000,2007-07-08T00:00:00.000Z,6837,6837,1 family dwelling,1 family dwelling,0,1,Outer Richmond,94121,"{'latitude': '37.77351521662464', 'longitude': '-122.49689855735637', 'human_address': '{""address"": """", ""city"": """", ""state"": """", ""zip"": """"}'}",1.08E+12,,2,2,1,1,5,wood frame (5),5,wood frame (5),,,,,,
5ea1fcbfc2aeecdcc61c51f7,2.01E+11,8,otc alterations permit,2007-01-08T00:00:00.000,6251,4,48,Peabody,St,reroofing,complete,2007-01-19T00:00:00.000,2007-01-08T00:00:00.000,2007-01-08T00:00:00.000,2007-05-08T00:00:00.000Z,4000,4000,1 family dwelling,1 family dwelling,0,10,Visitacion Valley,94134,"{'latitude': '37.71179665298588', 'longitude': '-122.4070588578092', 'human_address': '{""address"": """", ""city"": """", ""state"": """", ""zip"": """"}'}",1.08E+12,,,,,,,,,,2007-01-19T00:00:00.000,,,,,
5ea1fcbfc2aeecdcc61c51f8,2.01E+11,8,otc alterations permit,2007-01-08T00:00:00.000,6324,22,45,Esquina,Dr,"retrofit 3 windows in kind, 2 visable from street. no structural changes, white vinyl.",expired,2007-11-16T00:00:00.000,2007-01-08T00:00:00.000,2007-01-08T00:00:00.000,2007-05-08T00:00:00.000Z,2000,2000,1 family dwelling,1 family dwelling,0,10,Visitacion Valley,94134,"{'latitude': '37.70945359008236', 'longitude': '-122.42107771093524', 'human_address': '{""address"": """", ""city"": """", ""state"": """", ""zip"": """"}'}",1.08E+12,,2,2,1,1,5,wood frame (5),5,wood frame (5),,,,,,
5ea1fcbfc2aeecdcc61c51f9,M53142,8,otc alterations permit,2007-01-08T00:00:00.000,605,1,2315,Jackson,St,street space,issued,2007-01-08T00:00:00.000,2007-01-08T00:00:00.000,2007-01-08T00:00:00.000,,,0,,,,2,Pacific Heights,94115,"{'latitude': '37.7925191786814', 'longitude': '-122.43315667082581', 'human_address': '{""address"": """", ""city"": """", ""state"": """", ""zip"": """"}'}",1.08E+12,,,,,,,,,,,,,,,
5ea1fcbfc2aeecdcc61c51fa,M53142,8,otc alterations permit,2007-01-08T00:00:00.000,605,1,2317,Jackson,St,street space,issued,2007-01-08T00:00:00.000,2007-01-08T00:00:00.000,2007-01-08T00:00:00.000,,,0,,,,2,Pacific Heights,94115,"{'latitude': '37.7925191786814', 'longitude': '-122.43315667082581', 'human_address': '{""address"": """", ""city"": """", ""state"": """", ""zip"": """"}'}",1.08E+12,0,,,,,,,,,,,,,,
5ea1fcbfc2aeecdcc61c51fb,2.01E+11,8,otc alterations permit,2007-01-08T00:00:00.000,4038,3,328,Mississippi,St,reroofing.,expired,2010-05-26T00:00:00.000,2007-01-08T00:00:00.000,2007-01-08T00:00:00.000,2007-05-08T00:00:00.000Z,3500,3500,1 family dwelling,1 family dwelling,0,10,Potrero Hill,94107,"{'latitude': '37.762207942049535', 'longitude': '-122.39485879979074', 'human_address': '{""address"": """", ""city"": """", ""state"": """", ""zip"": """"}'}",1.08E+12,,,,,,,,,,,,,,,
5ea1fcbfc2aeecdcc61c51fc,2.01E+11,8,otc alterations permit,2007-01-08T00:00:00.000,3190,19,174,Southwood,Dr,reroofing,expired,2007-08-08T00:00:00.000,2007-01-08T00:00:00.000,2007-01-08T00:00:00.000,2007-07-08T00:00:00.000Z,9000,9000,1 family dwelling,1 family dwelling,0,7,West of Twin Peaks,94112,"{'latitude': '37.72576766795124', 'longitude': '-122.45943005571719', 'human_address': '{""address"": """", ""city"": """", ""state"": """", ""zip"": """"}'}",1.08E+12,,,,,,,,,,,,,,,
5ea1fcbfc2aeecdcc61c51fd,2.01E+11,8,otc alterations permit,2007-01-08T00:00:00.000,2202,20,2106,16th,Av,reroofing.,expired,2007-12-27T00:00:00.000,2007-01-08T00:00:00.000,2007-01-08T00:00:00.000,2007-07-08T00:00:00.000Z,7000,7000,1 family dwelling,1 family dwelling,0,7,West of Twin Peaks,94116,"{'latitude': '37.7485448073237', 'longitude': '-122.4725649247247', 'human_address': '{""address"": """", ""city"": """", ""state"": """", ""zip"": """"}'}",1.08E+12,,,,,,,,,,,,,,,
5ea1fcbfc2aeecdcc61c51fe,2.01E+11,8,otc alterations permit,2007-01-08T00:00:00.000,1392,37,7070,California,St,"new 10'-1-"" high modular  walls in existing open officd space revision to approved buildling permit 200606063342",complete,2007-03-22T00:00:00.000,2007-01-08T00:00:00.000,2007-01-08T00:00:00.000,2007-07-08T00:00:00.000Z,23956,23956,office,office,2,2,Seacliff,94121,"{'latitude': '37.78501580391795', 'longitude': '-122.49317726948173', 'human_address': '{""address"": """", ""city"": """", ""state"": """", ""zip"": """"}'}",1.08E+12,,1,1,0,0,5,wood frame (5),5,wood frame (5),2007-03-22T00:00:00.000,,,,,
5ea1fcbfc2aeecdcc61c51ff,2.01E+11,8,otc alterations permit,2007-01-08T00:00:00.000,6619,32,382,29th,St,reroofing,expired,2007-08-24T00:00:00.000,2007-01-08T00:00:00.000,2007-01-08T00:00:00.000,2007-07-08T00:00:00.000Z,8000,8000,2 family dwelling,2 family dwelling,0,8,Noe Valley,94131,"{'latitude': '37.74374865837039', 'longitude': '-122.42845710342003', 'human_address': '{""address"": """", ""city"": """", ""state"": """", ""zip"": """"}'}",1.08E+12,,,,,,,,,,,,,,,
5ea1fcbfc2aeecdcc61c5200,M53143,8,otc alterations permit,2007-01-08T00:00:00.000,3703,62,1073,Market,St,street space permit only.,issued,2007-01-08T00:00:00.000,2007-01-08T00:00:00.000,2007-01-08T00:00:00.000,,,0,,,,6,South of Market,94103,"{'latitude': '37.780644163573946', 'longitude': '-122.41161526145584', 'human_address': '{""address"": """", ""city"": """", ""state"": """", ""zip"": """"}'}",1.08E+12,,,,,,,,,,,,,,,
5ea1fcbfc2aeecdcc61c5201,M53143,8,otc alterations permit,2007-01-08T00:00:00.000,3703,62,1079,Market,St,street space permit only.,issued,2007-01-08T00:00:00.000,2007-01-08T00:00:00.000,2007-01-08T00:00:00.000,,,0,,,,6,South of Market,94103,"{'latitude': '37.780644163573946', 'longitude': '-122.41161526145584', 'human_address': '{""address"": """", ""city"": """", ""state"": """", ""zip"": """"}'}",1.08E+12,,,,,,,,,,,,,,,
5ea1fcbfc2aeecdcc61c5202,2.01E+11,8,otc alterations permit,2007-01-08T00:00:00.000,7344,1,331,Font,Bl,reroofing,expired,2010-03-19T00:00:00.000,2007-01-08T00:00:00.000,2007-01-08T00:00:00.000,2007-07-08T00:00:00.000Z,5040,5040,1 family dwelling,1 family dwelling,0,7,Lakeshore,94132,"{'latitude': '37.71678918173822', 'longitude': '-122.47688406461731', 'human_address': '{""address"": """", ""city"": """", ""state"": """", ""zip"": """"}'}",1.08E+12,,2,2,1,1,5,wood frame (5),5,wood frame (5),,,,,,
5ea1fcbfc2aeecdcc61c5203,2.01E+11,8,otc alterations permit,2007-01-08T00:00:00.000,282,13,969,Bush,St,"remodel 1 kitchen unit 305. new cabinets, countertop,sink",complete,2007-02-28T00:00:00.000,2007-01-08T00:00:00.000,2007-01-08T00:00:00.000,2007-07-08T00:00:00.000Z,10000,10000,apartments,apartments,0,3,Nob Hill,94109,"{'latitude': '37.78932537765852', 'longitude': '-122.41307932544825', 'human_address': '{""address"": """", ""city"": """", ""state"": """", ""zip"": """"}'}",1.08E+11,,5,5,29,29,5,wood frame (5),5,wood frame (5),2007-02-28T00:00:00.000,,,,,
5ea1fcbfc2aeecdcc61c5204,2.01E+11,8,otc alterations permit,2007-01-08T00:00:00.000,1011,17,332,Spruce,St,work @ unit# 334 only. kitchen remodel. remove (e) cabinets & appliances. upgrade electrical. replace the d/h windows in kind. not visable from street. install new cabients & appliances. no structural alterations. lighting over 50% flourescent.,complete,2007-03-28T00:00:00.000,2007-01-08T00:00:00.000,2007-01-08T00:00:00.000,2007-07-08T00:00:00.000Z,19000,19000,2 family dwelling,2 family dwelling,0,2,Presidio Heights,94118,"{'latitude': '37.78777683346362', 'longitude': '-122.4533611154876', 'human_address': '{""address"": """", ""city"": """", ""state"": """", ""zip"": """"}'}",1.08E+11,,2,2,2,2,5,wood frame (5),5,wood frame (5),2007-03-28T00:00:00.000,,,,,
5ea1fcbfc2aeecdcc61c5205,2.01E+11,8,otc alterations permit,2007-01-08T00:00:00.000,1011,17,334,Spruce,St,work @ unit# 334 only. kitchen remodel. remove (e) cabinets & appliances. upgrade electrical. replace the d/h windows in kind. not visable from street. install new cabients & appliances. no structural alterations. lighting over 50% flourescent.,complete,2007-03-28T00:00:00.000,2007-01-08T00:00:00.000,2007-01-08T00:00:00.000,2007-07-08T00:00:00.000Z,19000,19000,2 family dwelling,2 family dwelling,0,2,Presidio Heights,94118,"{'latitude': '37.78777683346362', 'longitude': '-122.4533611154876', 'human_address': '{""address"": """", ""city"": """", ""state"": """", ""zip"": """"}'}",1.08E+12,,2,2,2,2,5,wood frame (5),5,wood frame (5),2007-03-28T00:00:00.000,,,,,
5ea1fcbfc2aeecdcc61c5206,2.01E+11,8,otc alterations permit,2007-01-08T00:00:00.000,804,1,699,Webster,St,renew appl#200607247328 for final only.,expired,2008-03-11T00:00:00.000,2007-01-08T00:00:00.000,2007-01-08T00:00:00.000,2007-05-08T00:00:00.000Z,1,1,1 family dwelling,1 family dwelling,0,5,Hayes Valley,94117,"{'latitude': '37.77681862505499', 'longitude': '-122.4299170395994', 'human_address': '{""address"": """", ""city"": """", ""state"": """", ""zip"": """"}'}",1.08E+11,,2,2,1,1,5,wood frame (5),5,wood frame (5),,,,,,
5ea1fcbfc2aeecdcc61c5207,2.01E+11,8,otc alterations permit,2007-01-08T00:00:00.000,319,18,500,Hyde,St,apt3208 (1) kitchen and (1) bathroom remodel. apt#604 (1) bathroom remodel (1) kitchen floor tile-electrical work counter. no structural. no lighting changes.,expired,2008-02-07T00:00:00.000,2007-01-08T00:00:00.000,2007-01-08T00:00:00.000,2007-07-08T00:00:00.000Z,20000,20000,apartments,apartments,0,6,Tenderloin,94109,"{'latitude': '37.78562397670944', 'longitude': '-122.41607623686672', 'human_address': '{""address"": """", ""city"": """", ""state"": """", ""zip"": """"}'}",1.08E+11,,6,6,50,50,1,constr type 1,1,constr type 1,,,,,,
5ea1fcbfc2aeecdcc61c5208,2.01E+11,8,otc alterations permit,2007-01-08T00:00:00.000,2749,012A,358,Eureka,St,"alteration to (e) bsmt laundry &mech rooms to create in-home office area.1/2 bath to be install, furnace to be relocated.laundry equip to be relocated, deteriorated 2 windows & (2) doors to be replaced, 162 sq ft of (n) slab flooring, (n) lighting fixtures.",complete,2007-05-10T00:00:00.000,2007-01-08T00:00:00.000,2007-01-08T00:00:00.000,2008-01-08T00:00:00.000Z,28000,28000,2 family dwelling,2 family dwelling,2,8,Castro/Upper Market,94114,"{'latitude': '37.75632465987269', 'longitude': '-122.43817547476425', 'human_address': '{""address"": """", ""city"": """", ""state"": """", ""zip"": """"}'}",1.08E+12,,2,2,2,2,5,wood frame (5),5,wood frame (5),2007-05-10T00:00:00.000,,,,,
5ea1fcbfc2aeecdcc61c5209,2.01E+11,8,otc alterations permit,2007-01-08T00:00:00.000,277,7,1126,Bush,St,apt#304 (1) kitchen and (1) bathroom remodel. no structural no lighting work.,complete,2007-05-09T00:00:00.000,2007-01-08T00:00:00.000,2007-01-08T00:00:00.000,2007-07-08T00:00:00.000Z,15000,15000,apartments,apartments,0,3,Nob Hill,94109,"{'latitude': '37.7894864810893', 'longitude': '-122.41591765235897', 'human_address': '{""address"": """", ""city"": """", ""state"": """", ""zip"": """"}'}",1.08E+12,,6,6,33,33,5,wood frame (5),5,wood frame (5),2007-05-09T00:00:00.000,,,,,
5ea1fcbfc2aeecdcc61c520a,2.01E+11,8,otc alterations permit,2007-01-08T00:00:00.000,2087,22,4326,Pacheco,St,renew pa# 2006/02/22/5093 to complete work.,issued,2007-01-08T00:00:00.000,2007-01-08T00:00:00.000,2007-01-08T00:00:00.000,2007-05-08T00:00:00.000Z,5000,5000,1 family dwelling,1 family dwelling,0,4,Sunset/Parkside,94116,"{'latitude': '37.74941084547781', 'longitude': '-122.5067610514356', 'human_address': '{""address"": """", ""city"": """", ""state"": """", ""zip"": """"}'}",1.08E+12,,2,2,1,1,5,wood frame (5),5,wood frame (5),,,,,,
5ea1fcbfc2aeecdcc61c520b,2.01E+11,8,otc alterations permit,2007-01-08T00:00:00.000,1644,41,847,Arguello,Bl,"bathroom (2( replace floor, tub, toilet (w/low flush), vanity + countertop, sink appliances. no structural work-finishes only.",complete,2007-04-04T00:00:00.000,2007-01-08T00:00:00.000,2007-01-08T00:00:00.000,2007-07-08T00:00:00.000Z,7500,7500,apartments,apartments,0,1,Inner Richmond,94118,"{'latitude': '37.77496359776053', 'longitude': '-122.4588062110226', 'human_address': '{""address"": """", ""city"": """", ""state"": """", ""zip"": """"}'}",1.08E+12,1,4,4,6,6,5,wood frame (5),5,wood frame (5),2007-04-04T00:00:00.000,,,,,
5ea1fcbfc2aeecdcc61c520c,2.01E+11,8,otc alterations permit,2007-01-08T00:00:00.000,1599,035A,722,46th,Av,revised drawings per building inspectors correction notice dated 11-29-06 to show complete ground floor plan that includes full bath including fixtures and stall,complete,2007-02-15T00:00:00.000,2007-01-08T00:00:00.000,2007-01-08T00:00:00.000,2007-05-08T00:00:00.000Z,1,1,1 family dwelling,1 family dwelling,2,1,Outer Richmond,94121,"{'latitude': '37.77479966502466', 'longitude': '-122.5065935591276', 'human_address': '{""address"": """", ""city"": """", ""state"": """", ""zip"": """"}'}",1.08E+12,,2,2,1,1,5,wood frame (5),5,wood frame (5),2007-02-15T00:00:00.000,,,,,
5ea1fcbfc2aeecdcc61c520d,2.01E+11,8,otc alterations permit,2007-01-08T00:00:00.000,4095,65,811,Rhode Island,St,revision to pa# 2003/10/02/6442. replace approx 2000 sq. ft. of siding on north side of building with new siding sheer & membrance. visible from street. replacement siding in-kind. from wood to wood.,expired,2007-12-10T00:00:00.000,2007-01-08T00:00:00.000,2007-01-08T00:00:00.000,2007-05-08T00:00:00.000Z,5000,5000,1 family dwelling,2 family dwelling,0,10,Potrero Hill,94107,"{'latitude': '37.75945699817214', 'longitude': '-122.40174820426529', 'human_address': '{""address"": """", ""city"": """", ""state"": """", ""zip"": """"}'}",1.08E+12,,2,4,1,2,5,wood frame (5),5,wood frame (5),,,,,,
5ea1fcbfc2aeecdcc61c520e,2.01E+11,8,otc alterations permit,2007-01-08T00:00:00.000,6655,54,21,Whitney,St,"revision to pa# 200510125373, deck dry rot repair exceeded 50% or less.",complete,2007-01-31T00:00:00.000,2007-01-08T00:00:00.000,2007-01-08T00:00:00.000,2007-05-08T00:00:00.000Z,1500,1500,1 family dwelling,1 family dwelling,2,8,Glen Park,94131,"{'latitude': '37.74143250338799', 'longitude': '-122.42752022467842', 'human_address': '{""address"": """", ""city"": """", ""state"": """", ""zip"": """"}'}",1.08E+12,,2,2,1,1,5,wood frame (5),5,wood frame (5),2007-01-31T00:00:00.000,Y,,,,
5ea1fcbfc2aeecdcc61c520f,2.01E+11,8,otc alterations permit,2007-01-08T00:00:00.000,3590,054A,369,Capp,St,to renew for final only pa#200602235244.,complete,2007-01-09T00:00:00.000,2007-01-08T00:00:00.000,2007-01-08T00:00:00.000,2007-05-08T00:00:00.000Z,1,1,apartments,apartments,0,9,Mission,94110,"{'latitude': '37.760829832047804', 'longitude': '-122.41785168254937', 'human_address': '{""address"": """", ""city"": """", ""state"": """", ""zip"": """"}'}",1.08E+12,,3,3,4,4,5,wood frame (5),5,wood frame (5),2007-01-09T00:00:00.000,,,,,
5ea1fcbfc2aeecdcc61c5210,2.01E+11,8,otc alterations permit,2007-01-08T00:00:00.000,3590,054A,371,Capp,St,to renew for final only pa#200602235244.,complete,2007-01-09T00:00:00.000,2007-01-08T00:00:00.000,2007-01-08T00:00:00.000,2007-05-08T00:00:00.000Z,1,1,apartments,apartments,0,9,Mission,94110,"{'latitude': '37.760829832047804', 'longitude': '-122.41785168254937', 'human_address': '{""address"": """", ""city"": """", ""state"": """", ""zip"": """"}'}",1.08E+12,,3,3,4,4,5,wood frame (5),5,wood frame (5),2007-01-09T00:00:00.000,,,,,
5ea1fcbfc2aeecdcc61c5211,2.01E+11,8,otc alterations permit,2007-01-08T00:00:00.000,690,43,1,Daniel Burnham,Ct,demo of one office and closet/construction of demising wall,expired,2008-01-25T00:00:00.000,2007-01-08T00:00:00.000,2007-01-08T00:00:00.000,2007-07-08T00:00:00.000Z,8000,8000,office,office,2,2,Western Addition,94109,"{'latitude': '37.78675523065996', 'longitude': '-122.42249080636066', 'human_address': '{""address"": """", ""city"": """", ""state"": """", ""zip"": """"}'}",1.08E+12,,17,17,239,239,1,constr type 1,1,constr type 1,,,,,,
5ea1fcbfc2aeecdcc61c5212,2.01E+11,8,otc alterations permit,2007-01-08T00:00:00.000,7555,101,305,Arbor,St,final inspection on pa# 200510216285.,complete,2007-01-25T00:00:00.000,2007-01-08T00:00:00.000,2007-01-09T00:00:00.000,2007-05-09T00:00:00.000Z,1,1,apartments,apartments,0,8,Glen Park,94131,"{'latitude': '37.737505895880645', 'longitude': '-122.43899380525221', 'human_address': '{""address"": """", ""city"": """", ""state"": """", ""zip"": """"}'}",1.08E+12,,2,2,6,6,5,wood frame (5),5,wood frame (5),2007-01-25T00:00:00.000,,,,,
5ea1fcbfc2aeecdcc61c5213,2.01E+11,8,otc alterations permit,2007-01-08T00:00:00.000,7555,101,335,Arbor,St,final inspection on pa# 200510216285.,complete,2007-01-25T00:00:00.000,2007-01-08T00:00:00.000,2007-01-09T00:00:00.000,2007-05-09T00:00:00.000Z,1,1,apartments,apartments,0,8,Glen Park,94131,"{'latitude': '37.737505895880645', 'longitude': '-122.43899380525221', 'human_address': '{""address"": """", ""city"": """", ""state"": """", ""zip"": """"}'}",1.08E+12,,2,2,6,6,5,wood frame (5),5,wood frame (5),2007-01-25T00:00:00.000,,,,,
5ea1fcbfc2aeecdcc61c5214,M53162,8,otc alterations permit,2007-01-08T00:00:00.000,270,40,555,Pine,St,street space permit only.,issued,2007-01-08T00:00:00.000,2007-01-08T00:00:00.000,2007-01-08T00:00:00.000,,,0,,,,3,Financial District/South Beach,94108,"{'latitude': '37.79130230111784', 'longitude': '-122.40501064822386', 'human_address': '{""address"": """", ""city"": """", ""state"": """", ""zip"": """"}'}",1.08E+12,,,,,,,,,,,,,,,
5ea1fcbfc2aeecdcc61c5215,2.01E+11,8,otc alterations permit,2007-01-08T00:00:00.000,690,17,1,Daniel Burnham,Ct,demo of one office and closet/construction of demising wall,expired,2008-01-25T00:00:00.000,2007-01-08T00:00:00.000,2007-01-08T00:00:00.000,2007-07-08T00:00:00.000Z,8000,8000,office,office,2,2,Western Addition,94109,"{'latitude': '37.78675523065996', 'longitude': '-122.42249080636066', 'human_address': '{""address"": """", ""city"": """", ""state"": """", ""zip"": """"}'}",1.08E+11,1,17,17,239,239,1,constr type 1,1,constr type 1,,,,,,
5ea1fcbfc2aeecdcc61c5216,2.01E+11,8,otc alterations permit,2007-01-08T00:00:00.000,228,38,475,Sansome,St,unit#530.non structural demo only.,complete,2007-05-22T00:00:00.000,2007-01-08T00:00:00.000,2007-01-08T00:00:00.000,2008-01-08T00:00:00.000Z,75000,75000,office,office,2,3,Chinatown,94111,"{'latitude': '37.794710133911494', 'longitude': '-122.40194964215002', 'human_address': '{""address"": """", ""city"": """", ""state"": """", ""zip"": """"}'}",1.08E+11,,21,21,0,0,1,constr type 1,1,constr type 1,2007-05-22T00:00:00.000,,,,,
5ea1fcbfc2aeecdcc61c5217,2.01E+11,8,otc alterations permit,2007-01-08T00:00:00.000,7262,15,134,Clearfield,Dr,reroofing,expired,2011-01-31T00:00:00.000,2007-01-08T00:00:00.000,2007-01-08T00:00:00.000,2007-05-08T00:00:00.000Z,5000,5000,1 family dwelling,1 family dwelling,0,7,Sunset/Parkside,94132,"{'latitude': '37.731142968619075', 'longitude': '-122.49111657716674', 'human_address': '{""address"": """", ""city"": """", ""state"": """", ""zip"": """"}'}",1.08E+12,,,,,,,,,,,,,,,
5ea1fcbfc2aeecdcc61c5218,M53182,8,otc alterations permit,2007-01-08T00:00:00.000,742,3,640,Turk,St,street space permit only.,issued,2007-01-08T00:00:00.000,2007-01-08T00:00:00.000,2007-01-08T00:00:00.000,,,0,,,,6,Tenderloin,94102,"{'latitude': '37.7823578813542', 'longitude': '-122.41977932878726', 'human_address': '{""address"": """", ""city"": """", ""state"": """", ""zip"": """"}'}",1.08E+11,,,,,,,,,,,,,,,
5ea1fcbfc2aeecdcc61c5219,2.01E+11,3,additions alterations or repairs,2007-01-08T00:00:00.000,5644,18,249,Prospect,Av,add 2 dormer roofs to create additional bedroom. add rear stair.,complete,2008-10-10T00:00:00.000,2007-01-08T00:00:00.000,2008-01-15T00:00:00.000,2009-01-15T00:00:00.000Z,40000,40000,1 family dwelling,1 family dwelling,2,9,Bernal Heights,94110,"{'latitude': '37.741644790554936', 'longitude': '-122.41968356356871', 'human_address': '{""address"": """", ""city"": """", ""state"": """", ""zip"": """"}'}",1.08E+12,,2,2,1,1,5,wood frame (5),5,wood frame (5),2008-10-10T00:00:00.000,Y,Y,,2008-01-15T00:00:00.000,
5ea1fcbfc2aeecdcc61c521a,2.01E+11,8,otc alterations permit,2007-01-08T00:00:00.000,1203,34,1225,Hayes,St,perform repairs as per lingruen assoc. termite report# 48924. item# 3a.,complete,2007-01-19T00:00:00.000,2007-01-08T00:00:00.000,2007-01-08T00:00:00.000,2007-05-08T00:00:00.000Z,2500,2500,2 family dwelling,2 family dwelling,0,5,Hayes Valley,94117,"{'latitude': '37.77486170611278', 'longitude': '-122.4365764423386', 'human_address': '{""address"": """", ""city"": """", ""state"": """", ""zip"": """"}'}",1.08E+11,,2,2,2,2,5,wood frame (5),5,wood frame (5),2007-01-19T00:00:00.000,,,,,
5ea1fcbfc2aeecdcc61c521b,2.01E+11,8,otc alterations permit,2007-01-08T00:00:00.000,6532,20,3662,26th,St,renew app #200608301020,expired,2009-09-10T00:00:00.000,2007-01-08T00:00:00.000,2007-01-08T00:00:00.000,2007-05-08T00:00:00.000Z,1,1,1 family dwelling,1 family dwelling,0,8,Mission,94110,"{'latitude': '37.74901708455152', 'longitude': '-122.42228648879625', 'human_address': '{""address"": """", ""city"": """", ""state"": """", ""zip"": """"}'}",1.08E+12,,1,1,1,1,5,wood frame (5),5,wood frame (5),2007-01-09T00:00:00.000,,,,,
5ea1fcbfc2aeecdcc61c521c,2.01E+11,8,otc alterations permit,2007-01-08T00:00:00.000,1203,34,1227,Hayes,St,perform repairs as per lingruen assoc. termite report# 48924. item# 3a.,complete,2007-01-19T00:00:00.000,2007-01-08T00:00:00.000,2007-01-08T00:00:00.000,2007-05-08T00:00:00.000Z,2500,2500,2 family dwelling,2 family dwelling,0,5,Hayes Valley,94117,"{'latitude': '37.77486170611278', 'longitude': '-122.4365764423386', 'human_address': '{""address"": """", ""city"": """", ""state"": """", ""zip"": """"}'}",1.08E+12,,2,2,2,2,5,wood frame (5),5,wood frame (5),2007-01-19T00:00:00.000,,,,,
5ea1fcbfc2aeecdcc61c521d,2.01E+11,8,otc alterations permit,2007-01-08T00:00:00.000,632,39,2595,Clay,St,reroofing,issued,2007-01-08T00:00:00.000,2007-01-08T00:00:00.000,2007-01-08T00:00:00.000,2007-07-08T00:00:00.000Z,24705,24705,1 family dwelling,1 family dwelling,0,2,Pacific Heights,94115,"{'latitude': '37.78988116693102', 'longitude': '-122.43892093230457', 'human_address': '{""address"": """", ""city"": """", ""state"": """", ""zip"": """"}'}",1.08E+12,,,,,,,,,,,,,,,
5ea1fcbfc2aeecdcc61c521e,2.01E+11,8,otc alterations permit,2007-01-08T00:00:00.000,3273,25,775,Darien,Wy,replace stucco on south side of house approx 20'x30' . visible from street.,expired,2007-12-14T00:00:00.000,2007-01-08T00:00:00.000,2007-01-08T00:00:00.000,2007-07-08T00:00:00.000Z,6000,6000,1 family dwelling,1 family dwelling,0,7,West of Twin Peaks,94127,"{'latitude': '37.73024991634443', 'longitude': '-122.4636124295593', 'human_address': '{""address"": """", ""city"": """", ""state"": """", ""zip"": """"}'}",1.08E+12,,2,2,1,1,5,wood frame (5),5,wood frame (5),,,,,,
5ea1fcbfc2aeecdcc61c521f,2.01E+11,8,otc alterations permit,2007-01-08T00:00:00.000,6728,20,554,Laidley,St,reroofing,complete,2007-02-08T00:00:00.000,2007-01-08T00:00:00.000,2007-01-08T00:00:00.000,2007-07-08T00:00:00.000Z,21950,21950,1 family dwelling,1 family dwelling,0,8,Glen Park,94131,"{'latitude': '37.73545746530039', 'longitude': '-122.43216555423922', 'human_address': '{""address"": """", ""city"": """", ""state"": """", ""zip"": """"}'}",1.08E+12,,,,,,,,,,2007-02-08T00:00:00.000,,,,,
5ea1fcbfc2aeecdcc61c5220,2.01E+11,8,otc alterations permit,2007-01-08T00:00:00.000,716,8,965,Geary,St,install 30 feet of underpinning at west property line,issued,2007-01-08T00:00:00.000,2007-01-08T00:00:00.000,2007-01-08T00:00:00.000,2007-07-08T00:00:00.000Z,25000,25000,apartments,apartments,2,6,Tenderloin,94109,"{'latitude': '37.785719638825206', 'longitude': '-122.41906224628175', 'human_address': '{""address"": """", ""city"": """", ""state"": """", ""zip"": """"}'}",1.08E+11,,5,5,45,45,3,constr type 3,3,constr type 3,,,,,,
5ea1fcbfc2aeecdcc61c5221,2.01E+11,2,new construction wood frame,2007-01-08T00:00:00.000,6634,15,1629,Dolores,St,to erect 3 dwelling units with 4 story new condominium bldg,complete,2012-03-28T00:00:00.000,2007-01-08T00:00:00.000,2010-07-19T00:00:00.000,2013-07-03T00:00:00.000Z,975000,975000,,apartments,2,8,Noe Valley,94110,"{'latitude': '37.74339221916862', 'longitude': '-122.42396223589145', 'human_address': '{""address"": """", ""city"": """", ""state"": """", ""zip"": """"}'}",1.08E+12,,,4,,3,,,5,wood frame (5),2012-03-28T00:00:00.000,,Y,,2010-07-07T00:00:00.000,
5ea1fcbfc2aeecdcc61c5222,M53184,8,otc alterations permit,2007-01-08T00:00:00.000,819,2,517,Laguna,St,street space & sidewalk repair,issued,2007-01-08T00:00:00.000,2007-01-08T00:00:00.000,2007-01-08T00:00:00.000,,,0,,,,5,Hayes Valley,94102,"{'latitude': '37.77609581740966', 'longitude': '-122.4263606919171', 'human_address': '{""address"": """", ""city"": """", ""state"": """", ""zip"": """"}'}",1.08E+11,,,,,,,,,,,,,,,
5ea1fcbfc2aeecdcc61c5223,M53184,8,otc alterations permit,2007-01-08T00:00:00.000,819,2,523,Laguna,St,street space & sidewalk repair,issued,2007-01-08T00:00:00.000,2007-01-08T00:00:00.000,2007-01-08T00:00:00.000,,,0,,,,5,Hayes Valley,94102,"{'latitude': '37.77609581740966', 'longitude': '-122.4263606919171', 'human_address': '{""address"": """", ""city"": """", ""state"": """", ""zip"": """"}'}",1.08E+12,,,,,,,,,,,,,,,
5ea1fcbfc2aeecdcc61c5224,2.01E+11,8,otc alterations permit,2007-01-08T00:00:00.000,2040,5,1723,09th,Av,reroofing,expired,2007-10-24T00:00:00.000,2007-01-08T00:00:00.000,2007-01-08T00:00:00.000,2007-07-08T00:00:00.000Z,6800,6800,1 family dwelling,1 family dwelling,0,7,Inner Sunset,94122,"{'latitude': '37.75606489812163', 'longitude': '-122.46608363069605', 'human_address': '{""address"": """", ""city"": """", ""state"": """", ""zip"": """"}'}",1.08E+12,,,,,,,,,,,,,,,
5ea1fcbfc2aeecdcc61c5225,2.01E+11,8,otc alterations permit,2007-01-08T00:00:00.000,5540,13,328,Rutledge,St,to compl with nov 200685913 revision to permit application 200401083651 partial removal o f damaged walls @ proptery line @ mnain level wall previously shown to remain replace,expired,2007-07-31T00:00:00.000,2007-01-08T00:00:00.000,2007-01-08T00:00:00.000,2007-05-08T00:00:00.000Z,1000,1000,1 family dwelling,1 family dwelling,2,9,Bernal Heights,94110,"{'latitude': '37.745125398688046', 'longitude': '-122.40989656046935', 'human_address': '{""address"": """", ""city"": """", ""state"": """", ""zip"": """"}'}",1.08E+12,,3,3,1,1,5,wood frame (5),5,wood frame (5),,,,,,
5ea1fcbfc2aeecdcc61c5226,2.01E+11,6,demolitions,2007-01-08T00:00:00.000,6634,15,1629,Dolores,St,"to demolish 1 dwelling unit, tw0 story building.",complete,2012-03-26T00:00:00.000,2007-01-08T00:00:00.000,2010-07-19T00:00:00.000,2011-01-15T00:00:00.000Z,10000,10000,1 family dwelling,,2,8,Noe Valley,94110,"{'latitude': '37.74339221916862', 'longitude': '-122.42396223589145', 'human_address': '{""address"": """", ""city"": """", ""state"": """", ""zip"": """"}'}",1.08E+12,,2,,1,,5,wood frame (5),,,2012-03-26T00:00:00.000,,,,,
5ea1fcbfc2aeecdcc61c5227,2.01E+11,3,additions alterations or repairs,2007-01-08T00:00:00.000,1047,4,1613,Baker,St,make all changes/corrections outlined in inspection report 3r-4334.,complete,2007-05-02T00:00:00.000,2007-01-08T00:00:00.000,2007-01-22T00:00:00.000,2007-05-22T00:00:00.000Z,5000,5000,2 family dwelling,2 family dwelling,0,2,Presidio Heights,94115,"{'latitude': '37.786301054447364', 'longitude': '-122.44376566457862', 'human_address': '{""address"": """", ""city"": """", ""state"": """", ""zip"": """"}'}",1.08E+11,,2,2,2,2,5,wood frame (5),5,wood frame (5),2007-05-02T00:00:00.000,,,,,
5ea1fcbfc2aeecdcc61c5228,2.01E+11,8,otc alterations permit,2007-01-08T00:00:00.000,288,32,333,Bush,St,this permit is for the renewal of pa#200601182370  for final sign off only.,complete,2007-02-22T00:00:00.000,2007-01-08T00:00:00.000,2007-01-08T00:00:00.000,2007-05-08T00:00:00.000Z,1,1,office,office,0,3,Financial District/South Beach,94108,"{'latitude': '37.79057472898199', 'longitude': '-122.4031096060195', 'human_address': '{""address"": """", ""city"": """", ""state"": """", ""zip"": """"}'}",1.08E+12,,34,34,0,0,1,constr type 1,1,constr type 1,2007-02-22T00:00:00.000,,,,,
5ea1fcbfc2aeecdcc61c5229,2.01E+11,8,otc alterations permit,2007-01-08T00:00:00.000,3740,34,221,Main,St,"oti-2, 13/fl el, me",expired,2009-02-09T00:00:00.000,2007-01-08T00:00:00.000,2007-01-08T00:00:00.000,2008-01-08T00:00:00.000Z,43200,43200,office,office,2,6,Financial District/South Beach,94105,"{'latitude': '37.79034577603179', 'longitude': '-122.39223862434201', 'human_address': '{""address"": """", ""city"": """", ""state"": """", ""zip"": """"}'}",1.08E+12,,16,16,0,0,1,constr type 1,1,constr type 1,,,,,,
5ea1fcbfc2aeecdcc61c522a,2.01E+11,8,otc alterations permit,2007-01-08T00:00:00.000,288,32,333,Bush,St,"this permit is for the renewal of pa#200601051574,#200512210802 and pa#200601051571  for final sign off only.",complete,2007-03-21T00:00:00.000,2007-01-08T00:00:00.000,2007-01-08T00:00:00.000,2007-05-08T00:00:00.000Z,1,1,office,office,0,3,Financial District/South Beach,94108,"{'latitude': '37.79057472898199', 'longitude': '-122.4031096060195', 'human_address': '{""address"": """", ""city"": """", ""state"": """", ""zip"": """"}'}",1.08E+12,,34,34,0,0,1,constr type 1,1,constr type 1,2007-03-21T00:00:00.000,,,,,
5ea1fcbfc2aeecdcc61c522b,2.01E+11,8,otc alterations permit,2007-01-08T00:00:00.000,1659,44,1545,Cabrillo,St,repalce6 windows - custom made - wood visible from street,complete,2007-03-02T00:00:00.000,2007-01-08T00:00:00.000,2007-01-08T00:00:00.000,2007-05-08T00:00:00.000Z,2900,2900,apartments,apartments,0,1,Outer Richmond,94118,"{'latitude': '37.77469581187435', 'longitude': '-122.47548312034465', 'human_address': '{""address"": """", ""city"": """", ""state"": """", ""zip"": """"}'}",1.08E+12,,3,3,4,4,5,wood frame (5),5,wood frame (5),2007-03-02T00:00:00.000,,,,,
5ea1fcbfc2aeecdcc61c522c,2.01E+11,8,otc alterations permit,2007-01-08T00:00:00.000,557,2,2737,Webster,St,"remodel kitchen- replace cabinet, sink, stove, lighting. 1 bathroom remodel- replace tile, shower pan, faucet, toilet, lighting and painting. non structural.",complete,2007-04-20T00:00:00.000,2007-01-08T00:00:00.000,2007-01-08T00:00:00.000,2007-07-08T00:00:00.000Z,22000,22000,apartments,apartments,0,2,Marina,94123,"{'latitude': '37.79590341630617', 'longitude': '-122.43387038171086', 'human_address': '{""address"": """", ""city"": """", ""state"": """", ""zip"": """"}'}",1.08E+12,,3,3,4,4,5,wood frame (5),5,wood frame (5),2007-04-20T00:00:00.000,,,,,
5ea1fcbfc2aeecdcc61c522d,2.01E+11,8,otc alterations permit,2007-01-08T00:00:00.000,1875,11,1555,29th,Av,reroofing,complete,2007-01-12T00:00:00.000,2007-01-08T00:00:00.000,2007-01-08T00:00:00.000,2007-07-08T00:00:00.000Z,6500,6500,1 family dwelling,1 family dwelling,0,4,Sunset/Parkside,94122,"{'latitude': '37.75831539596605', 'longitude': '-122.48783449070798', 'human_address': '{""address"": """", ""city"": """", ""state"": """", ""zip"": """"}'}",1.08E+12,,,,,,,,,,2007-01-12T00:00:00.000,,,,,
5ea1fcbfc2aeecdcc61c522e,2.01E+11,8,otc alterations permit,2007-01-08T00:00:00.000,6778,2,2,San Gabriel,Av,repair wood damage in exterior stairs 2 x 6 x 8 in damage (brick masonry some brick) tile some tile. repair 7' x 6' stucco is damage in plywood on the wall exterior close to stairs. repair in kind. repair 40% of job. visible from street.,complete,2007-03-20T00:00:00.000,2007-01-08T00:00:00.000,2007-01-08T00:00:00.000,2007-07-08T00:00:00.000Z,6000,6000,1 family dwelling,1 family dwelling,0,11,Outer Mission,94112,"{'latitude': '37.72938497352087', 'longitude': '-122.43803947488404', 'human_address': '{""address"": """", ""city"": """", ""state"": """", ""zip"": """"}'}",1.08E+12,,2,2,1,1,5,wood frame (5),5,wood frame (5),2007-03-20T00:00:00.000,,,,,
5ea1fcbfc2aeecdcc61c522f,M53202,8,otc alterations permit,2007-01-08T00:00:00.000,1652,19,766,10th,Av,street space,issued,2007-01-08T00:00:00.000,2007-01-08T00:00:00.000,2007-01-08T00:00:00.000,,,0,,,,1,Inner Richmond,94118,"{'latitude': '37.77393437890497', 'longitude': '-122.46773860907612', 'human_address': '{""address"": """", ""city"": """", ""state"": """", ""zip"": """"}'}",1.08E+12,,,,,,,,,,,,,,,
5ea1fcbfc2aeecdcc61c5230,2.01E+11,8,otc alterations permit,2007-01-08T00:00:00.000,311,6,690,Market,St,revision to approved  00308051235's' delete roof hatch at stqir 1 per cbc 1003.3.3.12,expired,2008-06-30T00:00:00.000,2007-01-08T00:00:00.000,2007-01-08T00:00:00.000,2007-05-08T00:00:00.000Z,1,1,office,office,2,3,Financial District/South Beach,94104,"{'latitude': '37.788243570664264', 'longitude': '-122.4031986984264', 'human_address': '{""address"": """", ""city"": """", ""state"": """", ""zip"": """"}'}",1.08E+12,,25,25,101,101,1,constr type 1,1,constr type 1,,,,,,
5ea1fcbfc2aeecdcc61c5231,M53203,8,otc alterations permit,2007-01-08T00:00:00.000,1652,20,762,10th,Av,street space & sidewalk,issued,2007-01-08T00:00:00.000,2007-01-08T00:00:00.000,2007-01-08T00:00:00.000,,,0,,,,1,Inner Richmond,94118,"{'latitude': '37.77400292452137', 'longitude': '-122.4677435712311', 'human_address': '{""address"": """", ""city"": """", ""state"": """", ""zip"": """"}'}",1.08E+12,,,,,,,,,,,,,,,
5ea1fcbfc2aeecdcc61c5232,M53204,8,otc alterations permit,2007-01-08T00:00:00.000,6717,014A,470,Chenery,St,sidewalk permit only.,issued,2007-01-08T00:00:00.000,2007-01-08T00:00:00.000,2007-01-08T00:00:00.000,,,0,,,,8,Glen Park,94131,"{'latitude': '37.73598032343025', 'longitude': '-122.43000685287117', 'human_address': '{""address"": """", ""city"": """", ""state"": """", ""zip"": """"}'}",1.08E+12,,,,,,,,,,,,,,,
5ea1fcbfc2aeecdcc61c5233,2.01E+11,8,otc alterations permit,2007-01-08T00:00:00.000,2618,38,409,Roosevelt,Wy,"in unit 409:minor bath remodel, remove existing cast iron tub, replace w new tub, demo ex plaster/lath walls, insulate ( sound proof) and rpelace w/drywall. relocate toilet approx 4'6' away from existing location. no structural changes",expired,2008-05-08T00:00:00.000,2007-01-08T00:00:00.000,2007-01-08T00:00:00.000,2007-05-08T00:00:00.000Z,4500,4500,apartments,apartments,0,8,Castro/Upper Market,94114,"{'latitude': '37.764537167509374', 'longitude': '-122.44292936635722', 'human_address': '{""address"": """", ""city"": """", ""state"": """", ""zip"": """"}'}",1.08E+12,,4,4,3,3,5,wood frame (5),5,wood frame (5),,,,,,
5ea1fcbfc2aeecdcc61c5234,M53205,8,otc alterations permit,2007-01-08T00:00:00.000,515,3,3151,Fillmore,St,street space & sidewalk permit only.,issued,2007-01-08T00:00:00.000,2007-01-08T00:00:00.000,2007-01-08T00:00:00.000,,,0,,,,2,Marina,94123,"{'latitude': '37.798660663699174', 'longitude': '-122.43610322597983', 'human_address': '{""address"": """", ""city"": """", ""state"": """", ""zip"": """"}'}",1.08E+11,,,,,,,,,,,,,,,
5ea1fcbfc2aeecdcc61c5235,M53205,8,otc alterations permit,2007-01-08T00:00:00.000,515,3,3155,Fillmore,St,street space & sidewalk permit only.,issued,2007-01-08T00:00:00.000,2007-01-08T00:00:00.000,2007-01-08T00:00:00.000,,,0,,,,2,Marina,94123,"{'latitude': '37.798660663699174', 'longitude': '-122.43610322597983', 'human_address': '{""address"": """", ""city"": """", ""state"": """", ""zip"": """"}'}",1.08E+12,,,,,,,,,,,,,,,
5ea1fcbfc2aeecdcc61c5236,M53206,8,otc alterations permit,2007-01-08T00:00:00.000,1276,001F,1137,Shrader,St,street space,issued,2007-01-08T00:00:00.000,2007-01-08T00:00:00.000,2007-01-08T00:00:00.000,,,0,,,,,,,,1.08E+11,,,,,,,,,,,,,,,
5ea1fcbfc2aeecdcc61c5237,2.01E+11,8,otc alterations permit,2007-01-08T00:00:00.000,491,21,3348,Steiner,St,"renew pa#200107204144,#200102132025,#98212425 for final inspection.",complete,2007-01-10T00:00:00.000,2007-01-08T00:00:00.000,2007-01-08T00:00:00.000,2007-05-08T00:00:00.000Z,1,1,food/beverage hndlng,food/beverage hndlng,0,2,Marina,94123,"{'latitude': '37.800380816885585', 'longitude': '-122.43754823981648', 'human_address': '{""address"": """", ""city"": """", ""state"": """", ""zip"": """"}'}",1.08E+11,,2,2,0,0,5,wood frame (5),5,wood frame (5),2007-01-10T00:00:00.000,,,,,
5ea1fcbfc2aeecdcc61c5238,M53206,8,otc alterations permit,2007-01-08T00:00:00.000,1276,33,1139,Shrader,St,street space,issued,2007-01-08T00:00:00.000,2007-01-08T00:00:00.000,2007-01-08T00:00:00.000,,,0,,,,5,Haight Ashbury,94117,"{'latitude': '37.76412636852139', 'longitude': '-122.45138033022036', 'human_address': '{""address"": """", ""city"": """", ""state"": """", ""zip"": """"}'}",1.08E+12,,,,,,,,,,,,,,,
5ea1fcbfc2aeecdcc61c5239,2.01E+11,8,otc alterations permit,2007-01-08T00:00:00.000,491,21,3348,Steiner,St,"renew pa#200507218280,#200303038678,#200110251696 for final inspection.",complete,2007-01-10T00:00:00.000,2007-01-08T00:00:00.000,2007-01-08T00:00:00.000,2007-05-08T00:00:00.000Z,1,1,food/beverage hndlng,food/beverage hndlng,0,2,Marina,94123,"{'latitude': '37.800380816885585', 'longitude': '-122.43754823981648', 'human_address': '{""address"": """", ""city"": """", ""state"": """", ""zip"": """"}'}",1.08E+11,,2,2,0,0,5,wood frame (5),5,wood frame (5),2007-01-10T00:00:00.000,,,,,
5ea1fcbfc2aeecdcc61c523a,2.01E+11,8,otc alterations permit,2007-01-08T00:00:00.000,1421,27,222,Funston,Av,"revision to appl#200601182355 of stairway from 2/f to 1/f on lower unit. change spiral stair to conventional stairs, relocate water heater.",expired,2007-11-28T00:00:00.000,2007-01-08T00:00:00.000,2007-01-08T00:00:00.000,2007-05-08T00:00:00.000Z,1,1,2 family dwelling,2 family dwelling,2,1,Inner Richmond,94118,"{'latitude': '37.78400543308157', 'longitude': '-122.47168792281715', 'human_address': '{""address"": """", ""city"": """", ""state"": """", ""zip"": """"}'}",1.08E+11,,3,3,2,2,5,wood frame (5),5,wood frame (5),,,,,,
5ea1fcbfc2aeecdcc61c523b,2.01E+11,8,otc alterations permit,2007-01-08T00:00:00.000,1421,27,224,Funston,Av,"revision to appl#200601182355 of stairway from 2/f to 1/f on lower unit. change spiral stair to conventional stairs, relocate water heater.",expired,2007-11-28T00:00:00.000,2007-01-08T00:00:00.000,2007-01-08T00:00:00.000,2007-05-08T00:00:00.000Z,1,1,2 family dwelling,2 family dwelling,2,1,Inner Richmond,94118,"{'latitude': '37.78400543308157', 'longitude': '-122.47168792281715', 'human_address': '{""address"": """", ""city"": """", ""state"": """", ""zip"": """"}'}",1.08E+12,,3,3,2,2,5,wood frame (5),5,wood frame (5),,,,,,
5ea1fcbfc2aeecdcc61c523c,2.01E+11,8,otc alterations permit,2007-01-08T00:00:00.000,2618,38,411,Roosevelt,Wy,"in unit 409:minor bath remodel, remove existing cast iron tub, replace w new tub, demo ex plaster/lath walls, insulate ( sound proof) and rpelace w/drywall. relocate toilet approx 4'6' away from existing location. no structural changes",expired,2008-05-08T00:00:00.000,2007-01-08T00:00:00.000,2007-01-08T00:00:00.000,2007-05-08T00:00:00.000Z,4500,4500,apartments,apartments,0,8,Castro/Upper Market,94114,"{'latitude': '37.764537167509374', 'longitude': '-122.44292936635722', 'human_address': '{""address"": """", ""city"": """", ""state"": """", ""zip"": """"}'}",1.08E+12,,4,4,3,3,5,wood frame (5),5,wood frame (5),,,,,,
5ea1fcbfc2aeecdcc61c523d,M53207,8,otc alterations permit,2007-01-08T00:00:00.000,294,13,340,Stockton,St,street space permit only.,issued,2007-01-08T00:00:00.000,2007-01-08T00:00:00.000,2007-01-08T00:00:00.000,,,0,,,,3,Financial District/South Beach,94108,"{'latitude': '37.78915819813288', 'longitude': '-122.4065562484993', 'human_address': '{""address"": """", ""city"": """", ""state"": """", ""zip"": """"}'}",1.08E+11,,,,,,,,,,,,,,,
5ea1fcbfc2aeecdcc61c523e,2.01E+11,3,additions alterations or repairs,2007-01-08T00:00:00.000,1047,4,1613,Baker,St,make all changes/corrections outlined in inspection report 3r-4334.,complete,2007-05-02T00:00:00.000,2007-01-08T00:00:00.000,2007-01-22T00:00:00.000,2007-05-22T00:00:00.000Z,5000,5000,2 family dwelling,2 family dwelling,0,2,Presidio Heights,94115,"{'latitude': '37.786301054447364', 'longitude': '-122.44376566457862', 'human_address': '{""address"": """", ""city"": """", ""state"": """", ""zip"": """"}'}",1.08E+12,,2,2,2,2,5,wood frame (5),5,wood frame (5),2007-05-02T00:00:00.000,,,A,,
5ea1fcbfc2aeecdcc61c523f,2.01E+11,8,otc alterations permit,2007-01-08T00:00:00.000,1774,1,1809,Irving,St,revision to appl#200612089473 work includes modification of existing ceiling and lighting and t24 energy compliance.,issued,2007-01-08T00:00:00.000,2007-01-08T00:00:00.000,2007-01-08T00:00:00.000,2007-07-08T00:00:00.000Z,13000,13000,office,office,2,4,Sunset/Parkside,94122,"{'latitude': '37.76337396397431', 'longitude': '-122.47738806135217', 'human_address': '{""address"": """", ""city"": """", ""state"": """", ""zip"": """"}'}",1.08E+12,,2,2,0,0,5,wood frame (5),5,wood frame (5),,,,,,
5ea1fcbfc2aeecdcc61c5240,2.01E+11,8,otc alterations permit,2007-01-08T00:00:00.000,1774,1,1301,19th,Av,revision to appl#200612089473 work includes modification of existing ceiling and lighting and t24 energy compliance.,issued,2007-01-08T00:00:00.000,2007-01-08T00:00:00.000,2007-01-08T00:00:00.000,2007-07-08T00:00:00.000Z,13000,13000,office,office,2,4,Sunset/Parkside,94122,"{'latitude': '37.76337396397431', 'longitude': '-122.47738806135217', 'human_address': '{""address"": """", ""city"": """", ""state"": """", ""zip"": """"}'}",1.08E+12,,2,2,0,0,5,wood frame (5),5,wood frame (5),,,,,,
5ea1fcbfc2aeecdcc61c5241,2.01E+11,8,otc alterations permit,2007-01-08T00:00:00.000,4099,50,553,Arkansas,St,add plywood walls to basement for voluntory improvement. 2 new foundation under shearwalls.,complete,2007-03-19T00:00:00.000,2007-01-08T00:00:00.000,2007-01-08T00:00:00.000,2007-07-08T00:00:00.000Z,25000,25000,1 family dwelling,1 family dwelling,2,10,Potrero Hill,94107,"{'latitude': '37.75915781779637', 'longitude': '-122.39783151478035', 'human_address': '{""address"": """", ""city"": """", ""state"": """", ""zip"": """"}'}",1.08E+12,,2,2,1,1,5,wood frame (5),5,wood frame (5),2007-03-19T00:00:00.000,,,,,
5ea1fcbfc2aeecdcc61c5242,2.01E+11,8,otc alterations permit,2007-01-08T00:00:00.000,1845,32,1456,09th,Av,application review. board of apeals conditions. appeal no. 06-148.,expired,2011-04-20T00:00:00.000,2007-01-08T00:00:00.000,2007-01-08T00:00:00.000,2007-05-08T00:00:00.000Z,1,1,2 family dwelling,2 family dwelling,2,5,Inner Sunset,94122,"{'latitude': '37.76115540257781', 'longitude': '-122.46578019180727', 'human_address': '{""address"": """", ""city"": """", ""state"": """", ""zip"": """"}'}",1.08E+12,,2,2,2,2,5,wood frame (5),5,wood frame (5),,,,,,
5ea1fcbfc2aeecdcc61c5243,2.01E+11,8,otc alterations permit,2007-01-08T00:00:00.000,251,1,1059,Leavenworth,St,complete work startion on pa# 2006/06/16/4213.,expired,2009-08-24T00:00:00.000,2007-01-08T00:00:00.000,2007-01-08T00:00:00.000,2007-07-08T00:00:00.000Z,7000,7000,apartments,apartments,0,3,Nob Hill,94109,"{'latitude': '37.7909824067472', 'longitude': '-122.41592972473308', 'human_address': '{""address"": """", ""city"": """", ""state"": """", ""zip"": """"}'}",1.08E+11,,4,4,21,21,5,wood frame (5),5,wood frame (5),,,,,,
5ea1fcbfc2aeecdcc61c5244,2.01E+11,8,otc alterations permit,2007-01-08T00:00:00.000,85,27,237,Greenwich,St,voluntary strengthening and upgrade repiar work to extg crawl space and breeze way area. replace extg beams and posts as necess. add foundation section & footings. repair extg redwood decking & guard rail,complete,2007-06-07T00:00:00.000,2007-01-08T00:00:00.000,2007-01-08T00:00:00.000,2008-01-08T00:00:00.000Z,28000,28000,2 family dwelling,2 family dwelling,2,3,North Beach,94133,"{'latitude': '37.802771316048094', 'longitude': '-122.40410505438679', 'human_address': '{""address"": """", ""city"": """", ""state"": """", ""zip"": """"}'}",1.08E+12,,1,1,2,2,1,constr type 1,1,constr type 1,2007-06-07T00:00:00.000,,,E,,
5ea1fcbfc2aeecdcc61c5245,M53222,8,otc alterations permit,2007-01-08T00:00:00.000,3750,87,611,Folsom,St,street space,issued,2007-01-08T00:00:00.000,2007-01-08T00:00:00.000,2007-01-08T00:00:00.000,,,0,,,,6,Financial District/South Beach,94107,"{'latitude': '37.78498001645395', 'longitude': '-122.3965361766369', 'human_address': '{""address"": """", ""city"": """", ""state"": """", ""zip"": """"}'}",1.08E+12,,,,,,,,,,,,,,,
5ea1fcbfc2aeecdcc61c5246,M53223,8,otc alterations permit,2007-01-08T00:00:00.000,214,60,1260,Clay,St,street space permit only.,issued,2007-01-08T00:00:00.000,2007-01-08T00:00:00.000,2007-01-08T00:00:00.000,,,0,,,,3,Nob Hill,94108,"{'latitude': '37.7935746149532', 'longitude': '-122.41366496107814', 'human_address': '{""address"": """", ""city"": """", ""state"": """", ""zip"": """"}'}",1.08E+11,207,,,,,,,,,,,,,,
5ea1fcbfc2aeecdcc61c5247,2.01E+11,8,otc alterations permit,2007-01-08T00:00:00.000,1563,006A,539,20th,Av,"revision for new concrete slab from appl#200612220453 concrete slab-on-grade at garage space, bathroom, family room, laundry, throughout ground floor.",complete,2007-03-12T00:00:00.000,2007-01-08T00:00:00.000,2007-01-08T00:00:00.000,2007-05-08T00:00:00.000Z,2500,2500,1 family dwelling,1 family dwelling,2,1,Outer Richmond,94121,"{'latitude': '37.777631077548484', 'longitude': '-122.47951102845883', 'human_address': '{""address"": """", ""city"": """", ""state"": """", ""zip"": """"}'}",1.08E+12,,3,3,1,1,5,wood frame (5),5,wood frame (5),2007-03-12T00:00:00.000,,,,,
5ea1fcbfc2aeecdcc61c5248,2.01E+11,8,otc alterations permit,2007-01-08T00:00:00.000,5720,55,180,Park,St,renew pa# 200605101213 for final inspection.,complete,2007-01-22T00:00:00.000,2007-01-08T00:00:00.000,2007-01-08T00:00:00.000,2007-05-08T00:00:00.000Z,1,1,2 family dwelling,2 family dwelling,0,9,Bernal Heights,94110,"{'latitude': '37.7363382249143', 'longitude': '-122.42147670534932', 'human_address': '{""address"": """", ""city"": """", ""state"": """", ""zip"": """"}'}",1.08E+12,,3,3,2,2,5,wood frame (5),5,wood frame (5),2007-01-22T00:00:00.000,,,,,
5ea1fcbfc2aeecdcc61c5249,2.01E+11,8,otc alterations permit,2007-01-08T00:00:00.000,5720,55,182,Park,St,renew pa# 200605101213 for final inspection.,complete,2007-01-22T00:00:00.000,2007-01-08T00:00:00.000,2007-01-08T00:00:00.000,2007-05-08T00:00:00.000Z,1,1,2 family dwelling,2 family dwelling,0,9,Bernal Heights,94110,"{'latitude': '37.7363382249143', 'longitude': '-122.42147670534932', 'human_address': '{""address"": """", ""city"": """", ""state"": """", ""zip"": """"}'}",1.08E+12,,3,3,2,2,5,wood frame (5),5,wood frame (5),2007-01-22T00:00:00.000,,,,,
5ea1fcbfc2aeecdcc61c524a,2.01E+11,8,otc alterations permit,2007-01-08T00:00:00.000,5517,074A,190,Emmet,Ct,"need to replace jack, pest, rails caps, treacts on the stairs replacing to correction notice issued 12/15/06 by fergel chancy building inpsector.",complete,2007-03-06T00:00:00.000,2007-01-08T00:00:00.000,2007-01-08T00:00:00.000,2007-05-08T00:00:00.000Z,1400,1400,1 family dwelling,1 family dwelling,2,9,Bernal Heights,94110,"{'latitude': '37.74715286862838', 'longitude': '-122.4163009833183', 'human_address': '{""address"": """", ""city"": """", ""state"": """", ""zip"": """"}'}",1.08E+12,,2,2,1,1,5,wood frame (5),5,wood frame (5),2007-03-06T00:00:00.000,,,,,
5ea1fcbfc2aeecdcc61c524b,M53242,8,otc alterations permit,2007-01-08T00:00:00.000,2334B,34,2230,Cecilia,Av,street space,issued,2007-01-08T00:00:00.000,2007-01-08T00:00:00.000,2007-01-08T00:00:00.000,,,0,,,,7,West of Twin Peaks,94116,"{'latitude': '37.74630739609009', 'longitude': '-122.47179630278906', 'human_address': '{""address"": """", ""city"": """", ""state"": """", ""zip"": """"}'}",1.08E+12,,,,,,,,,,,,,,,
5ea1fcbfc2aeecdcc61c524c,M53243,8,otc alterations permit,2007-01-08T00:00:00.000,6570,13,3001,Mission,St,sidewalk,issued,2007-01-08T00:00:00.000,2007-01-08T00:00:00.000,2007-01-08T00:00:00.000,,,0,,,,9,Mission,94110,"{'latitude': '37.74883212994004', 'longitude': '-122.41771864365369', 'human_address': '{""address"": """", ""city"": """", ""state"": """", ""zip"": """"}'}",1.08E+12,,,,,,,,,,,,,,,
5ea1fcbfc2aeecdcc61c524d,M53243,8,otc alterations permit,2007-01-08T00:00:00.000,6570,13,3019,Mission,St,sidewalk,issued,2007-01-08T00:00:00.000,2007-01-08T00:00:00.000,2007-01-08T00:00:00.000,,,0,,,,9,Mission,94110,"{'latitude': '37.74883212994004', 'longitude': '-122.41771864365369', 'human_address': '{""address"": """", ""city"": """", ""state"": """", ""zip"": """"}'}",1.08E+12,0,,,,,,,,,,,,,,
5ea1fcbfc2aeecdcc61c524e,M53244,8,otc alterations permit,2007-01-08T00:00:00.000,3283,195,1770,Ocean,Av,street space permit,issued,2007-01-08T00:00:00.000,2007-01-08T00:00:00.000,2007-01-08T00:00:00.000,,,0,,,,7,West of Twin Peaks,94112,"{'latitude': '37.72535418823769', 'longitude': '-122.46070792148413', 'human_address': '{""address"": """", ""city"": """", ""state"": """", ""zip"": """"}'}",1.08E+12,,,,,,,,,,,,,,,
5ea1fcbfc2aeecdcc61c524f,2.01E+11,8,otc alterations permit,2007-01-08T00:00:00.000,5617,41,161,Prospect,Av,comply with 3r-4515.,complete,2007-05-08T00:00:00.000,2007-01-08T00:00:00.000,2007-01-08T00:00:00.000,2007-05-08T00:00:00.000Z,5000,5000,2 family dwelling,2 family dwelling,0,9,Bernal Heights,94110,"{'latitude': '37.74258241121436', 'longitude': '-122.41901743381644', 'human_address': '{""address"": """", ""city"": """", ""state"": """", ""zip"": """"}'}",1.08E+12,,2,2,2,2,5,wood frame (5),5,wood frame (5),2007-05-08T00:00:00.000,,,A,,
5ea1fcbfc2aeecdcc61c5250,2.01E+11,8,otc alterations permit,2007-01-08T00:00:00.000,1288,13,4946,17th,St,"kit & 2 baths renovation, add rear new stairs, new windcows in existing openings, some @ front of home tot of 6 windows",complete,2007-05-25T00:00:00.000,2007-01-08T00:00:00.000,2007-01-08T00:00:00.000,2008-01-08T00:00:00.000Z,75000,75000,2 family dwelling,2 family dwelling,2,5,Haight Ashbury,94117,"{'latitude': '37.761754107557024', 'longitude': '-122.45140863771339', 'human_address': '{""address"": """", ""city"": """", ""state"": """", ""zip"": """"}'}",1.08E+12,,2,2,2,2,5,wood frame (5),5,wood frame (5),2007-05-25T00:00:00.000,,,,,
5ea1fcbfc2aeecdcc61c5251,2.01E+11,8,otc alterations permit,2007-01-08T00:00:00.000,1038,40,3775,California,St,kitchen & bathroom remodel-upgrade electrical sub panel.,complete,2007-05-16T00:00:00.000,2007-01-08T00:00:00.000,2007-01-08T00:00:00.000,2007-07-08T00:00:00.000Z,25000,25000,apartments,apartments,0,2,Presidio Heights,94118,"{'latitude': '37.78577103690647', 'longitude': '-122.45638986225089', 'human_address': '{""address"": """", ""city"": """", ""state"": """", ""zip"": """"}'}",1.08E+12,0,4,4,9,9,5,wood frame (5),5,wood frame (5),2007-05-16T00:00:00.000,,,,,
5ea1fcbfc2aeecdcc61c5252,2.01E+11,3,additions alterations or repairs,2007-01-08T00:00:00.000,6619,20,1557,Sanchez,St,remove non-confmming deck and in-law unit and replace with new master suite and roof deck.,issued,2007-12-28T00:00:00.000,2007-01-08T00:00:00.000,2007-12-28T00:00:00.000,2008-12-28T00:00:00.000Z,150000,150000,1 family dwelling,1 family dwelling,2,8,Noe Valley,94131,"{'latitude': '37.74418801520725', 'longitude': '-122.4286274335214', 'human_address': '{""address"": """", ""city"": """", ""state"": """", ""zip"": """"}'}",1.08E+12,,2,2,1,1,5,wood frame (5),5,wood frame (5),,Y,Y,,,
5ea1fcbfc2aeecdcc61c5253,2.01E+11,8,otc alterations permit,2007-01-08T00:00:00.000,7546,102,121,Addison,St,renew for final 200605080943,complete,2007-01-24T00:00:00.000,2007-01-08T00:00:00.000,2007-01-09T00:00:00.000,2007-05-09T00:00:00.000Z,1,1,apartments,apartments,0,8,Glen Park,94131,"{'latitude': '37.73731250817515', 'longitude': '-122.4315896633941', 'human_address': '{""address"": """", ""city"": """", ""state"": """", ""zip"": """"}'}",1.08E+12,,2,2,10,10,5,wood frame (5),5,wood frame (5),2007-01-24T00:00:00.000,,,,,
5ea1fcbfc2aeecdcc61c5254,2.01E+11,8,otc alterations permit,2007-01-08T00:00:00.000,7546,102,157,Addison,St,renew for final 200605080943,complete,2007-01-24T00:00:00.000,2007-01-08T00:00:00.000,2007-01-09T00:00:00.000,2007-05-09T00:00:00.000Z,1,1,apartments,apartments,0,8,Glen Park,94131,"{'latitude': '37.73731250817515', 'longitude': '-122.4315896633941', 'human_address': '{""address"": """", ""city"": """", ""state"": """", ""zip"": """"}'}",1.08E+12,0,2,2,10,10,5,wood frame (5),5,wood frame (5),2007-01-24T00:00:00.000,,,,,
5ea1fcbfc2aeecdcc61c5255,2.01E+11,3,additions alterations or repairs,2007-01-08T00:00:00.000,480,6,1361,Francisco,St,"correction to 3r-report, 3r-4674.",complete,2007-02-01T00:00:00.000,2007-01-08T00:00:00.000,2007-01-23T00:00:00.000,2007-05-23T00:00:00.000Z,5000,5000,2 family dwelling,2 family dwelling,0,2,Marina,94123,"{'latitude': '37.80259515932845', 'longitude': '-122.42752391195023', 'human_address': '{""address"": """", ""city"": """", ""state"": """", ""zip"": """"}'}",1.08E+11,,3,3,2,2,5,wood frame (5),5,wood frame (5),2007-02-01T00:00:00.000,,,,,
5ea1fcbfc2aeecdcc61c5256,2.01E+11,3,additions alterations or repairs,2007-01-08T00:00:00.000,480,6,1363,Francisco,St,"correction to 3r-report, 3r-4674.",complete,2007-02-01T00:00:00.000,2007-01-08T00:00:00.000,2007-01-23T00:00:00.000,2007-05-23T00:00:00.000Z,5000,5000,2 family dwelling,2 family dwelling,0,2,Marina,94123,"{'latitude': '37.80259515932845', 'longitude': '-122.42752391195023', 'human_address': '{""address"": """", ""city"": """", ""state"": """", ""zip"": """"}'}",1.08E+12,0,3,3,2,2,5,wood frame (5),5,wood frame (5),2007-02-01T00:00:00.000,,,,,
5ea1fcbfc2aeecdcc61c5257,2.01E+11,3,additions alterations or repairs,2007-01-08T00:00:00.000,4912,1,2814,Jennings,St,"existing commercial units, 1st floor, to be brought up to code. new asda restrooms will be constructed. new elec, heating, electrical. residential work under separate permit",issued,2007-05-16T00:00:00.000,2007-01-08T00:00:00.000,2007-05-16T00:00:00.000,2008-05-16T00:00:00.000Z,45000,45000,office,office,2,10,Bayview Hunters Point,94124,"{'latitude': '37.722568832010346', 'longitude': '-122.39298549952167', 'human_address': '{""address"": """", ""city"": """", ""state"": """", ""zip"": """"}'}",1.08E+12,,2,2,3,3,5,wood frame (5),5,wood frame (5),,,,,,
5ea1fcbfc2aeecdcc61c5258,2.01E+11,3,additions alterations or repairs,2007-01-08T00:00:00.000,4912,1,2824,Jennings,St,"existing commercial units, 1st floor, to be brought up to code. new asda restrooms will be constructed. new elec, heating, electrical. residential work under separate permit",issued,2007-05-16T00:00:00.000,2007-01-08T00:00:00.000,2007-05-16T00:00:00.000,2008-05-16T00:00:00.000Z,45000,45000,office,office,2,10,Bayview Hunters Point,94124,"{'latitude': '37.722568832010346', 'longitude': '-122.39298549952167', 'human_address': '{""address"": """", ""city"": """", ""state"": """", ""zip"": """"}'}",1.08E+12,,2,2,3,3,5,wood frame (5),5,wood frame (5),,,,,,
5ea1fcbfc2aeecdcc61c5259,2.01E+11,8,otc alterations permit,2007-01-08T00:00:00.000,489,029A,2277,Chestnut,St,"remodel existing retail space to e nail salon on 1st floor level, to include new partitions for storage room, lighting & counter, up grades front entry for disabled access.-",complete,2007-05-02T00:00:00.000,2007-01-08T00:00:00.000,2007-01-08T00:00:00.000,2007-07-08T00:00:00.000Z,8000,8000,1 family dwelling,1 family dwelling,2,2,Marina,94123,"{'latitude': '37.80011750231024', 'longitude': '-122.44072797318022', 'human_address': '{""address"": """", ""city"": """", ""state"": """", ""zip"": """"}'}",1.08E+12,,3,3,1,1,5,wood frame (5),5,wood frame (5),2007-05-02T00:00:00.000,,,,,
5ea1fcbfc2aeecdcc61c525a,M53245,8,otc alterations permit,2007-01-08T00:00:00.000,254,80,1001,California,St,street space permit,issued,2007-01-08T00:00:00.000,2007-01-08T00:00:00.000,2007-01-08T00:00:00.000,,,0,,,,3,Nob Hill,94108,"{'latitude': '37.79160553254836', 'longitude': '-122.41102551566422', 'human_address': '{""address"": """", ""city"": """", ""state"": """", ""zip"": """"}'}",1.08E+12,,,,,,,,,,,,,,,
5ea1fcbfc2aeecdcc61c525b,M53246,8,otc alterations permit,2007-01-08T00:00:00.000,5418,13,1777,Yosemite,Av,street space permit,issued,2007-01-08T00:00:00.000,2007-01-08T00:00:00.000,2007-01-08T00:00:00.000,,,0,,,,10,Bayview Hunters Point,94124,"{'latitude': '37.7282504190069', 'longitude': '-122.39496971444758', 'human_address': '{""address"": """", ""city"": """", ""state"": """", ""zip"": """"}'}",1.08E+12,,,,,,,,,,,,,,,
5ea1fcbfc2aeecdcc61c525c,2.01E+11,8,otc alterations permit,2007-01-08T00:00:00.000,6515,13,390,Bartlett,St,"repair rear stairs, stringers between 1st & 2nd floors. replace a few steps. less than 50% repair. to comply with nov# 200679868. same for same.",expired,2009-08-18T00:00:00.000,2007-01-08T00:00:00.000,2007-01-08T00:00:00.000,2007-05-08T00:00:00.000Z,1200,1200,apartments,apartments,0,9,Mission,94110,"{'latitude': '37.750825300159676', 'longitude': '-122.41959046386332', 'human_address': '{""address"": """", ""city"": """", ""state"": """", ""zip"": """"}'}",1.08E+12,,3,3,15,15,5,wood frame (5),5,wood frame (5),2007-01-19T00:00:00.000,,,,,
5ea1fcbfc2aeecdcc61c525d,2.01E+11,8,otc alterations permit,2007-01-08T00:00:00.000,2048,6,445,Noriega,St,"remodeling of 1 1/2 bathroom, kitchen & new 12 windows (vinyl). four picture windows and 2 casements on front facade.",expired,2008-02-13T00:00:00.000,2007-01-08T00:00:00.000,2007-01-08T00:00:00.000,2008-01-08T00:00:00.000Z,47500,47500,1 family dwelling,1 family dwelling,0,7,Inner Sunset,94122,"{'latitude': '37.754743642467155', 'longitude': '-122.46845033412708', 'human_address': '{""address"": """", ""city"": """", ""state"": """", ""zip"": """"}'}",1.08E+12,,3,3,1,1,5,wood frame (5),5,wood frame (5),,,,,,
5ea1fcbfc2aeecdcc61c525e,M53247,8,otc alterations permit,2007-01-08T00:00:00.000,469,1,1800,Chestnut,St,street space permit,issued,2007-01-08T00:00:00.000,2007-01-08T00:00:00.000,2007-01-08T00:00:00.000,,,0,,,,2,Marina,94123,"{'latitude': '37.802121382823614', 'longitude': '-122.43313669004674', 'human_address': '{""address"": """", ""city"": """", ""state"": """", ""zip"": """"}'}",1.08E+12,,,,,,,,,,,,,,,
5ea1fcbfc2aeecdcc61c525f,M53322,8,otc alterations permit,2007-01-08T00:00:00.000,3557,034B,3394,16th,St,sidewalk permit only.,issued,2007-01-08T00:00:00.000,2007-01-08T00:00:00.000,2007-01-08T00:00:00.000,,,0,,,,8,Castro/Upper Market,94114,"{'latitude': '37.76472353477099', 'longitude': '-122.42849915281637', 'human_address': '{""address"": """", ""city"": """", ""state"": """", ""zip"": """"}'}",1.08E+12,,,,,,,,,,,,,,,
5ea1fcbfc2aeecdcc61c5260,2.01E+11,8,otc alterations permit,2007-01-08T00:00:00.000,3706,74,50,03rd,St,"selective interior and exterior non structural demolition on floors 1,3,4,35,36. this is for demo only. elec,hvac,life safety,sprinklers, and plumbing on separate permit",expired,2008-08-21T00:00:00.000,2007-01-08T00:00:00.000,2007-01-08T00:00:00.000,2008-01-08T00:00:00.000Z,50000,50000,tourist hotel/motel,tourist hotel/motel,2,6,Financial District/South Beach,94103,"{'latitude': '37.78652508124445', 'longitude': '-122.40309239617214', 'human_address': '{""address"": """", ""city"": """", ""state"": """", ""zip"": """"}'}",1.08E+12,,36,36,669,669,1,constr type 1,1,constr type 1,,,,,,
5ea1fcbfc2aeecdcc61c5261,2.01E+11,3,additions alterations or repairs,2007-01-08T00:00:00.000,6728,12,538,Laidley,St,revision to approved shoring permit 20609081752. changes to shoring details as per plan.,cancelled,2007-05-09T00:00:00.000,2007-01-08T00:00:00.000,2007-04-24T00:00:00.000,2008-04-24T00:00:00.000Z,5000,111397,1 family dwelling,1 family dwelling,2,8,Glen Park,94131,"{'latitude': '37.73581058873477', 'longitude': '-122.43163572082717', 'human_address': '{""address"": """", ""city"": """", ""state"": """", ""zip"": """"}'}",1.08E+12,,2,2,1,1,5,wood frame (5),5,wood frame (5),,,,,,
5ea1fcbfc2aeecdcc61c5262,2.01E+11,8,otc alterations permit,2007-01-08T00:00:00.000,5888,10,42,Stoneybrook,Av,"exploratory demolition, removal of sheetrock, kitchen cabinets, bathroom fixtures. no structural, plumbing or electrical work to be done. approx. 1000 sq ft affected.",expired,2007-08-09T00:00:00.000,2007-01-08T00:00:00.000,2007-01-08T00:00:00.000,2007-05-08T00:00:00.000Z,120,120,1 family dwelling,1 family dwelling,0,11,Excelsior,94112,"{'latitude': '37.73020279824909', 'longitude': '-122.4220399750276', 'human_address': '{""address"": """", ""city"": """", ""state"": """", ""zip"": """"}'}",1.08E+12,,1,1,1,1,5,wood frame (5),5,wood frame (5),,,,,,
5ea1fcbfc2aeecdcc61c5263,M53262,8,otc alterations permit,2007-01-08T00:00:00.000,7138,40,151,Sadowa,St,sidewalk & street space permit,issued,2007-01-08T00:00:00.000,2007-01-08T00:00:00.000,2007-01-08T00:00:00.000,,,0,,,,11,Oceanview/Merced/Ingleside,94112,"{'latitude': '37.71204994300267', 'longitude': '-122.45757157981087', 'human_address': '{""address"": """", ""city"": """", ""state"": """", ""zip"": """"}'}",1.08E+12,,,,,,,,,,,,,,,
5ea1fcbfc2aeecdcc61c5264,M53263,8,otc alterations permit,2007-01-08T00:00:00.000,1203,017A,500,Divisadero,St,street space permit only.,issued,2007-01-08T00:00:00.000,2007-01-08T00:00:00.000,2007-01-08T00:00:00.000,,,0,,,,5,Hayes Valley,94117,"{'latitude': '37.774221829873234', 'longitude': '-122.43736365601701', 'human_address': '{""address"": """", ""city"": """", ""state"": """", ""zip"": """"}'}",1.08E+11,,,,,,,,,,,,,,,
5ea1fcbfc2aeecdcc61c5265,2.01E+11,8,otc alterations permit,2007-01-08T00:00:00.000,7278,26,251,Lakeshore,Dr,reroofing,expired,2011-01-27T00:00:00.000,2007-01-08T00:00:00.000,2007-01-08T00:00:00.000,2007-07-08T00:00:00.000Z,7800,7800,1 family dwelling,1 family dwelling,0,7,Sunset/Parkside,94132,"{'latitude': '37.73058769818603', 'longitude': '-122.49728919052485', 'human_address': '{""address"": """", ""city"": """", ""state"": """", ""zip"": """"}'}",1.08E+12,,2,2,1,1,5,wood frame (5),5,wood frame (5),,,,,,
5ea1fcbfc2aeecdcc61c5266,M53264,8,otc alterations permit,2007-01-08T00:00:00.000,3588,12,3500,19th,St,street space permit,issued,2007-01-08T00:00:00.000,2007-01-08T00:00:00.000,2007-01-08T00:00:00.000,,,0,,,,8,Mission,94110,"{'latitude': '37.76030680163977', 'longitude': '-122.42176191224588', 'human_address': '{""address"": """", ""city"": """", ""state"": """", ""zip"": """"}'}",1.08E+12,,,,,,,,,,,,,V,,
5ea1fcbfc2aeecdcc61c5267,2.01E+11,3,additions alterations or repairs,2007-01-08T00:00:00.000,3616,7,2554,Mission,St,seismic upgrade - umb retrofit on existing brick building no other work no exterior work. interior only,cancelled,2014-01-10T00:00:00.000,2007-01-08T00:00:00.000,,,50000,,theater,theater,2,9,Mission,94110,"{'latitude': '37.75602740244032', 'longitude': '-122.419384045785', 'human_address': '{""address"": """", ""city"": """", ""state"": """", ""zip"": """"}'}",1.08E+12,,1,1,0,0,1,constr type 1,1,constr type 1,,,Y,,,
5ea1fcbfc2aeecdcc61c5268,2.01E+11,3,additions alterations or repairs,2007-01-08T00:00:00.000,1076,34,1635,Divisadero,St,"add 7 fire smoke dampers & associated duct smoke detector, add duct smoke detector for fcu-1 fan unit, add door holder.",complete,2007-02-12T00:00:00.000,2007-01-08T00:00:00.000,2007-02-09T00:00:00.000,2007-06-09T00:00:00.000Z,5000,5000,clinics-medic/dental,clinics-medic/dental,2,5,Japantown,94115,"{'latitude': '37.78473107445393', 'longitude': '-122.44038678313258', 'human_address': '{""address"": """", ""city"": """", ""state"": """", ""zip"": """"}'}",1.08E+11,,6,6,0,0,5,wood frame (5),5,wood frame (5),2007-02-12T00:00:00.000,,,,,
5ea1fcbfc2aeecdcc61c5269,2.01E+11,8,otc alterations permit,2007-01-08T00:00:00.000,2141,4,2051,21st,Av,"1)remodel 2nd floor bathroom, 2)remodel first: 2 new bedroom a new bathroom.",complete,2007-07-16T00:00:00.000,2007-01-08T00:00:00.000,2007-01-08T00:00:00.000,2008-01-08T00:00:00.000Z,55000,55000,1 family dwelling,1 family dwelling,2,4,Sunset/Parkside,94116,"{'latitude': '37.74943449716588', 'longitude': '-122.47861469125525', 'human_address': '{""address"": """", ""city"": """", ""state"": """", ""zip"": """"}'}",1.08E+12,,2,2,1,1,5,wood frame (5),5,wood frame (5),2007-07-16T00:00:00.000,,,,,
5ea1fcbfc2aeecdcc61c526a,2.01E+11,8,otc alterations permit,2007-01-08T00:00:00.000,1023,19,3066,California,St,provide continues handrail at rear stairs per nov# 200686611.,complete,2007-02-05T00:00:00.000,2007-01-08T00:00:00.000,2007-01-08T00:00:00.000,2007-05-08T00:00:00.000Z,500,500,2 family dwelling,2 family dwelling,0,2,Pacific Heights,94115,"{'latitude': '37.78779085205715', 'longitude': '-122.44493236836892', 'human_address': '{""address"": """", ""city"": """", ""state"": """", ""zip"": """"}'}",1.08E+11,,2,2,2,2,5,wood frame (5),5,wood frame (5),2007-02-05T00:00:00.000,,,,,
5ea1fcbfc2aeecdcc61c526b,2.01E+11,8,otc alterations permit,2007-01-08T00:00:00.000,1023,19,3068,California,St,provide continues handrail at rear stairs per nov# 200686611.,complete,2007-02-05T00:00:00.000,2007-01-08T00:00:00.000,2007-01-08T00:00:00.000,2007-05-08T00:00:00.000Z,500,500,2 family dwelling,2 family dwelling,0,2,Pacific Heights,94115,"{'latitude': '37.78779085205715', 'longitude': '-122.44493236836892', 'human_address': '{""address"": """", ""city"": """", ""state"": """", ""zip"": """"}'}",1.08E+12,,2,2,2,2,5,wood frame (5),5,wood frame (5),2007-02-05T00:00:00.000,,,,,
5ea1fcbfc2aeecdcc61c526c,2.01E+11,3,additions alterations or repairs,2007-01-08T00:00:00.000,7041,1,901,Delano,Av,"to comply with nov #200678869, legalize without-iron fence at lot permeter, visible from street",complete,2007-02-20T00:00:00.000,2007-01-08T00:00:00.000,2007-02-15T00:00:00.000,2007-06-15T00:00:00.000Z,5000,5000,1 family dwelling,1 family dwelling,2,11,Outer Mission,94112,"{'latitude': '37.71743259310787', 'longitude': '-122.44657848012999', 'human_address': '{""address"": """", ""city"": """", ""state"": """", ""zip"": """"}'}",1.08E+12,,1,1,1,1,5,wood frame (5),5,wood frame (5),2007-02-20T00:00:00.000,,,,,
5ea1fcbfc2aeecdcc61c526d,2.01E+11,4,sign - erect,2007-01-08T00:00:00.000,239,3,400,California,St,to erect non electrical sign,expired,2011-05-11T00:00:00.000,2007-01-08T00:00:00.000,2007-01-08T00:00:00.000,2007-05-08T00:00:00.000Z,3000,3000,office,,2,3,Financial District/South Beach,94104,"{'latitude': '37.79330429003971', 'longitude': '-122.40145899720684', 'human_address': '{""address"": """", ""city"": """", ""state"": """", ""zip"": """"}'}",1.08E+11,,6,,0,,1,constr type 1,,,,,,,,
5ea1fcbfc2aeecdcc61c526e,2.01E+11,8,otc alterations permit,2007-01-08T00:00:00.000,6021,18,735,Brazil,Av,reroofing.,complete,2007-01-12T00:00:00.000,2007-01-08T00:00:00.000,2007-01-08T00:00:00.000,2007-05-08T00:00:00.000Z,500,500,1 family dwelling,1 family dwelling,0,11,Excelsior,94112,"{'latitude': '37.72193592997478', 'longitude': '-122.42849890016886', 'human_address': '{""address"": """", ""city"": """", ""state"": """", ""zip"": """"}'}",1.08E+12,,,,,,,,,,2007-01-12T00:00:00.000,,,,,
5ea1fcbfc2aeecdcc61c526f,2.01E+11,8,otc alterations permit,2007-01-08T00:00:00.000,1435,19,3944,Geary,Bl,install a new power door. replace with an existing in the existing store front. required by inspector. (no exterior change).,complete,2007-01-11T00:00:00.000,2007-01-08T00:00:00.000,2007-01-08T00:00:00.000,2007-05-08T00:00:00.000Z,2000,2000,office,office,2,1,Inner Richmond,94118,"{'latitude': '37.78143821279548', 'longitude': '-122.46186631949541', 'human_address': '{""address"": """", ""city"": """", ""state"": """", ""zip"": """"}'}",1.08E+11,,2,2,0,0,5,wood frame (5),5,wood frame (5),2007-01-11T00:00:00.000,,,,,
5ea1fcbfc2aeecdcc61c5270,2.01E+11,8,otc alterations permit,2007-01-08T00:00:00.000,3622,88,3845,21st,St,install 2 bvent gass fire place in living room & dining room. also gas lines 2 fire place tile work framing & venting flues in (e) fire place locations. 4 ft. from property line (for flue exhaust termination) volor by miles (a dorm - v-vent),complete,2007-03-22T00:00:00.000,2007-01-08T00:00:00.000,2007-01-08T00:00:00.000,2007-05-08T00:00:00.000Z,5000,5000,1 family dwelling,1 family dwelling,0,8,Noe Valley,94114,"{'latitude': '37.75592161479431', 'longitude': '-122.43328639900626', 'human_address': '{""address"": """", ""city"": """", ""state"": """", ""zip"": """"}'}",1.08E+12,,1,1,1,1,5,wood frame (5),5,wood frame (5),2007-03-22T00:00:00.000,,,,,
5ea1fcbfc2aeecdcc61c5271,M53282,8,otc alterations permit,2007-01-08T00:00:00.000,3589,18,2294,Mission,St,sidewalk repair,issued,2007-01-08T00:00:00.000,2007-01-08T00:00:00.000,2007-01-08T00:00:00.000,,,0,,,,9,Mission,94110,"{'latitude': '37.760353806391464', 'longitude': '-122.41950214908498', 'human_address': '{""address"": """", ""city"": """", ""state"": """", ""zip"": """"}'}",1.08E+12,,,,,,,,,,,,,,,
5ea1fcbfc2aeecdcc61c5272,M53282,8,otc alterations permit,2007-01-08T00:00:00.000,3589,18,2298,Mission,St,sidewalk repair,issued,2007-01-08T00:00:00.000,2007-01-08T00:00:00.000,2007-01-08T00:00:00.000,,,0,,,,9,Mission,94110,"{'latitude': '37.760353806391464', 'longitude': '-122.41950214908498', 'human_address': '{""address"": """", ""city"": """", ""state"": """", ""zip"": """"}'}",1.08E+12,,,,,,,,,,,,,,,
5ea1fcbfc2aeecdcc61c5273,2.01E+11,8,otc alterations permit,2007-01-08T00:00:00.000,5353B,17,391,Bridgeview,Dr,replace 11 (e) aluminum window for vinyl windows. same side. all window expos to the street & repair dry rot framing around the windows at the bottom.,complete,2007-03-08T00:00:00.000,2007-01-08T00:00:00.000,2007-01-08T00:00:00.000,2007-05-08T00:00:00.000Z,5000,5000,apartments,apartments,0,10,Bayview Hunters Point,94124,"{'latitude': '37.73184677446267', 'longitude': '-122.39917449595373', 'human_address': '{""address"": """", ""city"": """", ""state"": """", ""zip"": """"}'}",1.08E+12,,2,2,6,6,5,wood frame (5),5,wood frame (5),2007-03-08T00:00:00.000,,,,,
5ea1fcbfc2aeecdcc61c5274,2.01E+11,8,otc alterations permit,2007-01-08T00:00:00.000,3561,50,19,Beaver,St,comply with nov# 200672451: file building permit to re-construct decks at two levels located at the rear of property. same configuration and dimension as original.,complete,2007-04-12T00:00:00.000,2007-01-08T00:00:00.000,2007-01-08T00:00:00.000,2007-07-08T00:00:00.000Z,20000,20000,2 family dwelling,2 family dwelling,2,8,Castro/Upper Market,94114,"{'latitude': '37.76477113622918', 'longitude': '-122.4339802424823', 'human_address': '{""address"": """", ""city"": """", ""state"": """", ""zip"": """"}'}",1.08E+12,,3,3,2,2,5,wood frame (5),5,wood frame (5),2007-04-12T00:00:00.000,Y,,,,
5ea1fcbfc2aeecdcc61c5275,M53302,8,otc alterations permit,2007-01-08T00:00:00.000,868,28,363,Waller,St,street space,issued,2007-01-08T00:00:00.000,2007-01-08T00:00:00.000,2007-01-08T00:00:00.000,,,0,,,,5,Hayes Valley,94117,"{'latitude': '37.77100130777788', 'longitude': '-122.42955807750755', 'human_address': '{""address"": """", ""city"": """", ""state"": """", ""zip"": """"}'}",1.08E+12,,,,,,,,,,,,,,,
5ea1fcbfc2aeecdcc61c5276,2.01E+11,8,otc alterations permit,2007-01-08T00:00:00.000,6015,26,275,London,St,"repair/replace in like kind, landing, railing, stairs, slab repair, garden wall repair. at front of property.",complete,2007-04-05T00:00:00.000,2007-01-08T00:00:00.000,2007-01-08T00:00:00.000,2007-07-08T00:00:00.000Z,11000,11000,1 family dwelling,1 family dwelling,2,11,Excelsior,94112,"{'latitude': '37.724590217510226', 'longitude': '-122.43347959263113', 'human_address': '{""address"": """", ""city"": """", ""state"": """", ""zip"": """"}'}",1.08E+12,,2,2,1,1,5,wood frame (5),5,wood frame (5),2007-04-05T00:00:00.000,,,,,
5ea1fcbfc2aeecdcc61c5277,2.01E+11,8,otc alterations permit,2007-01-08T00:00:00.000,3589,72,130,Lexington,St,"work @ units at 132a only. remodel (e) kitchen & bathroom. remove all finishes & fixtures & install new cabinetry, appliances, electrical & plumbing. this project does not involve new horizontal or vertical square footage. there is no change to the envelope of the building. remove 1 non-load",complete,2007-06-05T00:00:00.000,2007-01-08T00:00:00.000,2007-01-08T00:00:00.000,2008-01-08T00:00:00.000Z,50000,50000,apartments,apartments,2,9,Mission,94110,"{'latitude': '37.76117421311917', 'longitude': '-122.42096726825925', 'human_address': '{""address"": """", ""city"": """", ""state"": """", ""zip"": """"}'}",1.08E+12,,3,3,4,4,5,wood frame (5),5,wood frame (5),2007-06-05T00:00:00.000,,,,,
5ea1fcbfc2aeecdcc61c5278,2.01E+11,8,otc alterations permit,2007-01-08T00:00:00.000,3589,72,130,Lexington,St,"work @ units at 132a only. remodel (e) kitchen & bathroom. remove all finishes & fixtures & install new cabinetry, appliances, electrical & plumbing. this project does not involve new horizontal or vertical square footage. there is no change to the envelope of the building. remove 1 non-load",complete,2007-06-05T00:00:00.000,2007-01-08T00:00:00.000,2007-01-08T00:00:00.000,2008-01-08T00:00:00.000Z,50000,50000,apartments,apartments,2,9,Mission,94110,"{'latitude': '37.76117421311917', 'longitude': '-122.42096726825925', 'human_address': '{""address"": """", ""city"": """", ""state"": """", ""zip"": """"}'}",1.08E+12,,3,3,4,4,5,wood frame (5),5,wood frame (5),2007-06-05T00:00:00.000,,,A,,
5ea1fcbfc2aeecdcc61c5279,2.01E+11,8,otc alterations permit,2007-01-08T00:00:00.000,3589,72,132,Lexington,St,"work @ units at 132a only. remodel (e) kitchen & bathroom. remove all finishes & fixtures & install new cabinetry, appliances, electrical & plumbing. this project does not involve new horizontal or vertical square footage. there is no change to the envelope of the building. remove 1 non-load",complete,2007-06-05T00:00:00.000,2007-01-08T00:00:00.000,2007-01-08T00:00:00.000,2008-01-08T00:00:00.000Z,50000,50000,apartments,apartments,2,9,Mission,94110,"{'latitude': '37.76117421311917', 'longitude': '-122.42096726825925', 'human_address': '{""address"": """", ""city"": """", ""state"": """", ""zip"": """"}'}",1.08E+12,,3,3,4,4,5,wood frame (5),5,wood frame (5),2007-06-05T00:00:00.000,,,,,
5ea1fcbfc2aeecdcc61c527a,2.01E+11,8,otc alterations permit,2007-01-08T00:00:00.000,3589,72,132,Lexington,St,"work @ units at 132a only. remodel (e) kitchen & bathroom. remove all finishes & fixtures & install new cabinetry, appliances, electrical & plumbing. this project does not involve new horizontal or vertical square footage. there is no change to the envelope of the building. remove 1 non-load",complete,2007-06-05T00:00:00.000,2007-01-08T00:00:00.000,2007-01-08T00:00:00.000,2008-01-08T00:00:00.000Z,50000,50000,apartments,apartments,2,9,Mission,94110,"{'latitude': '37.76117421311917', 'longitude': '-122.42096726825925', 'human_address': '{""address"": """", ""city"": """", ""state"": """", ""zip"": """"}'}",1.08E+12,,3,3,4,4,5,wood frame (5),5,wood frame (5),2007-06-05T00:00:00.000,,,A,,
5ea1fcbfc2aeecdcc61c527b,2.01E+11,3,additions alterations or repairs,2007-01-08T00:00:00.000,6748,60,4080,Mission,St,installation of 2 micro panel antennas mounted on (e) wall with the associated equipment cabinet mounted on a concrete slab at ground level.,cancelled,2007-12-11T00:00:00.000,2007-01-08T00:00:00.000,,,65000,65000,public assmbly other,public assmbly other,2,8,Outer Mission,94112,"{'latitude': '37.732466227106244', 'longitude': '-122.42802832154999', 'human_address': '{""address"": """", ""city"": """", ""state"": """", ""zip"": """"}'}",1.08E+12,,2,2,0,0,5,wood frame (5),5,wood frame (5),,,,,,
5ea1fcbfc2aeecdcc61c527c,2.01E+11,8,otc alterations permit,2007-01-08T00:00:00.000,5617,41,161,Prospect,Av,comply with 3r-4515.,complete,2007-05-08T00:00:00.000,2007-01-08T00:00:00.000,2007-01-08T00:00:00.000,2007-05-08T00:00:00.000Z,5000,5000,2 family dwelling,2 family dwelling,0,9,Bernal Heights,94110,"{'latitude': '37.74258241121436', 'longitude': '-122.41901743381644', 'human_address': '{""address"": """", ""city"": """", ""state"": """", ""zip"": """"}'}",1.08E+12,,2,2,2,2,5,wood frame (5),5,wood frame (5),2007-05-08T00:00:00.000,,,,,
5ea1fcbfc2aeecdcc61c527d,M53322,8,otc alterations permit,2007-01-08T00:00:00.000,3557,034B,3398,16th,St,sidewalk permit only.,issued,2007-01-08T00:00:00.000,2007-01-08T00:00:00.000,2007-01-08T00:00:00.000,,,0,,,,8,Castro/Upper Market,94114,"{'latitude': '37.76472353477099', 'longitude': '-122.42849915281637', 'human_address': '{""address"": """", ""city"": """", ""state"": """", ""zip"": """"}'}",1.08E+12,,,,,,,,,,,,,,,
5ea1fcbfc2aeecdcc61c527e,2.01E+11,3,additions alterations or repairs,2007-01-08T00:00:00.000,5705,1,400,Ellsworth,St,revision to approved & application #2005408180599 reducing  size of horizontal addition and associated scope of work.,cancelled,2010-01-14T00:00:00.000,2007-01-08T00:00:00.000,,,1,,1 family dwelling,1 family dwelling,2,9,Bernal Heights,94110,"{'latitude': '37.738293769444816', 'longitude': '-122.4148081926207', 'human_address': '{""address"": """", ""city"": """", ""state"": """", ""zip"": """"}'}",1.08E+12,,2,2,1,1,5,wood frame (5),5,wood frame (5),,,,,,
5ea1fcbfc2aeecdcc61c527f,2.01E+11,8,otc alterations permit,2007-01-08T00:00:00.000,8721,10,550,Terry Francois,Bl,fire system hood hook up-4 hoods. installation of an ansel system.,complete,2007-02-01T00:00:00.000,2007-01-08T00:00:00.000,2007-01-08T00:00:00.000,2007-07-08T00:00:00.000Z,6000,6000,office,office,2,6,Mission Bay,94158,"{'latitude': '37.77037419989841', 'longitude': '-122.38706970561316', 'human_address': '{""address"": """", ""city"": """", ""state"": """", ""zip"": """"}'}",1.08E+12,,5,5,0,0,1,constr type 1,1,constr type 1,2007-02-01T00:00:00.000,,,,,
5ea1fcbfc2aeecdcc61c5280,2.01E+11,3,additions alterations or repairs,2007-01-08T00:00:00.000,1524,37,5625,Geary,Bl,"tenant improvements include dropping portion of ceiling, elec. & plumbing work for equipment related to retail sales of baked goods & sandwiches. no commercial baking to be done in space.",complete,2007-10-18T00:00:00.000,2007-01-08T00:00:00.000,2007-02-27T00:00:00.000,2007-08-27T00:00:00.000Z,8000,10000,food/beverage hndlng,retail sales,2,1,Outer Richmond,94121,"{'latitude': '37.77999978422312', 'longitude': '-122.47998239433109', 'human_address': '{""address"": """", ""city"": """", ""state"": """", ""zip"": """"}'}",1.08E+12,,1,1,0,0,5,wood frame (5),5,wood frame (5),2007-10-18T00:00:00.000,,,,,
5ea1fcbfc2aeecdcc61c5281,2.01E+11,8,otc alterations permit,2007-01-08T00:00:00.000,1251,1,701,Cole,St,reroofing,complete,2007-01-31T00:00:00.000,2007-01-08T00:00:00.000,2007-01-08T00:00:00.000,2007-05-08T00:00:00.000Z,4000,4000,apartments,apartments,0,5,Haight Ashbury,94117,"{'latitude': '37.76843448650126', 'longitude': '-122.45075761063231', 'human_address': '{""address"": """", ""city"": """", ""state"": """", ""zip"": """"}'}",1.08E+11,,,,,,,,,,2007-01-31T00:00:00.000,,,,,
5ea1fcbfc2aeecdcc61c5282,2.01E+11,3,additions alterations or repairs,2007-01-08T00:00:00.000,6561,19,4384,Cesar Chavez,St,new deck and replacement stairs at rear of house.,complete,2007-07-18T00:00:00.000,2007-01-08T00:00:00.000,2007-05-08T00:00:00.000,2007-11-08T00:00:00.000Z,13372.7,13372,1 family dwelling,1 family dwelling,2,8,Noe Valley,94131,"{'latitude': '37.747243998838805', 'longitude': '-122.43777084309289', 'human_address': '{""address"": """", ""city"": """", ""state"": """", ""zip"": """"}'}",1.08E+12,,2,2,1,1,5,wood frame (5),5,wood frame (5),2007-07-18T00:00:00.000,Y,,,,
5ea1fcbfc2aeecdcc61c5283,2.01E+11,7,wall or painted sign,2007-01-08T00:00:00.000,1524,37,5625,Geary,Bl,erect painted sign.,complete,2007-10-18T00:00:00.000,2007-01-08T00:00:00.000,2007-01-09T00:00:00.000,2007-05-09T00:00:00.000Z,300,,,,2,1,Outer Richmond,94121,"{'latitude': '37.77999978422312', 'longitude': '-122.47998239433109', 'human_address': '{""address"": """", ""city"": """", ""state"": """", ""zip"": """"}'}",1.08E+12,,,,,,,,,,2007-10-18T00:00:00.000,,,,,
5ea1fcbfc2aeecdcc61c5284,2.01E+11,8,otc alterations permit,2007-01-08T00:00:00.000,3046,12,125,San Felipe,Av,revision to 200602084072 - to add one window at front facade and one window at side (north) facade.,complete,2007-05-25T00:00:00.000,2007-01-08T00:00:00.000,2007-01-08T00:00:00.000,2007-05-08T00:00:00.000Z,1200,1200,1 family dwelling,1 family dwelling,2,7,West of Twin Peaks,94127,"{'latitude': '37.731534253936516', 'longitude': '-122.46274719997604', 'human_address': '{""address"": """", ""city"": """", ""state"": """", ""zip"": """"}'}",1.08E+12,,3,3,1,1,5,wood frame (5),5,wood frame (5),2007-05-25T00:00:00.000,,,,,
5ea1fcbfc2aeecdcc61c5285,2.01E+11,8,otc alterations permit,2007-01-08T00:00:00.000,808,5,401,Gough,St,"replace glass and repair base of them because there are some dry rot. elimination of handrail, installation of (n) handrail.",complete,2007-02-07T00:00:00.000,2007-01-08T00:00:00.000,2007-01-08T00:00:00.000,2007-07-08T00:00:00.000Z,8000,8000,apartments,apartments,2,5,Hayes Valley,94102,"{'latitude': '37.777077916850445', 'longitude': '-122.4231850467484', 'human_address': '{""address"": """", ""city"": """", ""state"": """", ""zip"": """"}'}",1.08E+12,0,4,4,30,30,5,wood frame (5),5,wood frame (5),2007-02-07T00:00:00.000,,,,,
5ea1fcbfc2aeecdcc61c5286,2.01E+11,8,otc alterations permit,2007-01-08T00:00:00.000,7546,102,105,Addison,St,renew for final 200605040781,complete,2007-01-24T00:00:00.000,2007-01-08T00:00:00.000,2007-01-09T00:00:00.000,2007-05-09T00:00:00.000Z,1,1,apartments,apartments,0,8,Glen Park,94131,"{'latitude': '37.73731250817515', 'longitude': '-122.4315896633941', 'human_address': '{""address"": """", ""city"": """", ""state"": """", ""zip"": """"}'}",1.08E+12,,2,2,4,4,5,wood frame (5),5,wood frame (5),2007-01-24T00:00:00.000,,,,,
5ea1fcbfc2aeecdcc61c5287,2.01E+11,8,otc alterations permit,2007-01-08T00:00:00.000,7546,102,117,Addison,St,renew for final 200605040781,complete,2007-01-24T00:00:00.000,2007-01-08T00:00:00.000,2007-01-09T00:00:00.000,2007-05-09T00:00:00.000Z,1,1,apartments,apartments,0,8,Glen Park,94131,"{'latitude': '37.73731250817515', 'longitude': '-122.4315896633941', 'human_address': '{""address"": """", ""city"": """", ""state"": """", ""zip"": """"}'}",1.08E+12,,2,2,4,4,5,wood frame (5),5,wood frame (5),2007-01-24T00:00:00.000,,,,,
5ea1fcbfc2aeecdcc61c5288,2.01E+11,8,otc alterations permit,2007-01-08T00:00:00.000,7546,102,57,Addison,St,renew for final 200605080643,complete,2007-01-23T00:00:00.000,2007-01-08T00:00:00.000,2007-01-09T00:00:00.000,2007-05-09T00:00:00.000Z,1,1,apartments,apartments,0,8,Glen Park,94131,"{'latitude': '37.73731250817515', 'longitude': '-122.4315896633941', 'human_address': '{""address"": """", ""city"": """", ""state"": """", ""zip"": """"}'}",1.08E+12,,2,2,4,4,5,wood frame (5),5,wood frame (5),2007-01-23T00:00:00.000,,,,,
5ea1fcbfc2aeecdcc61c5289,2.01E+11,8,otc alterations permit,2007-01-08T00:00:00.000,7546,102,69,Addison,St,renew for final 200605080643,complete,2007-01-23T00:00:00.000,2007-01-08T00:00:00.000,2007-01-09T00:00:00.000,2007-05-09T00:00:00.000Z,1,1,apartments,apartments,0,8,Glen Park,94131,"{'latitude': '37.73731250817515', 'longitude': '-122.4315896633941', 'human_address': '{""address"": """", ""city"": """", ""state"": """", ""zip"": """"}'}",1.08E+12,,2,2,4,4,5,wood frame (5),5,wood frame (5),2007-01-23T00:00:00.000,,,,,
5ea1fcbfc2aeecdcc61c528a,2.01E+11,8,otc alterations permit,2007-01-08T00:00:00.000,7546,102,41,Addison,St,renew for final 200605040764,complete,2007-01-23T00:00:00.000,2007-01-08T00:00:00.000,2007-01-09T00:00:00.000,2007-05-09T00:00:00.000Z,1,1,apartments,apartments,0,8,Glen Park,94131,"{'latitude': '37.73731250817515', 'longitude': '-122.4315896633941', 'human_address': '{""address"": """", ""city"": """", ""state"": """", ""zip"": """"}'}",1.08E+12,,2,2,4,4,5,wood frame (5),5,wood frame (5),2007-01-23T00:00:00.000,,,,,
5ea1fcbfc2aeecdcc61c528b,2.01E+11,8,otc alterations permit,2007-01-08T00:00:00.000,7546,102,53,Addison,St,renew for final 200605040764,complete,2007-01-23T00:00:00.000,2007-01-08T00:00:00.000,2007-01-09T00:00:00.000,2007-05-09T00:00:00.000Z,1,1,apartments,apartments,0,8,Glen Park,94131,"{'latitude': '37.73731250817515', 'longitude': '-122.4315896633941', 'human_address': '{""address"": """", ""city"": """", ""state"": """", ""zip"": """"}'}",1.08E+12,,2,2,4,4,5,wood frame (5),5,wood frame (5),2007-01-23T00:00:00.000,,,,,
5ea1fcbfc2aeecdcc61c528c,2.01E+11,8,otc alterations permit,2007-01-08T00:00:00.000,7555,101,341,Arbor,St,renew for final 200610216268,complete,2007-02-01T00:00:00.000,2007-01-08T00:00:00.000,2007-01-09T00:00:00.000,2007-05-09T00:00:00.000Z,1,1,apartments,apartments,0,8,Glen Park,94131,"{'latitude': '37.737505895880645', 'longitude': '-122.43899380525221', 'human_address': '{""address"": """", ""city"": """", ""state"": """", ""zip"": """"}'}",1.08E+12,,2,2,4,4,5,wood frame (5),5,wood frame (5),2007-02-01T00:00:00.000,,,,,
5ea1fcbfc2aeecdcc61c528d,2.01E+11,8,otc alterations permit,2007-01-08T00:00:00.000,7555,101,359,Arbor,St,renew for final 200610216268,complete,2007-02-01T00:00:00.000,2007-01-08T00:00:00.000,2007-01-09T00:00:00.000,2007-05-09T00:00:00.000Z,1,1,apartments,apartments,0,8,Glen Park,94131,"{'latitude': '37.737505895880645', 'longitude': '-122.43899380525221', 'human_address': '{""address"": """", ""city"": """", ""state"": """", ""zip"": """"}'}",1.08E+12,,2,2,4,4,5,wood frame (5),5,wood frame (5),2007-02-01T00:00:00.000,,,,,
5ea1fcbfc2aeecdcc61c528e,2.01E+11,8,otc alterations permit,2007-01-08T00:00:00.000,7551,102,254,Moreland,St,renew for final 200605030544,complete,2007-02-01T00:00:00.000,2007-01-08T00:00:00.000,2007-01-09T00:00:00.000,2007-05-09T00:00:00.000Z,1,1,apartments,apartments,0,8,Glen Park,94131,"{'latitude': '37.73886881019352', 'longitude': '-122.43579174541675', 'human_address': '{""address"": """", ""city"": """", ""state"": """", ""zip"": """"}'}",1.08E+12,,2,2,7,7,5,wood frame (5),5,wood frame (5),2007-02-01T00:00:00.000,,,,,
5ea1fcbfc2aeecdcc61c528f,2.01E+11,8,otc alterations permit,2007-01-08T00:00:00.000,7551,102,290,Moreland,St,renew for final 200605030544,complete,2007-02-01T00:00:00.000,2007-01-08T00:00:00.000,2007-01-09T00:00:00.000,2007-05-09T00:00:00.000Z,1,1,apartments,apartments,0,8,Glen Park,94131,"{'latitude': '37.73886881019352', 'longitude': '-122.43579174541675', 'human_address': '{""address"": """", ""city"": """", ""state"": """", ""zip"": """"}'}",1.08E+12,,2,2,7,7,5,wood frame (5),5,wood frame (5),2007-02-01T00:00:00.000,,,,,
5ea1fcbfc2aeecdcc61c5290,2.01E+11,8,otc alterations permit,2007-01-08T00:00:00.000,7555,101,365,Arbor,St,renew for final 200510216288,complete,2007-01-26T00:00:00.000,2007-01-08T00:00:00.000,2007-01-09T00:00:00.000,2007-05-09T00:00:00.000Z,1,1,apartments,apartments,0,8,Glen Park,94131,"{'latitude': '37.737505895880645', 'longitude': '-122.43899380525221', 'human_address': '{""address"": """", ""city"": """", ""state"": """", ""zip"": """"}'}",1.08E+12,,2,2,6,6,5,wood frame (5),5,wood frame (5),2007-01-26T00:00:00.000,,,,,
5ea1fcbfc2aeecdcc61c5291,2.01E+11,8,otc alterations permit,2007-01-08T00:00:00.000,7555,101,393,Arbor,St,renew for final 200510216288,complete,2007-01-26T00:00:00.000,2007-01-08T00:00:00.000,2007-01-09T00:00:00.000,2007-05-09T00:00:00.000Z,1,1,apartments,apartments,0,8,Glen Park,94131,"{'latitude': '37.737505895880645', 'longitude': '-122.43899380525221', 'human_address': '{""address"": """", ""city"": """", ""state"": """", ""zip"": """"}'}",1.08E+12,0,2,2,6,6,5,wood frame (5),5,wood frame (5),2007-01-26T00:00:00.000,,,,,
5ea1fcbfc2aeecdcc61c5292,2.01E+11,8,otc alterations permit,2007-01-08T00:00:00.000,7546,102,25,Addison,St,renew for final 200605080943,complete,2007-01-23T00:00:00.000,2007-01-08T00:00:00.000,2007-01-09T00:00:00.000,2007-05-09T00:00:00.000Z,1,1,apartments,apartments,0,8,Glen Park,94131,"{'latitude': '37.73731250817515', 'longitude': '-122.4315896633941', 'human_address': '{""address"": """", ""city"": """", ""state"": """", ""zip"": """"}'}",1.08E+12,0,2,2,4,4,5,wood frame (5),5,wood frame (5),2007-01-23T00:00:00.000,,,,,
5ea1fcbfc2aeecdcc61c5293,2.01E+11,8,otc alterations permit,2007-01-08T00:00:00.000,7546,102,37,Addison,St,renew for final 200605080943,complete,2007-01-23T00:00:00.000,2007-01-08T00:00:00.000,2007-01-09T00:00:00.000,2007-05-09T00:00:00.000Z,1,1,apartments,apartments,0,8,Glen Park,94131,"{'latitude': '37.73731250817515', 'longitude': '-122.4315896633941', 'human_address': '{""address"": """", ""city"": """", ""state"": """", ""zip"": """"}'}",1.08E+12,,2,2,4,4,5,wood frame (5),5,wood frame (5),2007-01-23T00:00:00.000,,,,,
5ea1fcbfc2aeecdcc61c5294,2.01E+11,3,additions alterations or repairs,2007-01-08T00:00:00.000,124,33,2152,Larkin,St,"combine (e) commercial unit with (e) residential unit and upgrade foundation, remodel entire building for a resulting two level residential unit.",complete,2007-12-03T00:00:00.000,2007-01-08T00:00:00.000,2007-03-21T00:00:00.000,2008-03-21T00:00:00.000Z,75000,75000,office,1 family dwelling,2,3,Russian Hill,94109,"{'latitude': '37.797856205649545', 'longitude': '-122.42019713789395', 'human_address': '{""address"": """", ""city"": """", ""state"": """", ""zip"": """"}'}",1.09E+11,,2,2,1,1,5,wood frame (5),5,wood frame (5),2007-12-03T00:00:00.000,,,,,
5ea1fcbfc2aeecdcc61c5295,2.01E+11,3,additions alterations or repairs,2007-01-08T00:00:00.000,124,33,2154,Larkin,St,"combine (e) commercial unit with (e) residential unit and upgrade foundation, remodel entire building for a resulting two level residential unit.",complete,2007-12-03T00:00:00.000,2007-01-08T00:00:00.000,2007-03-21T00:00:00.000,2008-03-21T00:00:00.000Z,75000,75000,office,1 family dwelling,2,3,Russian Hill,94109,"{'latitude': '37.797856205649545', 'longitude': '-122.42019713789395', 'human_address': '{""address"": """", ""city"": """", ""state"": """", ""zip"": """"}'}",1.09E+12,,2,2,1,1,5,wood frame (5),5,wood frame (5),2007-12-03T00:00:00.000,,,,,
5ea1fcbfc2aeecdcc61c5296,2.01E+11,8,otc alterations permit,2007-01-08T00:00:00.000,4217,17,1275,Rhode Island,St,"remodel of existing kitchen, fixtures and finishes. work to be done in 1275a only. no sructural work. new floor, new cabinets, neew drywall, all flourescent lighting in kitchen.",expired,2008-10-27T00:00:00.000,2007-01-08T00:00:00.000,2007-01-08T00:00:00.000,2007-07-08T00:00:00.000Z,10000,10000,apartments,apartments,0,10,Potrero Hill,94107,"{'latitude': '37.75364171935237', 'longitude': '-122.4011888184814', 'human_address': '{""address"": """", ""city"": """", ""state"": """", ""zip"": """"}'}",1.15E+12,,3,3,3,3,5,wood frame (5),5,wood frame (5),,,,A,,
5ea1fcc0c2aeecdcc61c5297,M53403,8,otc alterations permit,2007-01-09T00:00:00.000,3637,20,3282,23rd,St,sidewalk permit,issued,2007-01-09T00:00:00.000,2007-01-09T00:00:00.000,2007-01-09T00:00:00.000,,,0,,,,9,Mission,94110,"{'latitude': '37.754000284958515', 'longitude': '-122.41825362317647', 'human_address': '{""address"": """", ""city"": """", ""state"": """", ""zip"": """"}'}",1.08E+12,,,,,,,,,,,,,,,
5ea1fcc0c2aeecdcc61c5298,2.01E+11,8,otc alterations permit,2007-01-09T00:00:00.000,5676,12,73,Holly Park,Cr,reroofing,complete,2007-01-16T00:00:00.000,2007-01-09T00:00:00.000,2007-01-09T00:00:00.000,2007-07-09T00:00:00.000Z,10000,10000,1 family dwelling,1 family dwelling,0,9,Bernal Heights,94110,"{'latitude': '37.738432928642624', 'longitude': '-122.41942801134961', 'human_address': '{""address"": """", ""city"": """", ""state"": """", ""zip"": """"}'}",1.08E+12,,,,,,,,,,2007-01-16T00:00:00.000,,,,,
5ea1fcc0c2aeecdcc61c5299,2.01E+11,3,additions alterations or repairs,2007-01-09T00:00:00.000,5523,7,3240,Folsom,St,"new beam, posts and foundation. replace existing storefront with new design for energy eff. new vestibule entry proposed.",complete,2008-06-23T00:00:00.000,2007-01-09T00:00:00.000,2007-06-19T00:00:00.000,2008-06-19T00:00:00.000Z,40000,40000,1 family dwelling,1 family dwelling,2,9,Bernal Heights,94110,"{'latitude': '37.74629885482387', 'longitude': '-122.41376893070242', 'human_address': '{""address"": """", ""city"": """", ""state"": """", ""zip"": """"}'}",1.08E+12,,2,2,1,1,5,wood frame (5),5,wood frame (5),2008-06-23T00:00:00.000,,,,,
5ea1fcc0c2aeecdcc61c529a,2.01E+11,8,otc alterations permit,2007-01-09T00:00:00.000,150,1,1001,Vallejo,St,"install new closets/cabinets his&hers. replace exist dryrot window & french doors with new of master bedroom. take out exist zero clearence fireplace.install new fixtures & cabinets in master bathroom.install new sheetrock, trim, door, paint etc as needed. on 3rd floor. no structural work.",expired,2009-03-17T00:00:00.000,2007-01-09T00:00:00.000,2007-01-09T00:00:00.000,2007-07-09T00:00:00.000Z,10000,10000,1 family dwelling,1 family dwelling,0,3,Nob Hill,94133,"{'latitude': '37.797690134141064', 'longitude': '-122.4139586712082', 'human_address': '{""address"": """", ""city"": """", ""state"": """", ""zip"": """"}'}",1.08E+12,0,4,4,1,1,5,wood frame (5),5,wood frame (5),,,,,,
5ea1fcc0c2aeecdcc61c529b,2.01E+11,8,otc alterations permit,2007-01-09T00:00:00.000,8706,1,255,King,St,altheration to existing fire sprinkler system for fury tales at 225 king st,complete,2007-04-20T00:00:00.000,2007-01-09T00:00:00.000,2007-01-09T00:00:00.000,2007-05-09T00:00:00.000Z,3000,3000,food/beverage hndlng,food/beverage hndlng,2,,,,,1.08E+12,,1,1,0,0,3,constr type 3,3,constr type 3,2007-04-20T00:00:00.000,,,,,
5ea1fcc0c2aeecdcc61c529c,2.01E+11,8,otc alterations permit,2007-01-09T00:00:00.000,1732,38,1230,19th,Av,install fire alarm system to new building.,complete,2008-01-25T00:00:00.000,2007-01-09T00:00:00.000,2007-01-09T00:00:00.000,2007-07-09T00:00:00.000Z,8000,8000,apartments,apartments,2,4,Inner Sunset,94122,"{'latitude': '37.76475098897441', 'longitude': '-122.476879531183', 'human_address': '{""address"": """", ""city"": """", ""state"": """", ""zip"": """"}'}",1.08E+12,,4,4,3,3,5,wood frame (5),5,wood frame (5),2008-01-25T00:00:00.000,,,,,
5ea1fcc0c2aeecdcc61c529d,2.01E+11,8,otc alterations permit,2007-01-09T00:00:00.000,1732,38,1230,19th,Av,install fire alarm system to new building.,complete,2008-01-25T00:00:00.000,2007-01-09T00:00:00.000,2007-01-09T00:00:00.000,2007-07-09T00:00:00.000Z,8000,8000,apartments,apartments,2,4,Inner Sunset,94122,"{'latitude': '37.76475098897441', 'longitude': '-122.476879531183', 'human_address': '{""address"": """", ""city"": """", ""state"": """", ""zip"": """"}'}",1.08E+12,,4,4,3,3,5,wood frame (5),5,wood frame (5),2008-01-25T00:00:00.000,,,A,,
5ea1fcc0c2aeecdcc61c529e,2.01E+11,8,otc alterations permit,2007-01-09T00:00:00.000,1732,38,1230,19th,Av,install fire alarm system to new building.,complete,2008-01-25T00:00:00.000,2007-01-09T00:00:00.000,2007-01-09T00:00:00.000,2007-07-09T00:00:00.000Z,8000,8000,apartments,apartments,2,4,Inner Sunset,94122,"{'latitude': '37.76475098897441', 'longitude': '-122.476879531183', 'human_address': '{""address"": """", ""city"": """", ""state"": """", ""zip"": """"}'}",1.08E+12,,4,4,3,3,5,wood frame (5),5,wood frame (5),2008-01-25T00:00:00.000,,,B,,
5ea1fcc0c2aeecdcc61c529f,2.01E+11,8,otc alterations permit,2007-01-09T00:00:00.000,3735,59,201,03rd,St,"10th floor - addition/relocation of fire alarm devices to existing fire alarm panel i.i. on the 10th floor. 3 smokes, 16 speakers, 18 strobes.",complete,2007-06-15T00:00:00.000,2007-01-09T00:00:00.000,2007-01-09T00:00:00.000,2007-07-09T00:00:00.000Z,7100,7100,office,office,2,6,Financial District/South Beach,94105,"{'latitude': '37.78505019968743', 'longitude': '-122.39981703570176', 'human_address': '{""address"": """", ""city"": """", ""state"": """", ""zip"": """"}'}",1.08E+12,,12,12,0,0,1,constr type 1,1,constr type 1,2007-06-15T00:00:00.000,,,,,
5ea1fcc0c2aeecdcc61c52a0,2.01E+11,8,otc alterations permit,2007-01-09T00:00:00.000,3501,2,30,Guerrero,St,install fire alarm system to new building.,issued,2007-01-09T00:00:00.000,2007-01-09T00:00:00.000,2007-01-09T00:00:00.000,2007-07-09T00:00:00.000Z,8000,8000,apartments,apartments,2,8,Mission,94103,"{'latitude': '37.770149558214804', 'longitude': '-122.4249916224382', 'human_address': '{""address"": """", ""city"": """", ""state"": """", ""zip"": """"}'}",1.08E+12,,4,4,3,3,5,wood frame (5),5,wood frame (5),,,,,,
5ea1fcc0c2aeecdcc61c52a1,2.01E+11,8,otc alterations permit,2007-01-09T00:00:00.000,3788,44,680,02nd,St,install preaction defection and notification devices to 2nd floor server room #211. pre-action riser located in room 206. 200611147579,complete,2007-07-24T00:00:00.000,2007-01-09T00:00:00.000,2007-01-09T00:00:00.000,2007-05-09T00:00:00.000Z,1000,1000,office,office,2,6,Financial District/South Beach,94107,"{'latitude': '37.78069682790208', 'longitude': '-122.39123177386239', 'human_address': '{""address"": """", ""city"": """", ""state"": """", ""zip"": """"}'}",1.08E+12,,5,5,0,0,4,constr type 4,4,constr type 4,2007-07-24T00:00:00.000,,,,,
5ea1fcc0c2aeecdcc61c52a2,2.01E+11,8,otc alterations permit,2007-01-09T00:00:00.000,238,1,275,Battery,St,"oti-4 8th floor, ls.",complete,2007-01-18T00:00:00.000,2007-01-09T00:00:00.000,2007-01-09T00:00:00.000,2007-07-09T00:00:00.000Z,10000,10000,office,office,2,3,Financial District/South Beach,94104,"{'latitude': '37.79386287007624', 'longitude': '-122.40037373607429', 'human_address': '{""address"": """", ""city"": """", ""state"": """", ""zip"": """"}'}",1.08E+12,0,30,30,0,0,1,constr type 1,1,constr type 1,2007-01-18T00:00:00.000,,,,,
5ea1fcc0c2aeecdcc61c52a3,2.01E+11,8,otc alterations permit,2007-01-09T00:00:00.000,288,31,101,Montgomery,St,"install l/s system modifications at 101 montgomery street, 25th fl, smug. dual sync moduile, stock powerr supply, smoke detectors, ceiling mounted speakers/strobes, ceiling mounted speakers, wall mounted, multi-candela strobes, manual pull station & duct detector.",complete,2007-03-20T00:00:00.000,2007-01-09T00:00:00.000,2007-01-09T00:00:00.000,2007-07-09T00:00:00.000Z,22000,22000,office,office,2,3,Financial District/South Beach,94104,"{'latitude': '37.7904273103482', 'longitude': '-122.4024849891295', 'human_address': '{""address"": """", ""city"": """", ""state"": """", ""zip"": """"}'}",1.08E+11,,28,28,0,0,1,constr type 1,1,constr type 1,2007-03-20T00:00:00.000,,,,,
5ea1fcc0c2aeecdcc61c52a4,2.01E+11,8,otc alterations permit,2007-01-09T00:00:00.000,235,22,50,California,St,replace fan control panel in lobby.,expired,2008-03-10T00:00:00.000,2007-01-09T00:00:00.000,2007-01-09T00:00:00.000,2007-07-09T00:00:00.000Z,25000,25000,office,office,2,3,Financial District/South Beach,94111,"{'latitude': '37.79404266584037', 'longitude': '-122.39735993086317', 'human_address': '{""address"": """", ""city"": """", ""state"": """", ""zip"": """"}'}",1.08E+11,,37,37,0,0,1,constr type 1,1,constr type 1,,,,,,
5ea1fcc0c2aeecdcc61c52a5,2.01E+11,8,otc alterations permit,2007-01-09T00:00:00.000,3708,29,71,Stevenson,St,update fire alarm/speaker-speaker/strobe coverage in the suite 1510 to meet new layout,complete,2007-07-20T00:00:00.000,2007-01-09T00:00:00.000,2007-01-09T00:00:00.000,2007-07-09T00:00:00.000Z,17000,17000,office,office,2,6,Financial District/South Beach,94105,"{'latitude': '37.789151538080056', 'longitude': '-122.39974336319945', 'human_address': '{""address"": """", ""city"": """", ""state"": """", ""zip"": """"}'}",1.08E+12,,23,23,0,0,1,constr type 1,1,constr type 1,2007-07-20T00:00:00.000,,,,,
5ea1fcc0c2aeecdcc61c52a6,2.01E+11,8,otc alterations permit,2007-01-09T00:00:00.000,3717,21,150,Spear,St,"as builts per field inspector. revised  circuuitry from three visual circuits down to two visual circuits, 14th fl",complete,2007-09-12T00:00:00.000,2007-01-09T00:00:00.000,2007-01-09T00:00:00.000,2007-05-09T00:00:00.000Z,1,1,office,office,2,6,Financial District/South Beach,94105,"{'latitude': '37.79175339067497', 'longitude': '-122.39361386013451', 'human_address': '{""address"": """", ""city"": """", ""state"": """", ""zip"": """"}'}",1.08E+12,,17,17,0,0,1,constr type 1,1,constr type 1,2007-09-12T00:00:00.000,,,,,
5ea1fcc0c2aeecdcc61c52a7,2.01E+11,8,otc alterations permit,2007-01-09T00:00:00.000,288,32,333,Bush,St,"oti-3, acheive global, 15th floor, ls.",complete,2007-05-30T00:00:00.000,2007-01-09T00:00:00.000,2007-01-09T00:00:00.000,2007-05-09T00:00:00.000Z,4000,4000,office,office,2,3,Financial District/South Beach,94108,"{'latitude': '37.79057472898199', 'longitude': '-122.4031096060195', 'human_address': '{""address"": """", ""city"": """", ""state"": """", ""zip"": """"}'}",1.08E+12,,44,44,0,0,1,constr type 1,1,constr type 1,2007-05-30T00:00:00.000,,,,,
5ea1fcc0c2aeecdcc61c52a8,2.01E+11,8,otc alterations permit,2007-01-09T00:00:00.000,208,26,601,Montgomery,St,"fire alarm t.i. for all capital on 3/f (partial floor tenant). 1 addressable relay, 3 smoke, 1 duct detector, 5 strobes, 6 speakers.",complete,2007-03-15T00:00:00.000,2007-01-09T00:00:00.000,2007-01-09T00:00:00.000,2007-07-09T00:00:00.000Z,8725.5,8725.5,office,office,2,3,Chinatown,94111,"{'latitude': '37.794836064028274', 'longitude': '-122.40352689641819', 'human_address': '{""address"": """", ""city"": """", ""state"": """", ""zip"": """"}'}",1.08E+11,,20,20,0,0,1,constr type 1,1,constr type 1,2007-03-15T00:00:00.000,,,,,
5ea1fcc0c2aeecdcc61c52a9,2.01E+11,8,otc alterations permit,2007-01-09T00:00:00.000,288,33,333,Bush,St,isolate fireman's phonejack riser.,complete,2007-04-23T00:00:00.000,2007-01-09T00:00:00.000,2007-01-09T00:00:00.000,2007-07-09T00:00:00.000Z,20000,20000,office,office,2,3,Financial District/South Beach,94108,"{'latitude': '37.79057472898199', 'longitude': '-122.4031096060195', 'human_address': '{""address"": """", ""city"": """", ""state"": """", ""zip"": """"}'}",1.08E+11,,44,44,16,16,1,constr type 1,1,constr type 1,2007-04-23T00:00:00.000,,,,,
5ea1fcc0c2aeecdcc61c52aa,2.01E+11,8,otc alterations permit,2007-01-09T00:00:00.000,3717,21,150,Spear,St,"addition jof fire alarm devices for 10th floor, 17- strobes, 5-speakers, 2 smoke dectorrs, 2 control module.",complete,2007-08-21T00:00:00.000,2007-01-09T00:00:00.000,2007-01-09T00:00:00.000,2007-07-09T00:00:00.000Z,8000,8000,office,office,2,6,Financial District/South Beach,94105,"{'latitude': '37.79175339067497', 'longitude': '-122.39361386013451', 'human_address': '{""address"": """", ""city"": """", ""state"": """", ""zip"": """"}'}",1.08E+12,,17,17,0,0,1,constr type 1,1,constr type 1,2007-08-21T00:00:00.000,,,,,
5ea1fcc0c2aeecdcc61c52ab,M53362,8,otc alterations permit,2007-01-09T00:00:00.000,798,8,924,Grove,St,streetspace,issued,2007-01-09T00:00:00.000,2007-01-09T00:00:00.000,2007-01-09T00:00:00.000,,,0,,,,5,Hayes Valley,94117,"{'latitude': '37.77694524405894', 'longitude': '-122.4319717123063', 'human_address': '{""address"": """", ""city"": """", ""state"": """", ""zip"": """"}'}",1.08E+11,,,,,,,,,,,,,,,
5ea1fcc0c2aeecdcc61c52ac,2.01E+11,8,otc alterations permit,2007-01-09T00:00:00.000,479,1,2975,Van Ness,Av,"work @ unit# 1 only. 1 kitchen: upgrade kitchen cab, kitchen sink, flooring & counters. 1 bathroom: upgrade bath tub tiled walls, flooring & plumbing fixtures. in kind. if lighting fixtures being replaced. kitchen 1/2 of wattage to be fluorescent. bathroom to be fluorescant or on occupant sensor.",complete,2007-02-08T00:00:00.000,2007-01-09T00:00:00.000,2007-01-09T00:00:00.000,2007-07-09T00:00:00.000Z,13500,13500,apartments,apartments,0,2,Marina,94123,"{'latitude': '37.80301146358324', 'longitude': '-122.42529094050897', 'human_address': '{""address"": """", ""city"": """", ""state"": """", ""zip"": """"}'}",1.08E+11,,3,3,21,21,5,wood frame (5),5,wood frame (5),2007-02-08T00:00:00.000,,,,,
5ea1fcc0c2aeecdcc61c52ad,2.01E+11,8,otc alterations permit,2007-01-09T00:00:00.000,1529,34,446,16th,Av,"remove & replace 6 windows: 1 casement & 5 double hung. all replacements. are wood & like for like replacements, no change in the size or location of the opening. at front .67 factor min.",issued,2007-01-09T00:00:00.000,2007-01-09T00:00:00.000,2007-01-09T00:00:00.000,2007-07-09T00:00:00.000Z,11552,11552,1 family dwelling,1 family dwelling,0,1,Outer Richmond,94118,"{'latitude': '37.77958527673871', 'longitude': '-122.47470044709362', 'human_address': '{""address"": """", ""city"": """", ""state"": """", ""zip"": """"}'}",1.08E+12,,2,2,1,1,5,wood frame (5),5,wood frame (5),,,,,,
5ea1fcc0c2aeecdcc61c52ae,M53363,8,otc alterations permit,2007-01-09T00:00:00.000,1241,1,1007,Haight,St,street space,issued,2007-01-09T00:00:00.000,2007-01-09T00:00:00.000,2007-01-09T00:00:00.000,,,0,,,,5,Haight Ashbury,94117,"{'latitude': '37.770810677922334', 'longitude': '-122.4389197751698', 'human_address': '{""address"": """", ""city"": """", ""state"": """", ""zip"": """"}'}",10793582383,,,,,,,,,,,,,,,
5ea1fcc0c2aeecdcc61c52af,M53367,8,otc alterations permit,2007-01-09T00:00:00.000,6247,13,156,Leland,Av,sidewalk permit only.,issued,2007-01-09T00:00:00.000,2007-01-09T00:00:00.000,2007-01-09T00:00:00.000,,,0,,,,10,Visitacion Valley,94134,"{'latitude': '37.7125087366219', 'longitude': '-122.40648054207259', 'human_address': '{""address"": """", ""city"": """", ""state"": """", ""zip"": """"}'}",1.08E+12,,,,,,,,,,,,,,,
5ea1fcc0c2aeecdcc61c52b0,2.01E+11,8,otc alterations permit,2007-01-09T00:00:00.000,0436E,20,3670,Fillmore,St,"work in unit #5- install 5 vinyl windows in kind into existing frames. no change in size or location. windows do not face street. if applicable,  bedroom windows will comply with section 310.4 for rescue. all windows will be double pane and have a u-factor of .30.",issued,2007-01-09T00:00:00.000,2007-01-09T00:00:00.000,2007-01-09T00:00:00.000,2007-05-09T00:00:00.000Z,2375,2375,apartments,apartments,0,2,Marina,94123,"{'latitude': '37.80401532910961', 'longitude': '-122.43658939948662', 'human_address': '{""address"": """", ""city"": """", ""state"": """", ""zip"": """"}'}",1.08E+11,,3,3,7,7,5,wood frame (5),5,wood frame (5),,,,,,
5ea1fcc0c2aeecdcc61c52b1,2.01E+11,8,otc alterations permit,2007-01-09T00:00:00.000,6550,8,16,Clipper,St,renew pa# 2006/07/03/5590 & pa# 2004/07/23/9655 for final inspection only.,complete,2007-09-13T00:00:00.000,2007-01-09T00:00:00.000,2007-01-09T00:00:00.000,2007-05-09T00:00:00.000Z,1,1,2 family dwelling,2 family dwelling,0,8,Noe Valley,94114,"{'latitude': '37.74953910488964', 'longitude': '-122.42542523511317', 'human_address': '{""address"": """", ""city"": """", ""state"": """", ""zip"": """"}'}",1.08E+12,,2,2,2,2,5,wood frame (5),5,wood frame (5),2007-09-13T00:00:00.000,,,,,
5ea1fcc0c2aeecdcc61c52b2,2.01E+11,8,otc alterations permit,2007-01-09T00:00:00.000,6550,8,18,Clipper,St,renew pa# 2006/07/03/5590 & pa# 2004/07/23/9655 for final inspection only.,complete,2007-09-13T00:00:00.000,2007-01-09T00:00:00.000,2007-01-09T00:00:00.000,2007-05-09T00:00:00.000Z,1,1,2 family dwelling,2 family dwelling,0,8,Noe Valley,94114,"{'latitude': '37.74953910488964', 'longitude': '-122.42542523511317', 'human_address': '{""address"": """", ""city"": """", ""state"": """", ""zip"": """"}'}",1.08E+12,,2,2,2,2,5,wood frame (5),5,wood frame (5),2007-09-13T00:00:00.000,,,,,
5ea1fcc0c2aeecdcc61c52b3,2.01E+11,8,otc alterations permit,2007-01-09T00:00:00.000,288,31,101,Montgomery,St,oti-2 25/f me,complete,2007-03-20T00:00:00.000,2007-01-09T00:00:00.000,2007-01-09T00:00:00.000,2008-01-09T00:00:00.000Z,60000,60000,office,office,2,3,Financial District/South Beach,94104,"{'latitude': '37.7904273103482', 'longitude': '-122.4024849891295', 'human_address': '{""address"": """", ""city"": """", ""state"": """", ""zip"": """"}'}",1.08E+11,,28,28,0,0,1,constr type 1,1,constr type 1,2007-03-20T00:00:00.000,,,,,
5ea1fcc0c2aeecdcc61c52b4,M53364,8,otc alterations permit,2007-01-09T00:00:00.000,1431,22,132,Clement,St,sidewalk permit only.,issued,2007-01-09T00:00:00.000,2007-01-09T00:00:00.000,2007-01-09T00:00:00.000,,,0,,,,1,Inner Richmond,94118,"{'latitude': '37.78336295546467', 'longitude': '-122.46077703744595', 'human_address': '{""address"": """", ""city"": """", ""state"": """", ""zip"": """"}'}",1.08E+11,,,,,,,,,,,,,,,
5ea1fcc0c2aeecdcc61c52b5,M53365,8,otc alterations permit,2007-01-09T00:00:00.000,1247,23,1677,Haight,St,sidewalk permit only.,issued,2007-01-09T00:00:00.000,2007-01-09T00:00:00.000,2007-01-09T00:00:00.000,,,0,,,,5,Haight Ashbury,94117,"{'latitude': '37.769358471292236', 'longitude': '-122.4501792520178', 'human_address': '{""address"": """", ""city"": """", ""state"": """", ""zip"": """"}'}",1.08E+11,,,,,,,,,,,,,,,
5ea1fcc0c2aeecdcc61c52b6,M53365,8,otc alterations permit,2007-01-09T00:00:00.000,1247,23,1681,Haight,St,sidewalk permit only.,issued,2007-01-09T00:00:00.000,2007-01-09T00:00:00.000,2007-01-09T00:00:00.000,,,0,,,,5,Haight Ashbury,94117,"{'latitude': '37.769358471292236', 'longitude': '-122.4501792520178', 'human_address': '{""address"": """", ""city"": """", ""state"": """", ""zip"": """"}'}",1.08E+12,,,,,,,,,,,,,,,
5ea1fcc0c2aeecdcc61c52b7,2.01E+11,8,otc alterations permit,2007-01-09T00:00:00.000,1157,002A,1819,Golden Gate,Av,2 kitchen and 2 bathroom remodel apt#3 & 10. no structural work . no lighting work.,complete,2007-05-07T00:00:00.000,2007-01-09T00:00:00.000,2007-01-09T00:00:00.000,2007-07-09T00:00:00.000Z,24000,24000,apartments,apartments,0,5,Western Addition,94115,"{'latitude': '37.77823690321366', 'longitude': '-122.44055193530389', 'human_address': '{""address"": """", ""city"": """", ""state"": """", ""zip"": """"}'}",1.08E+12,,4,4,16,16,5,wood frame (5),5,wood frame (5),2007-05-07T00:00:00.000,,,,,
5ea1fcc0c2aeecdcc61c52b8,2.01E+11,8,otc alterations permit,2007-01-09T00:00:00.000,6551,4,1272,Dolores,St,to comply nov #200683342 (partial) - install 4 2xledger strong back on (e) post @ rear deck/stair as temporary shoring under direction of structural engineer pat buscovich. shoring to be removed after permanent fix under seperate permit.,issued,2007-01-09T00:00:00.000,2007-01-09T00:00:00.000,2007-01-09T00:00:00.000,2007-05-09T00:00:00.000Z,250,250,2 family dwelling,2 family dwelling,0,8,Noe Valley,94114,"{'latitude': '37.74901647528768', 'longitude': '-122.42526578375357', 'human_address': '{""address"": """", ""city"": """", ""state"": """", ""zip"": """"}'}",1.08E+12,,3,3,2,2,5,wood frame (5),5,wood frame (5),,,,,,
5ea1fcc0c2aeecdcc61c52b9,2.01E+11,8,otc alterations permit,2007-01-09T00:00:00.000,6551,4,1274,Dolores,St,to comply nov #200683342 (partial) - install 4 2xledger strong back on (e) post @ rear deck/stair as temporary shoring under direction of structural engineer pat buscovich. shoring to be removed after permanent fix under seperate permit.,issued,2007-01-09T00:00:00.000,2007-01-09T00:00:00.000,2007-01-09T00:00:00.000,2007-05-09T00:00:00.000Z,250,250,2 family dwelling,2 family dwelling,0,8,Noe Valley,94114,"{'latitude': '37.74901647528768', 'longitude': '-122.42526578375357', 'human_address': '{""address"": """", ""city"": """", ""state"": """", ""zip"": """"}'}",1.08E+12,,3,3,2,2,5,wood frame (5),5,wood frame (5),,,,,,
5ea1fcc0c2aeecdcc61c52ba,M53366,8,otc alterations permit,2007-01-09T00:00:00.000,179,010A,818,Jackson,St,street space,issued,2007-01-09T00:00:00.000,2007-01-09T00:00:00.000,2007-01-09T00:00:00.000,,,0,,,,3,Chinatown,94133,"{'latitude': '37.7959171279956', 'longitude': '-122.4086451446356', 'human_address': '{""address"": """", ""city"": """", ""state"": """", ""zip"": """"}'}",1.08E+11,,,,,,,,,,,,,,,
5ea1fcc0c2aeecdcc61c52bb,2.01E+11,8,otc alterations permit,2007-01-09T00:00:00.000,1105,26,100,Masonic,Av,new fire alarm system 1-3 floors,issued,2007-01-09T00:00:00.000,2007-01-09T00:00:00.000,2007-01-09T00:00:00.000,2007-07-09T00:00:00.000Z,6500,6500,nursing home lte 6,nursing home lte 6,2,2,Lone Mountain/USF,94118,"{'latitude': '37.78068531725114', 'longitude': '-122.44687919369679', 'human_address': '{""address"": """", ""city"": """", ""state"": """", ""zip"": """"}'}",1.08E+11,,3,3,0,0,2,constr type 2,2,constr type 2,,,,,,
5ea1fcc0c2aeecdcc61c52bc,2.01E+11,3,additions alterations or repairs,2007-01-09T00:00:00.000,3546,2,370,Valencia,St,"""as built"" drawings being submmitd per the direction of the sffd field inspector. all changes clouded in revised plans submitted (2) revised plan sets. (1)  original approved plan set app#20031208184455 thru 20031208185955.",complete,2007-04-23T00:00:00.000,2007-01-09T00:00:00.000,2007-03-06T00:00:00.000,2007-07-06T00:00:00.000Z,100,100,apartments,apartments,2,8,Mission,94103,"{'latitude': '37.7670971405869', 'longitude': '-122.42320933961997', 'human_address': '{""address"": """", ""city"": """", ""state"": """", ""zip"": """"}'}",1.08E+12,0,4,4,260,260,5,wood frame (5),5,wood frame (5),2007-04-23T00:00:00.000,,,,,
5ea1fcc0c2aeecdcc61c52bd,2.01E+11,3,additions alterations or repairs,2007-01-09T00:00:00.000,3546,2,390,Valencia,St,"""as built"" drawings being submmitd per the direction of the sffd field inspector. all changes clouded in revised plans submitted (2) revised plan sets. (1)  original approved plan set app#20031208184455 thru 20031208185955.",complete,2007-04-23T00:00:00.000,2007-01-09T00:00:00.000,2007-03-06T00:00:00.000,2007-07-06T00:00:00.000Z,100,100,apartments,apartments,2,8,Mission,94103,"{'latitude': '37.7670971405869', 'longitude': '-122.42320933961997', 'human_address': '{""address"": """", ""city"": """", ""state"": """", ""zip"": """"}'}",1.08E+12,,4,4,260,260,5,wood frame (5),5,wood frame (5),2007-04-23T00:00:00.000,,,,,
5ea1fcc0c2aeecdcc61c52be,2.01E+11,8,otc alterations permit,2007-01-09T00:00:00.000,7549,10,210,Moffitt,St,"remodel existing kitchen and two bathrooms, replce some windows & doors windows not visible from street, windows u factor =0.42",complete,2007-08-07T00:00:00.000,2007-01-09T00:00:00.000,2007-01-09T00:00:00.000,2007-07-09T00:00:00.000Z,16000,19000,1 family dwelling,1 family dwelling,2,8,Glen Park,94131,"{'latitude': '37.73855822003928', 'longitude': '-122.43427017734508', 'human_address': '{""address"": """", ""city"": """", ""state"": """", ""zip"": """"}'}",1.08E+12,,3,3,1,1,5,wood frame (5),5,wood frame (5),2007-08-07T00:00:00.000,,,,,
5ea1fcc0c2aeecdcc61c52bf,2.01E+11,8,otc alterations permit,2007-01-09T00:00:00.000,289,5,120,Montgomery,St,install a voice message module onto the existing life safety system. this will allow the system to activate a pre-recorded warning/evacuation message automatically to the fire alarm speakers. no new field devices or electrical work is req with this project.,expired,2009-04-07T00:00:00.000,2007-01-09T00:00:00.000,2007-01-09T00:00:00.000,2007-07-09T00:00:00.000Z,6000,6000,office,office,2,3,Financial District/South Beach,94104,"{'latitude': '37.79034626108446', 'longitude': '-122.40185018922449', 'human_address': '{""address"": """", ""city"": """", ""state"": """", ""zip"": """"}'}",1.08E+11,,25,25,0,0,1,constr type 1,1,constr type 1,,,,,,
5ea1fcc0c2aeecdcc61c52c0,M53368,8,otc alterations permit,2007-01-09T00:00:00.000,221,32,1265,Clay,St,sidewalk permit only.,issued,2007-01-09T00:00:00.000,2007-01-09T00:00:00.000,2007-01-09T00:00:00.000,,,0,,,,3,Nob Hill,94108,"{'latitude': '37.79316037415538', 'longitude': '-122.41377493356613', 'human_address': '{""address"": """", ""city"": """", ""state"": """", ""zip"": """"}'}",1.08E+12,,,,,,,,,,,,,,,
5ea1fcc0c2aeecdcc61c52c1,M53369,8,otc alterations permit,2007-01-09T00:00:00.000,200,14,460,Davis,St,street space permit only.,issued,2007-01-09T00:00:00.000,2007-01-09T00:00:00.000,2007-01-09T00:00:00.000,,,0,,,,3,Financial District/South Beach,94111,"{'latitude': '37.79669693582685', 'longitude': '-122.39777129258873', 'human_address': '{""address"": """", ""city"": """", ""state"": """", ""zip"": """"}'}",1.08E+12,,,,,,,,,,,,,,,
5ea1fcc0c2aeecdcc61c52c2,2.01E+11,8,otc alterations permit,2007-01-09T00:00:00.000,3182,22,106,Edna,St,"replace 18' mudsill on north foundation. bolt mudsill on north foundation 3/4"" bolt 3/4 nut. /2"" washer 6"" from edge every 4'. 24 ft x4ft sheerwall on north garage wall  3/4"" penny nails 12' field & remove window on north east garage wall-replace siding in fill wall.",complete,2007-03-29T00:00:00.000,2007-01-09T00:00:00.000,2007-01-09T00:00:00.000,2007-05-09T00:00:00.000Z,1000,1000,1 family dwelling,1 family dwelling,0,7,West of Twin Peaks,94112,"{'latitude': '37.72766312661256', 'longitude': '-122.44627686117192', 'human_address': '{""address"": """", ""city"": """", ""state"": """", ""zip"": """"}'}",1.08E+12,,3,3,1,1,5,wood frame (5),5,wood frame (5),2007-03-29T00:00:00.000,,,,,
5ea1fcc0c2aeecdcc61c52c3,2.01E+11,8,otc alterations permit,2007-01-09T00:00:00.000,3633,19,1007,Guerrero,St,interior tenant improvement for an extg restaurant work included. add a restroom and service counter/cashier to comply with accessibility requirments. also provide access. entrance with a power door operator as required,complete,2007-02-15T00:00:00.000,2007-01-09T00:00:00.000,2007-01-09T00:00:00.000,2008-01-09T00:00:00.000Z,27950,27950,food/beverage hndlng,food/beverage hndlng,2,8,Mission,94110,"{'latitude': '37.754941013604814', 'longitude': '-122.4229300094842', 'human_address': '{""address"": """", ""city"": """", ""state"": """", ""zip"": """"}'}",1.08E+12,,2,2,4,4,5,wood frame (5),5,wood frame (5),2007-02-15T00:00:00.000,,,,,
5ea1fcc0c2aeecdcc61c52c4,M53370,8,otc alterations permit,2007-01-09T00:00:00.000,805,17,780,Hayes,St,sidewalk permit only.,issued,2007-01-09T00:00:00.000,2007-01-09T00:00:00.000,2007-01-09T00:00:00.000,,,0,,,,5,Hayes Valley,94102,"{'latitude': '37.776273943124366', 'longitude': '-122.4292539238226', 'human_address': '{""address"": """", ""city"": """", ""state"": """", ""zip"": """"}'}",1.08E+11,,,,,,,,,,,,,,,
5ea1fcc0c2aeecdcc61c52c5,M53370,8,otc alterations permit,2007-01-09T00:00:00.000,805,17,788,Hayes,St,sidewalk permit only.,issued,2007-01-09T00:00:00.000,2007-01-09T00:00:00.000,2007-01-09T00:00:00.000,,,0,,,,5,Hayes Valley,94102,"{'latitude': '37.776273943124366', 'longitude': '-122.4292539238226', 'human_address': '{""address"": """", ""city"": """", ""state"": """", ""zip"": """"}'}",1.08E+12,0,,,,,,,,,,,,,,
5ea1fcc0c2aeecdcc61c52c6,M53371,8,otc alterations permit,2007-01-09T00:00:00.000,3210,22,215,Otsego,Av,sidewalk repair,issued,2007-01-09T00:00:00.000,2007-01-09T00:00:00.000,2007-01-09T00:00:00.000,,,0,,,,11,Outer Mission,94112,"{'latitude': '37.724227700505466', 'longitude': '-122.44027328663833', 'human_address': '{""address"": """", ""city"": """", ""state"": """", ""zip"": """"}'}",1.08E+12,,,,,,,,,,,,,,,
5ea1fcc0c2aeecdcc61c52c7,M53372,8,otc alterations permit,2007-01-09T00:00:00.000,6246,10,234,Leland,Av,sidewalk permit only.,issued,2007-01-09T00:00:00.000,2007-01-09T00:00:00.000,2007-01-09T00:00:00.000,,,0,,,,10,Visitacion Valley,94134,"{'latitude': '37.71296718404352', 'longitude': '-122.40803912225935', 'human_address': '{""address"": """", ""city"": """", ""state"": """", ""zip"": """"}'}",1.08E+12,,,,,,,,,,,,,,,
5ea1fcc0c2aeecdcc61c52c8,M53373,8,otc alterations permit,2007-01-09T00:00:00.000,1381,39,2023,Lake,St,street space permit only.,issued,2007-01-09T00:00:00.000,2007-01-09T00:00:00.000,2007-01-09T00:00:00.000,,,0,,,,1,Outer Richmond,94121,"{'latitude': '37.78567519132993', 'longitude': '-122.48125580862286', 'human_address': '{""address"": """", ""city"": """", ""state"": """", ""zip"": """"}'}",1.08E+11,,,,,,,,,,,,,,,
5ea1fcc0c2aeecdcc61c52c9,2.01E+11,8,otc alterations permit,2007-01-09T00:00:00.000,3148,6,2,Norton,St,reroofing.,expired,2007-09-25T00:00:00.000,2007-01-09T00:00:00.000,2007-01-09T00:00:00.000,2007-07-09T00:00:00.000Z,7300,7300,apartments,apartments,0,11,Outer Mission,94112,"{'latitude': '37.72480483951474', 'longitude': '-122.43507398658086', 'human_address': '{""address"": """", ""city"": """", ""state"": """", ""zip"": """"}'}",1.08E+12,,,,,,,,,,,,,,,
5ea1fcc0c2aeecdcc61c52ca,2.01E+11,8,otc alterations permit,2007-01-09T00:00:00.000,3148,6,4,Norton,St,reroofing.,expired,2007-09-25T00:00:00.000,2007-01-09T00:00:00.000,2007-01-09T00:00:00.000,2007-07-09T00:00:00.000Z,7300,7300,apartments,apartments,0,11,Outer Mission,94112,"{'latitude': '37.72480483951474', 'longitude': '-122.43507398658086', 'human_address': '{""address"": """", ""city"": """", ""state"": """", ""zip"": """"}'}",1.08E+12,,,,,,,,,,,,,,,
5ea1fcc0c2aeecdcc61c52cb,2.01E+11,8,otc alterations permit,2007-01-09T00:00:00.000,6089,30,519,Edinburg,St,"(n) family room (n) bedroom (n) bathroom at garage level. drop floor level to provide min 7'6"" headroom.",complete,2007-07-24T00:00:00.000,2007-01-09T00:00:00.000,2007-01-09T00:00:00.000,2008-01-09T00:00:00.000Z,58000,58000,1 family dwelling,1 family dwelling,2,11,Excelsior,94112,"{'latitude': '37.720782273796104', 'longitude': '-122.43200736480587', 'human_address': '{""address"": """", ""city"": """", ""state"": """", ""zip"": """"}'}",1.08E+12,,2,2,1,1,5,wood frame (5),5,wood frame (5),2007-07-24T00:00:00.000,,,,,
5ea1fcc0c2aeecdcc61c52cc,M53374,8,otc alterations permit,2007-01-09T00:00:00.000,471,002D,1530,Francisco,St,street space permit only.,issued,2007-01-09T00:00:00.000,2007-01-09T00:00:00.000,2007-01-09T00:00:00.000,,,0,,,,2,Marina,94123,"{'latitude': '37.80273917668318', 'longitude': '-122.43048958220518', 'human_address': '{""address"": """", ""city"": """", ""state"": """", ""zip"": """"}'}",1.08E+11,,,,,,,,,,,,,,,
5ea1fcc0c2aeecdcc61c52cd,2.01E+11,8,otc alterations permit,2007-01-09T00:00:00.000,233,44,4,Embarcadero Center,,"revision- ti on fire spkr system (upgrade) sandler foundation suite 3150 (#3327) relocate -1 o hd, 1 add, 1 delete total 11 hd revision to 200611308787",complete,2007-03-13T00:00:00.000,2007-01-09T00:00:00.000,2007-01-09T00:00:00.000,2007-05-09T00:00:00.000Z,1000,1000,office,office,2,3,Financial District/South Beach,94111,"{'latitude': '37.79506002552974', 'longitude': '-122.39593224461805', 'human_address': '{""address"": """", ""city"": """", ""state"": """", ""zip"": """"}'}",1.08E+11,,34,34,0,0,1,constr type 1,1,constr type 1,2007-03-13T00:00:00.000,,,,,
5ea1fcc0c2aeecdcc61c52ce,2.01E+11,8,otc alterations permit,2007-01-09T00:00:00.000,264,4,1,California,St,oti-3 24th floor ls,complete,2007-03-02T00:00:00.000,2007-01-09T00:00:00.000,2007-01-09T00:00:00.000,2007-07-09T00:00:00.000Z,8000,8000,office,office,2,3,Financial District/South Beach,94111,"{'latitude': '37.79311984802232', 'longitude': '-122.39697498027529', 'human_address': '{""address"": """", ""city"": """", ""state"": """", ""zip"": """"}'}",1.08E+11,,37,37,0,0,1,constr type 1,1,constr type 1,2007-03-02T00:00:00.000,,,,,
5ea1fcc0c2aeecdcc61c52cf,2.01E+11,8,otc alterations permit,2007-01-09T00:00:00.000,2769,47,465,Diamond,St,"remove portion of deck (appl#200609212988). pour concrete slab for new hot tub, install hot tub (pre manufactured). rebuild deck per plan.",complete,2007-04-23T00:00:00.000,2007-01-09T00:00:00.000,2007-01-09T00:00:00.000,2007-07-09T00:00:00.000Z,7000,7000,1 family dwelling,1 family dwelling,2,8,Noe Valley,94114,"{'latitude': '37.755008328406134', 'longitude': '-122.43630873980348', 'human_address': '{""address"": """", ""city"": """", ""state"": """", ""zip"": """"}'}",1.08E+12,,3,3,1,1,5,wood frame (5),5,wood frame (5),2007-04-23T00:00:00.000,Y,,,,
5ea1fcc0c2aeecdcc61c52d0,2.01E+11,8,otc alterations permit,2007-01-09T00:00:00.000,6524,31,2927,Folsom,St,repair water damage to 4 bathrooms & new shower pans as needed. repair drywall + stop water leak in ceiling. new floor + covering apply wet patch to roof initially. minor dry rot repair. repair roof less than  25%. all work in bathroom  area. repair handrailing /rear side deck  + windows. per nov#,expired,2010-01-20T00:00:00.000,2007-01-09T00:00:00.000,2007-01-09T00:00:00.000,2008-01-09T00:00:00.000Z,28000,28000,apartments,apartments,0,9,Mission,94110,"{'latitude': '37.750407928650176', 'longitude': '-122.41354289963427', 'human_address': '{""address"": """", ""city"": """", ""state"": """", ""zip"": """"}'}",1.08E+12,,2,2,4,4,5,wood frame (5),5,wood frame (5),,,,,,
5ea1fcc0c2aeecdcc61c52d1,2.01E+11,8,otc alterations permit,2007-01-09T00:00:00.000,266,9,1,Front,St,oti-1 13th floor el me ls sp,complete,2007-03-20T00:00:00.000,2007-01-09T00:00:00.000,2007-01-09T00:00:00.000,2008-01-09T00:00:00.000Z,150000,150000,office,office,2,3,Financial District/South Beach,94111,"{'latitude': '37.79175821447036', 'longitude': '-122.39891194475122', 'human_address': '{""address"": """", ""city"": """", ""state"": """", ""zip"": """"}'}",1.08E+12,,33,33,0,0,1,constr type 1,1,constr type 1,2007-03-20T00:00:00.000,,,,,
5ea1fcc0c2aeecdcc61c52d2,2.01E+11,8,otc alterations permit,2007-01-09T00:00:00.000,6524,31,2929,Folsom,St,repair water damage to 4 bathrooms & new shower pans as needed. repair drywall + stop water leak in ceiling. new floor + covering apply wet patch to roof initially. minor dry rot repair. repair roof less than  25%. all work in bathroom  area. repair handrailing /rear side deck  + windows. per nov#,expired,2010-01-20T00:00:00.000,2007-01-09T00:00:00.000,2007-01-09T00:00:00.000,2008-01-09T00:00:00.000Z,28000,28000,apartments,apartments,0,9,Mission,94110,"{'latitude': '37.750407928650176', 'longitude': '-122.41354289963427', 'human_address': '{""address"": """", ""city"": """", ""state"": """", ""zip"": """"}'}",1.08E+12,0,2,2,4,4,5,wood frame (5),5,wood frame (5),,,,,,
5ea1fcc0c2aeecdcc61c52d3,2.01E+11,8,otc alterations permit,2007-01-09T00:00:00.000,2424,2,2507,23rd,Av,"ieterior remodel to exiting br & ba, repave  existing driveway, eindow replacement wood to wood clad, bathroom lighting to be fluorescant ot on occupant sensor",expired,2007-11-07T00:00:00.000,2007-01-09T00:00:00.000,2007-01-09T00:00:00.000,2007-07-09T00:00:00.000Z,20000,20000,1 family dwelling,1 family dwelling,2,4,Sunset/Parkside,94116,"{'latitude': '37.740751772219284', 'longitude': '-122.4801338178756', 'human_address': '{""address"": """", ""city"": """", ""state"": """", ""zip"": """"}'}",1.08E+12,,2,2,1,1,5,wood frame (5),5,wood frame (5),,,,,,
5ea1fcc0c2aeecdcc61c52d4,2.01E+11,8,otc alterations permit,2007-01-09T00:00:00.000,230,28,1,Embarcadero Center,,"ti upgrade on fire sprinkler system (3355) fisher and phillips llp relocate 10 hd add 1, delete 1, total 11 heads",complete,2007-01-30T00:00:00.000,2007-01-09T00:00:00.000,2007-01-09T00:00:00.000,2007-05-09T00:00:00.000Z,2200,2200,office,office,2,3,Financial District/South Beach,94111,"{'latitude': '37.79464865862657', 'longitude': '-122.39964659799554', 'human_address': '{""address"": """", ""city"": """", ""state"": """", ""zip"": """"}'}",1.08E+11,,45,45,0,0,1,constr type 1,1,constr type 1,2007-01-30T00:00:00.000,,,,,
5ea1fcc0c2aeecdcc61c52d5,2.01E+11,8,otc alterations permit,2007-01-09T00:00:00.000,5518,16,3161,Mission,St,convert coffee shop to real estate office and build new toilet.,expired,2008-04-29T00:00:00.000,2007-01-09T00:00:00.000,2007-01-09T00:00:00.000,2007-07-09T00:00:00.000Z,10500,10500,food/beverage hndlng,office,2,9,Bernal Heights,94110,"{'latitude': '37.746402226807156', 'longitude': '-122.4190360690004', 'human_address': '{""address"": """", ""city"": """", ""state"": """", ""zip"": """"}'}",1.08E+12,,3,3,2,2,5,wood frame (5),5,wood frame (5),,,,,,
5ea1fcc0c2aeecdcc61c52d6,2.01E+11,8,otc alterations permit,2007-01-09T00:00:00.000,5518,16,3163,Mission,St,convert coffee shop to real estate office and build new toilet.,expired,2008-04-29T00:00:00.000,2007-01-09T00:00:00.000,2007-01-09T00:00:00.000,2007-07-09T00:00:00.000Z,10500,10500,food/beverage hndlng,office,2,9,Bernal Heights,94110,"{'latitude': '37.746402226807156', 'longitude': '-122.4190360690004', 'human_address': '{""address"": """", ""city"": """", ""state"": """", ""zip"": """"}'}",1.08E+12,,3,3,2,2,5,wood frame (5),5,wood frame (5),,,,,,
5ea1fcc0c2aeecdcc61c52d7,2.01E+11,3,additions alterations or repairs,2007-01-09T00:00:00.000,3587,68,3620,19th,St,bldg #1 - to install new fire sprinkler system.,complete,2009-04-01T00:00:00.000,2007-01-09T00:00:00.000,2007-04-09T00:00:00.000,2007-10-09T00:00:00.000Z,5600,10222,1 family dwelling,1 family dwelling,2,8,Mission,94110,"{'latitude': '37.76097097433914', 'longitude': '-122.4246494685078', 'human_address': '{""address"": """", ""city"": """", ""state"": """", ""zip"": """"}'}",1.08E+12,,2,2,1,1,5,wood frame (5),5,wood frame (5),2009-04-01T00:00:00.000,,,,,
5ea1fcc0c2aeecdcc61c52d8,2.01E+11,3,additions alterations or repairs,2007-01-09T00:00:00.000,3587,70,3620,19th,St,bldg #1 - to install new fire sprinkler system.,complete,2009-04-01T00:00:00.000,2007-01-09T00:00:00.000,2007-04-09T00:00:00.000,2007-10-09T00:00:00.000Z,5600,10222,1 family dwelling,1 family dwelling,2,8,Mission,94110,"{'latitude': '37.761014018841514', 'longitude': '-122.42432525968303', 'human_address': '{""address"": """", ""city"": """", ""state"": """", ""zip"": """"}'}",1.08E+12,,2,2,1,1,5,wood frame (5),5,wood frame (5),2009-04-01T00:00:00.000,,,,,
5ea1fcc0c2aeecdcc61c52d9,2.01E+11,4,sign - erect,2007-01-09T00:00:00.000,543,33,1823,Union,St,"erect: electric, wall, single faced, direct new sign, with street space",complete,2007-04-12T00:00:00.000,2007-01-09T00:00:00.000,2007-01-09T00:00:00.000,2007-05-09T00:00:00.000Z,,2500,retail sales,,2,2,Marina,94123,"{'latitude': '37.79758752191632', 'longitude': '-122.42929470527024', 'human_address': '{""address"": """", ""city"": """", ""state"": """", ""zip"": """"}'}",1.08E+12,,3,,0,,5,wood frame (5),,,2007-04-12T00:00:00.000,,,,,
5ea1fcc0c2aeecdcc61c52da,M53402,8,otc alterations permit,2007-01-09T00:00:00.000,3729,57,251,09th,St,sidewalk permit,issued,2007-01-09T00:00:00.000,2007-01-09T00:00:00.000,2007-01-09T00:00:00.000,,,0,,,,6,South of Market,94103,"{'latitude': '37.774508876514055', 'longitude': '-122.41217066101979', 'human_address': '{""address"": """", ""city"": """", ""state"": """", ""zip"": """"}'}",1.08E+12,,,,,,,,,,,,,,,
5ea1fcc0c2aeecdcc61c52db,2.01E+11,8,otc alterations permit,2007-01-09T00:00:00.000,3708,28,71,Stevenson,St,"oti-2 el, floor 15",complete,2007-07-20T00:00:00.000,2007-01-09T00:00:00.000,2007-01-09T00:00:00.000,2008-01-09T00:00:00.000Z,34750,34750,office,office,2,6,Financial District/South Beach,94105,"{'latitude': '37.789384040303595', 'longitude': '-122.39965936842863', 'human_address': '{""address"": """", ""city"": """", ""state"": """", ""zip"": """"}'}",1.08E+12,,1,1,0,0,2,constr type 2,2,constr type 2,2007-07-20T00:00:00.000,,,,,
5ea1fcc0c2aeecdcc61c52dc,2.01E+11,4,sign - erect,2007-01-09T00:00:00.000,3705,42,865,Market,St,"unit #222 - sign permit - non-electric, projecting, double faced.",issued,2007-01-09T00:00:00.000,2007-01-09T00:00:00.000,2007-01-09T00:00:00.000,2007-05-09T00:00:00.000Z,,400,retail sales,,2,6,South of Market,94103,"{'latitude': '37.78394695457302', 'longitude': '-122.40715830829208', 'human_address': '{""address"": """", ""city"": """", ""state"": """", ""zip"": """"}'}",1.08E+12,,10,,0,,1,constr type 1,,,,,,,,
5ea1fcc0c2aeecdcc61c52dd,2.01E+11,7,wall or painted sign,2007-01-09T00:00:00.000,3705,42,865,Market,St,"painter or other non structural sign:  non electric, wall, single faced, doorwindow, new sign , non illuminated, with street space",issued,2007-01-09T00:00:00.000,2007-01-09T00:00:00.000,2007-01-09T00:00:00.000,2007-05-09T00:00:00.000Z,,200,,,2,6,South of Market,94103,"{'latitude': '37.78394695457302', 'longitude': '-122.40715830829208', 'human_address': '{""address"": """", ""city"": """", ""state"": """", ""zip"": """"}'}",1.08E+12,,,,,,,,,,,,,,,
5ea1fcc0c2aeecdcc61c52de,2.01E+11,8,otc alterations permit,2007-01-09T00:00:00.000,1049,18,1708,Broderick,St,reroofing.,issued,2007-01-09T00:00:00.000,2007-01-09T00:00:00.000,2007-01-09T00:00:00.000,2007-05-09T00:00:00.000Z,3000,3000,2 family dwelling,2 family dwelling,0,2,Pacific Heights,94115,"{'latitude': '37.786326217915956', 'longitude': '-122.44157315415657', 'human_address': '{""address"": """", ""city"": """", ""state"": """", ""zip"": """"}'}",1.08E+11,,,,,,,,,,,,,,,
5ea1fcc0c2aeecdcc61c52df,2.01E+11,8,otc alterations permit,2007-01-09T00:00:00.000,6341,028D,701,Edinburg,St,upgrading electrical wiring on second floor.,expired,2008-06-13T00:00:00.000,2007-01-09T00:00:00.000,2007-01-09T00:00:00.000,2007-07-09T00:00:00.000Z,15000,15000,1 family dwelling,1 family dwelling,0,11,Excelsior,94112,"{'latitude': '37.7179220322516', 'longitude': '-122.43421718744919', 'human_address': '{""address"": """", ""city"": """", ""state"": """", ""zip"": """"}'}",1.08E+12,,2,2,1,1,5,wood frame (5),5,wood frame (5),,,,,,
5ea1fcc0c2aeecdcc61c52e0,2.01E+11,8,otc alterations permit,2007-01-09T00:00:00.000,1049,18,1708,Broderick,St,"1/2"" cdx plywood over skip roof. (8d) 6"" x 12"". 6"" on edges 12"" in field.",issued,2007-01-09T00:00:00.000,2007-01-09T00:00:00.000,2007-01-09T00:00:00.000,2007-05-09T00:00:00.000Z,2200,2200,2 family dwelling,2 family dwelling,0,2,Pacific Heights,94115,"{'latitude': '37.786326217915956', 'longitude': '-122.44157315415657', 'human_address': '{""address"": """", ""city"": """", ""state"": """", ""zip"": """"}'}",1.08E+11,,2,2,2,2,5,wood frame (5),5,wood frame (5),,,,,,
5ea1fcc0c2aeecdcc61c52e1,2.01E+11,4,sign - erect,2007-01-09T00:00:00.000,3705,42,865,Market,St,"space 222 - sign permit - electric, wall, single faced.",issued,2007-01-09T00:00:00.000,2007-01-09T00:00:00.000,2007-01-09T00:00:00.000,2007-05-09T00:00:00.000Z,,900,retail sales,,2,6,South of Market,94103,"{'latitude': '37.78394695457302', 'longitude': '-122.40715830829208', 'human_address': '{""address"": """", ""city"": """", ""state"": """", ""zip"": """"}'}",1.08E+12,,10,,0,,1,constr type 1,,,,,,,,
5ea1fcc0c2aeecdcc61c52e2,2.01E+11,3,additions alterations or repairs,2007-01-09T00:00:00.000,515,1,3199,Fillmore,St,strengthening the 2nd floor joist in 2/f prep kitchen as noted on plan. no exterior work and plumbing or electrical work.,complete,2007-10-23T00:00:00.000,2007-01-09T00:00:00.000,2007-04-06T00:00:00.000,2007-10-06T00:00:00.000Z,10000,18000,food/beverage hndlng,food/beverage hndlng,2,2,Marina,94123,"{'latitude': '37.79879059544053', 'longitude': '-122.43612948088338', 'human_address': '{""address"": """", ""city"": """", ""state"": """", ""zip"": """"}'}",1.08E+12,,2,2,0,0,5,wood frame (5),5,wood frame (5),2007-10-23T00:00:00.000,,,,,
5ea1fcc0c2aeecdcc61c52e3,M53382,8,otc alterations permit,2007-01-09T00:00:00.000,867,28,479,Waller,St,street space & sidewalk permit only.,issued,2007-01-09T00:00:00.000,2007-01-09T00:00:00.000,2007-01-09T00:00:00.000,,,0,,,,5,Hayes Valley,94117,"{'latitude': '37.77083879854087', 'longitude': '-122.43142991363601', 'human_address': '{""address"": """", ""city"": """", ""state"": """", ""zip"": """"}'}",1.08E+11,,,,,,,,,,,,,,,
5ea1fcc0c2aeecdcc61c52e4,2.01E+11,8,otc alterations permit,2007-01-09T00:00:00.000,263,11,101,California,St,"oti-1 15th floor, advamced equities. el, me, ls, sp",complete,2007-03-26T00:00:00.000,2007-01-09T00:00:00.000,2007-01-09T00:00:00.000,2009-01-09T00:00:00.000Z,350000,350000,office,office,2,3,Financial District/South Beach,94111,"{'latitude': '37.79294896729476', 'longitude': '-122.39809861205246', 'human_address': '{""address"": """", ""city"": """", ""state"": """", ""zip"": """"}'}",1.08E+11,,36,36,0,0,1,constr type 1,1,constr type 1,2007-03-26T00:00:00.000,,,,,
5ea1fcc0c2aeecdcc61c52e5,2.01E+11,8,otc alterations permit,2007-01-09T00:00:00.000,288,32,333,Bush,St,"t/i upgrade on fire spkr-sys. for achieve global 15th fl (#3337). 13 reloc. -2 add,3 deletes. 15 total.",complete,2007-05-30T00:00:00.000,2007-01-09T00:00:00.000,2007-01-09T00:00:00.000,2007-05-09T00:00:00.000Z,3000,3000,office,office,2,3,Financial District/South Beach,94108,"{'latitude': '37.79057472898199', 'longitude': '-122.4031096060195', 'human_address': '{""address"": """", ""city"": """", ""state"": """", ""zip"": """"}'}",1.08E+12,,44,44,45,45,1,constr type 1,1,constr type 1,2007-05-30T00:00:00.000,,,,,
5ea1fcc0c2aeecdcc61c52e6,2.01E+11,3,additions alterations or repairs,2007-01-09T00:00:00.000,8721,12,455,Mission Bay Blvd South,,drive (24) indicator test piles on vacant lot for soils and structural testing (steel piles).,expired,2009-11-17T00:00:00.000,2007-01-09T00:00:00.000,2007-01-23T00:00:00.000,2008-01-23T00:00:00.000Z,27000,280400,vacant lot,vacant lot,2,6,Mission Bay,94158,"{'latitude': '37.76981670037508', 'longitude': '-122.38847397685545', 'human_address': '{""address"": """", ""city"": """", ""state"": """", ""zip"": """"}'}",1.08E+12,,0,0,0,0,,,,,,,,,,
5ea1fcc0c2aeecdcc61c52e7,2.01E+11,8,otc alterations permit,2007-01-09T00:00:00.000,2449,29,2680,Great,Hy,change out 2 windows with vinyl retrofit windows. (e) aluminium. in kind. .67 u factor min.,issued,2007-01-09T00:00:00.000,2007-01-09T00:00:00.000,2007-01-09T00:00:00.000,2007-05-09T00:00:00.000Z,3694.5,3694.5,1 family dwelling,1 family dwelling,0,4,Sunset/Parkside,94116,"{'latitude': '37.73657815097154', 'longitude': '-122.50597268964073', 'human_address': '{""address"": """", ""city"": """", ""state"": """", ""zip"": """"}'}",1.08E+12,,2,2,1,1,5,wood frame (5),5,wood frame (5),,,,,,
5ea1fcc0c2aeecdcc61c52e8,2.01E+11,8,otc alterations permit,2007-01-09T00:00:00.000,5337,5,7,Bridgeview,Dr,change out 3 windows with retrofit windows. (e) aluminium to vinyl. 0.67 u factor min.,complete,2007-03-29T00:00:00.000,2007-01-09T00:00:00.000,2007-01-09T00:00:00.000,2007-07-09T00:00:00.000Z,6894,6894,1 family dwelling,1 family dwelling,0,10,Bayview Hunters Point,94124,"{'latitude': '37.734082158600756', 'longitude': '-122.39424868423647', 'human_address': '{""address"": """", ""city"": """", ""state"": """", ""zip"": """"}'}",1.08E+12,,2,2,1,1,5,wood frame (5),5,wood frame (5),2007-03-29T00:00:00.000,,,,,
5ea1fcc0c2aeecdcc61c52e9,2.01E+11,8,otc alterations permit,2007-01-09T00:00:00.000,240,16,550,Kearny,St,"t.i upgrade on fire spkr sys. dwa 9th flr (#3334) reloc-32, add-2, delete-2.",complete,2007-03-26T00:00:00.000,2007-01-09T00:00:00.000,2007-01-09T00:00:00.000,2007-07-09T00:00:00.000Z,6800,6800,office,office,2,3,Financial District/South Beach,94104,"{'latitude': '37.793341458615394', 'longitude': '-122.40421611613698', 'human_address': '{""address"": """", ""city"": """", ""state"": """", ""zip"": """"}'}",1.08E+12,,10,10,0,0,1,constr type 1,1,constr type 1,2007-03-26T00:00:00.000,,,,,
5ea1fcc0c2aeecdcc61c52ea,2.01E+11,8,otc alterations permit,2007-01-09T00:00:00.000,5343,015C,76,Bay View,St,change out 2 windows aluminium to vinyl in kind. u factor: 0.67 min.,expired,2007-07-02T00:00:00.000,2007-01-09T00:00:00.000,2007-01-09T00:00:00.000,2007-05-09T00:00:00.000Z,3981.23,3981.23,1 family dwelling,1 family dwelling,0,10,Bayview Hunters Point,94124,"{'latitude': '37.73295761295402', 'longitude': '-122.39382957251564', 'human_address': '{""address"": """", ""city"": """", ""state"": """", ""zip"": """"}'}",1.08E+12,,2,2,1,1,5,wood frame (5),5,wood frame (5),,,,,,
5ea1fcc0c2aeecdcc61c52eb,2.01E+11,8,otc alterations permit,2007-01-09T00:00:00.000,7056,028E,125,Thrift,St,replace 4 windows with vinyl retrofit windows in kind. 0.67 u factor min.,issued,2007-01-09T00:00:00.000,2007-01-09T00:00:00.000,2007-01-09T00:00:00.000,2007-07-09T00:00:00.000Z,8351.54,8351.54,1 family dwelling,1 family dwelling,0,11,Oceanview/Merced/Ingleside,94112,"{'latitude': '37.71721985687811', 'longitude': '-122.45701898295172', 'human_address': '{""address"": """", ""city"": """", ""state"": """", ""zip"": """"}'}",1.08E+12,,2,2,1,1,5,wood frame (5),5,wood frame (5),,,,,,
5ea1fcc0c2aeecdcc61c52ec,2.01E+11,8,otc alterations permit,2007-01-09T00:00:00.000,240,16,550,Kearny,St,oti-2  lt me floor 9,complete,2007-03-26T00:00:00.000,2007-01-09T00:00:00.000,2007-01-09T00:00:00.000,2008-01-09T00:00:00.000Z,95000,95000,office,office,2,3,Financial District/South Beach,94104,"{'latitude': '37.793341458615394', 'longitude': '-122.40421611613698', 'human_address': '{""address"": """", ""city"": """", ""state"": """", ""zip"": """"}'}",1.08E+12,,9,9,0,0,1,constr type 1,1,constr type 1,2007-03-26T00:00:00.000,,,,,
5ea1fcc0c2aeecdcc61c52ed,2.01E+11,8,otc alterations permit,2007-01-09T00:00:00.000,3708,28,71,Stevenson,St,"t/i upgrade on fire sprinkler system. spec suite#1510,#3352. relocated 13 hd, add 2 hd, delete 4 hd. 15 total hd.",complete,2007-07-20T00:00:00.000,2007-01-09T00:00:00.000,2007-01-09T00:00:00.000,2007-05-09T00:00:00.000Z,3000,3000,office,office,2,6,Financial District/South Beach,94105,"{'latitude': '37.789384040303595', 'longitude': '-122.39965936842863', 'human_address': '{""address"": """", ""city"": """", ""state"": """", ""zip"": """"}'}",1.08E+12,,25,25,0,0,1,constr type 1,1,constr type 1,2007-07-20T00:00:00.000,,,,,
5ea1fcc0c2aeecdcc61c52ee,M53367,8,otc alterations permit,2007-01-09T00:00:00.000,6247,13,158,Leland,Av,sidewalk permit only.,issued,2007-01-09T00:00:00.000,2007-01-09T00:00:00.000,2007-01-09T00:00:00.000,,,0,,,,10,Visitacion Valley,94134,"{'latitude': '37.7125087366219', 'longitude': '-122.40648054207259', 'human_address': '{""address"": """", ""city"": """", ""state"": """", ""zip"": """"}'}",1.08E+12,,,,,,,,,,,,,,,
5ea1fcc0c2aeecdcc61c52ef,2.01E+11,8,otc alterations permit,2007-01-09T00:00:00.000,1270,66,142,Delmar,St,replace (e) windows (22) total @ back & side.,complete,2007-11-07T00:00:00.000,2007-01-09T00:00:00.000,2007-01-09T00:00:00.000,2007-07-09T00:00:00.000Z,10000,10000,2 family dwelling,2 family dwelling,0,8,Haight Ashbury,94117,"{'latitude': '37.76643957174819', 'longitude': '-122.44514240388278', 'human_address': '{""address"": """", ""city"": """", ""state"": """", ""zip"": """"}'}",1.08E+11,,3,3,2,2,5,wood frame (5),5,wood frame (5),2007-11-07T00:00:00.000,,,,,
5ea1fcc0c2aeecdcc61c52f0,2.01E+11,8,otc alterations permit,2007-01-09T00:00:00.000,1270,66,144,Delmar,St,replace (e) windows (22) total @ back & side.,complete,2007-11-07T00:00:00.000,2007-01-09T00:00:00.000,2007-01-09T00:00:00.000,2007-07-09T00:00:00.000Z,10000,10000,2 family dwelling,2 family dwelling,0,8,Haight Ashbury,94117,"{'latitude': '37.76643957174819', 'longitude': '-122.44514240388278', 'human_address': '{""address"": """", ""city"": """", ""state"": """", ""zip"": """"}'}",1.08E+12,,3,3,2,2,5,wood frame (5),5,wood frame (5),2007-11-07T00:00:00.000,,,,,
5ea1fcc0c2aeecdcc61c52f1,2.01E+11,8,otc alterations permit,2007-01-09T00:00:00.000,3577,43,26,Dearborn,St,"light remodel of one itchen: remove cabinets & replace w/new . move stove & vent outside 3  ft  front p.l. electric move  1 or 2 outlets, move gas for stove 50% high efficasy non structural.",complete,2007-05-18T00:00:00.000,2007-01-09T00:00:00.000,2007-01-09T00:00:00.000,2007-07-09T00:00:00.000Z,8000,8000,2 family dwelling,2 family dwelling,0,8,Mission,94110,"{'latitude': '37.762735360466834', 'longitude': '-122.42324435890409', 'human_address': '{""address"": """", ""city"": """", ""state"": """", ""zip"": """"}'}",1.08E+12,,2,2,2,2,5,wood frame (5),5,wood frame (5),2007-05-18T00:00:00.000,,,,,
5ea1fcc0c2aeecdcc61c52f2,2.01E+11,3,additions alterations or repairs,2007-01-09T00:00:00.000,848,7,566,Haight,St,facade alteration on 1/f for 2 new ada entrances & storefronts. change of use to full service restaurant (568 haight). change of use for 2nd commercial space (566 haight st.),complete,2008-04-18T00:00:00.000,2007-01-09T00:00:00.000,2007-08-31T00:00:00.000,2008-08-31T00:00:00.000Z,120000,180000,food/beverage hndlng,food/beverage hndlng,2,5,Hayes Valley,94117,"{'latitude': '37.772201588742554', 'longitude': '-122.43159958764491', 'human_address': '{""address"": """", ""city"": """", ""state"": """", ""zip"": """"}'}",1.08E+11,,3,3,2,2,5,wood frame (5),5,wood frame (5),2008-04-18T00:00:00.000,,Y,,2007-08-31T00:00:00.000,
5ea1fcc0c2aeecdcc61c52f3,2.01E+11,3,additions alterations or repairs,2007-01-09T00:00:00.000,848,7,568,Haight,St,facade alteration on 1/f for 2 new ada entrances & storefronts. change of use to full service restaurant (568 haight). change of use for 2nd commercial space (566 haight st.),complete,2008-04-18T00:00:00.000,2007-01-09T00:00:00.000,2007-08-31T00:00:00.000,2008-08-31T00:00:00.000Z,120000,180000,food/beverage hndlng,food/beverage hndlng,2,5,Hayes Valley,94117,"{'latitude': '37.772201588742554', 'longitude': '-122.43159958764491', 'human_address': '{""address"": """", ""city"": """", ""state"": """", ""zip"": """"}'}",1.08E+12,,3,3,2,2,5,wood frame (5),5,wood frame (5),2008-04-18T00:00:00.000,,Y,,2007-08-31T00:00:00.000,
5ea1fcc0c2aeecdcc61c52f4,2.01E+11,8,otc alterations permit,2007-01-09T00:00:00.000,3602,1,602,Noe,St,renew pa# 200504280198 for final inspection,complete,2007-02-27T00:00:00.000,2007-01-09T00:00:00.000,2007-01-09T00:00:00.000,2007-05-09T00:00:00.000Z,1,1,2 family dwelling,2 family dwelling,0,8,Castro/Upper Market,94114,"{'latitude': '37.7592402660994', 'longitude': '-122.43283369496447', 'human_address': '{""address"": """", ""city"": """", ""state"": """", ""zip"": """"}'}",1.08E+12,,3,3,2,2,5,wood frame (5),5,wood frame (5),2007-02-27T00:00:00.000,,,,,
5ea1fcc0c2aeecdcc61c52f5,2.01E+11,8,otc alterations permit,2007-01-09T00:00:00.000,3602,1,604,Noe,St,renew pa# 200504280198 for final inspection,complete,2007-02-27T00:00:00.000,2007-01-09T00:00:00.000,2007-01-09T00:00:00.000,2007-05-09T00:00:00.000Z,1,1,2 family dwelling,2 family dwelling,0,8,Castro/Upper Market,94114,"{'latitude': '37.7592402660994', 'longitude': '-122.43283369496447', 'human_address': '{""address"": """", ""city"": """", ""state"": """", ""zip"": """"}'}",1.08E+12,,3,3,2,2,5,wood frame (5),5,wood frame (5),2007-02-27T00:00:00.000,,,,,
5ea1fcc0c2aeecdcc61c52f6,2.01E+11,3,additions alterations or repairs,2007-01-09T00:00:00.000,3013,31,1253,Portola,Dr,"complete work to hobby room instalation of insulation and finish surfues wall and flooring. complete installation of bathroom, toilet, vanity, chower stell, vent fan, .liaghting.",cancelled,2007-11-09T00:00:00.000,2007-01-09T00:00:00.000,,,15000,,1 family dwelling,1 family dwelling,2,7,West of Twin Peaks,94127,"{'latitude': '37.73986913382221', 'longitude': '-122.46230437177678', 'human_address': '{""address"": """", ""city"": """", ""state"": """", ""zip"": """"}'}",1.08E+12,,2,2,1,1,5,wood frame (5),5,wood frame (5),,,,,,
5ea1fcc0c2aeecdcc61c52f7,2.01E+11,8,otc alterations permit,2007-01-09T00:00:00.000,2659,1,261,Corbett,Av,replace 5 windows on top floor (263 corbett). windows are not facing the street. using vinyl retro fit windows.,complete,2007-02-09T00:00:00.000,2007-01-09T00:00:00.000,2007-01-09T00:00:00.000,2007-05-09T00:00:00.000Z,2000,2000,apartments,apartments,0,8,Castro/Upper Market,94114,"{'latitude': '37.761092470950935', 'longitude': '-122.44402191242456', 'human_address': '{""address"": """", ""city"": """", ""state"": """", ""zip"": """"}'}",1.08E+12,0,3,3,3,3,5,wood frame (5),5,wood frame (5),2007-02-09T00:00:00.000,,,,,
5ea1fcc0c2aeecdcc61c52f8,2.01E+11,8,otc alterations permit,2007-01-09T00:00:00.000,2659,1,263,Corbett,Av,replace 5 windows on top floor (263 corbett). windows are not facing the street. using vinyl retro fit windows.,complete,2007-02-09T00:00:00.000,2007-01-09T00:00:00.000,2007-01-09T00:00:00.000,2007-05-09T00:00:00.000Z,2000,2000,apartments,apartments,0,8,Castro/Upper Market,94114,"{'latitude': '37.761092470950935', 'longitude': '-122.44402191242456', 'human_address': '{""address"": """", ""city"": """", ""state"": """", ""zip"": """"}'}",1.08E+12,0,3,3,3,3,5,wood frame (5),5,wood frame (5),2007-02-09T00:00:00.000,,,,,
5ea1fcc0c2aeecdcc61c52f9,M53402,8,otc alterations permit,2007-01-09T00:00:00.000,3729,57,249,09th,St,sidewalk permit,issued,2007-01-09T00:00:00.000,2007-01-09T00:00:00.000,2007-01-09T00:00:00.000,,,0,,,,6,South of Market,94103,"{'latitude': '37.774508876514055', 'longitude': '-122.41217066101979', 'human_address': '{""address"": """", ""city"": """", ""state"": """", ""zip"": """"}'}",1.08E+12,,,,,,,,,,,,,,,
5ea1fcc0c2aeecdcc61c52fa,M53403,8,otc alterations permit,2007-01-09T00:00:00.000,3637,20,3284,23rd,St,sidewalk permit,issued,2007-01-09T00:00:00.000,2007-01-09T00:00:00.000,2007-01-09T00:00:00.000,,,0,,,,9,Mission,94110,"{'latitude': '37.754000284958515', 'longitude': '-122.41825362317647', 'human_address': '{""address"": """", ""city"": """", ""state"": """", ""zip"": """"}'}",1.08E+12,,,,,,,,,,,,,,,
5ea1fcc0c2aeecdcc61c52fb,2.01E+11,8,otc alterations permit,2007-01-09T00:00:00.000,3553,22,1941,Mission,St,repair/replace handrail on bottom stairs.,complete,2007-02-07T00:00:00.000,2007-01-09T00:00:00.000,2007-01-09T00:00:00.000,2007-05-09T00:00:00.000Z,20,20,apartments,apartments,0,9,Mission,94103,"{'latitude': '37.76603209671538', 'longitude': '-122.41941081944417', 'human_address': '{""address"": """", ""city"": """", ""state"": """", ""zip"": """"}'}",1.08E+12,,3,3,58,58,5,wood frame (5),5,wood frame (5),2007-02-07T00:00:00.000,,,,,
5ea1fcc0c2aeecdcc61c52fc,M53404,8,otc alterations permit,2007-01-09T00:00:00.000,1233,3,151,Central,Av,street space permit,issued,2007-01-09T00:00:00.000,2007-01-09T00:00:00.000,2007-01-09T00:00:00.000,,,0,,,,5,Haight Ashbury,94117,"{'latitude': '37.77106068570436', 'longitude': '-122.44405992599437', 'human_address': '{""address"": """", ""city"": """", ""state"": """", ""zip"": """"}'}",1.08E+11,,,,,,,,,,,,,,,
5ea1fcc0c2aeecdcc61c52fd,M53405,8,otc alterations permit,2007-01-09T00:00:00.000,1245,1,1501,Haight,St,street space permit,issued,2007-01-09T00:00:00.000,2007-01-09T00:00:00.000,2007-01-09T00:00:00.000,,,0,,,,5,Haight Ashbury,94117,"{'latitude': '37.76976308868339', 'longitude': '-122.4471153332011', 'human_address': '{""address"": """", ""city"": """", ""state"": """", ""zip"": """"}'}",1.08E+11,,,,,,,,,,,,,,,
5ea1fcc0c2aeecdcc61c52fe,M53405,8,otc alterations permit,2007-01-09T00:00:00.000,1245,1,1509,Haight,St,street space permit,issued,2007-01-09T00:00:00.000,2007-01-09T00:00:00.000,2007-01-09T00:00:00.000,,,0,,,,5,Haight Ashbury,94117,"{'latitude': '37.76976308868339', 'longitude': '-122.4471153332011', 'human_address': '{""address"": """", ""city"": """", ""state"": """", ""zip"": """"}'}",1.08E+12,,,,,,,,,,,,,,,
5ea1fcc0c2aeecdcc61c52ff,2.01E+11,8,otc alterations permit,2007-01-09T00:00:00.000,5530,5,1649,York,St,"upper rear bedroom, instgall 2 ne2w skyite, install new window, install storage & cabinets",complete,2007-11-08T00:00:00.000,2007-01-09T00:00:00.000,2007-01-09T00:00:00.000,2007-07-09T00:00:00.000Z,8000,8000,1 family dwelling,1 family dwelling,2,9,Bernal Heights,94110,"{'latitude': '37.74727898141412', 'longitude': '-122.40614997794238', 'human_address': '{""address"": """", ""city"": """", ""state"": """", ""zip"": """"}'}",1.08E+12,,2,2,1,1,5,wood frame (5),5,wood frame (5),2007-11-08T00:00:00.000,,,,,
5ea1fcc0c2aeecdcc61c5300,2.01E+11,3,additions alterations or repairs,2007-01-09T00:00:00.000,3706,74,50,03rd,St,"interior remodeling on floors 4, 35 and 36/:convert office space into 5 guest rooms construct new fittness center. 35 and 36th flr:interiro remodeling , removing interconnecting stair between floor 35 and 36",expired,2013-10-29T00:00:00.000,2007-01-09T00:00:00.000,2007-03-21T00:00:00.000,2009-03-21T00:00:00.000Z,650000,650000,tourist hotel/motel,tourist hotel/motel,2,6,Financial District/South Beach,94103,"{'latitude': '37.78652508124445', 'longitude': '-122.40309239617214', 'human_address': '{""address"": """", ""city"": """", ""state"": """", ""zip"": """"}'}",1.08E+12,,36,36,669,676,1,constr type 1,1,constr type 1,,,,,,
5ea1fcc0c2aeecdcc61c5301,2.01E+11,8,otc alterations permit,2007-01-09T00:00:00.000,4272,33,3027,25th,St,"flood damage repair-removal and replacement of all water damaged finishes. exploratory demolition for water damage. all work ground level, replace in kind.",expired,2008-08-19T00:00:00.000,2007-01-09T00:00:00.000,2007-01-09T00:00:00.000,2007-07-09T00:00:00.000Z,18000,18000,2 family dwelling,2 family dwelling,0,9,Mission,94110,"{'latitude': '37.75091168971213', 'longitude': '-122.41060276908144', 'human_address': '{""address"": """", ""city"": """", ""state"": """", ""zip"": """"}'}",1.08E+12,,2,2,2,2,5,wood frame (5),5,wood frame (5),,,,,,
5ea1fcc0c2aeecdcc61c5302,2.01E+11,3,additions alterations or repairs,2007-01-09T00:00:00.000,3585,32,567,Sanchez,St,revision to previously appl#200207312759 changes as indicated by 3 dated 1/7/2007 on sheet s3.,expired,2008-01-30T00:00:00.000,2007-01-09T00:00:00.000,2007-03-09T00:00:00.000,2007-07-09T00:00:00.000Z,100,5000,1 family dwelling,1 family dwelling,2,8,Castro/Upper Market,94114,"{'latitude': '37.75998144460485', 'longitude': '-122.43012813106019', 'human_address': '{""address"": """", ""city"": """", ""state"": """", ""zip"": """"}'}",1.08E+12,,3,3,1,1,5,wood frame (5),5,wood frame (5),,,,,,
5ea1fcc0c2aeecdcc61c5303,2.01E+11,8,otc alterations permit,2007-01-09T00:00:00.000,1608,007A,731,36th,Av,"remove (e) plaster and install new sheetrock (gym boards) through the 2nd floors. install r-13 insulation at exterior walls and repair dry wall in kind, if discovered after exposed joists and studs.",complete,2007-06-04T00:00:00.000,2007-01-09T00:00:00.000,2007-01-09T00:00:00.000,2008-01-09T00:00:00.000Z,40000,40000,1 family dwelling,1 family dwelling,0,1,Outer Richmond,94121,"{'latitude': '37.77512320810297', 'longitude': '-122.49653374750622', 'human_address': '{""address"": """", ""city"": """", ""state"": """", ""zip"": """"}'}",1.08E+12,,3,3,1,1,5,wood frame (5),5,wood frame (5),2007-06-04T00:00:00.000,,,,,
5ea1fcc0c2aeecdcc61c5304,2.01E+11,8,otc alterations permit,2007-01-09T00:00:00.000,1772,4,1327,17th,Av,"drywall replacement, insulation, eletrical update, plmbg update, kchn cabinet replacement",complete,2007-10-03T00:00:00.000,2007-01-09T00:00:00.000,2007-01-09T00:00:00.000,2007-07-09T00:00:00.000Z,15000,15000,2 family dwelling,2 family dwelling,2,4,Inner Sunset,94122,"{'latitude': '37.76306820649619', 'longitude': '-122.47527242939053', 'human_address': '{""address"": """", ""city"": """", ""state"": """", ""zip"": """"}'}",1.08E+12,,3,3,2,2,5,wood frame (5),5,wood frame (5),2007-10-03T00:00:00.000,,,,,
5ea1fcc0c2aeecdcc61c5305,2.01E+11,8,otc alterations permit,2007-01-09T00:00:00.000,1772,4,1329,17th,Av,"drywall replacement, insulation, eletrical update, plmbg update, kchn cabinet replacement",complete,2007-10-03T00:00:00.000,2007-01-09T00:00:00.000,2007-01-09T00:00:00.000,2007-07-09T00:00:00.000Z,15000,15000,2 family dwelling,2 family dwelling,2,4,Inner Sunset,94122,"{'latitude': '37.76306820649619', 'longitude': '-122.47527242939053', 'human_address': '{""address"": """", ""city"": """", ""state"": """", ""zip"": """"}'}",1.08E+12,,3,3,2,2,5,wood frame (5),5,wood frame (5),2007-10-03T00:00:00.000,,,,,
5ea1fcc0c2aeecdcc61c5306,2.01E+11,8,otc alterations permit,2007-01-09T00:00:00.000,983,11,3256,Washington,St,remodel 1 kitchen and 2 bathrooms at upper unit. replace cabinets and appliances. no structural work.,complete,2008-05-23T00:00:00.000,2007-01-09T00:00:00.000,2007-01-09T00:00:00.000,2008-01-09T00:00:00.000Z,40000,40000,2 family dwelling,2 family dwelling,0,2,Presidio Heights,94115,"{'latitude': '37.790268021520355', 'longitude': '-122.44690613709508', 'human_address': '{""address"": """", ""city"": """", ""state"": """", ""zip"": """"}'}",1.08E+11,,4,4,2,2,5,wood frame (5),5,wood frame (5),2008-05-23T00:00:00.000,,,,,
5ea1fcc0c2aeecdcc61c5307,2.01E+11,8,otc alterations permit,2007-01-09T00:00:00.000,4087,41,2811,20th,St,install 30 pv solar panels on flat roof,complete,2007-02-13T00:00:00.000,2007-01-09T00:00:00.000,2007-01-09T00:00:00.000,2007-07-09T00:00:00.000Z,9000,9000,1 family dwelling,1 family dwelling,2,9,Mission,94110,"{'latitude': '37.759070331745654', 'longitude': '-122.40917627369113', 'human_address': '{""address"": """", ""city"": """", ""state"": """", ""zip"": """"}'}",1.08E+12,,3,3,1,1,5,wood frame (5),5,wood frame (5),2007-02-13T00:00:00.000,,,,,
5ea1fcc0c2aeecdcc61c5308,M53427,8,otc alterations permit,2007-01-09T00:00:00.000,660,39,2140,Bush,St,street space permit,issued,2007-01-09T00:00:00.000,2007-01-09T00:00:00.000,2007-01-09T00:00:00.000,,,0,,,,5,Pacific Heights,94115,"{'latitude': '37.787418970723046', 'longitude': '-122.43247795904921', 'human_address': '{""address"": """", ""city"": """", ""state"": """", ""zip"": """"}'}",1.08E+12,,,,,,,,,,,,,,,
5ea1fcc0c2aeecdcc61c5309,2.01E+11,3,additions alterations or repairs,2007-01-09T00:00:00.000,2036A,6,727,Moraga,St,to change eng on record from pa# 2002/01/17/7252 to santos & urrutia structural engineers.various structural changes to 200201177252. this permit supersedes all structural plans uner 200201177252.,issued,2007-03-07T00:00:00.000,2007-01-09T00:00:00.000,2007-03-07T00:00:00.000,2007-09-07T00:00:00.000Z,2000,12000,2 family dwelling,2 family dwelling,2,7,Inner Sunset,94122,"{'latitude': '37.75612468266003', 'longitude': '-122.47054660189393', 'human_address': '{""address"": """", ""city"": """", ""state"": """", ""zip"": """"}'}",1.08E+12,,3,3,2,2,5,wood frame (5),5,wood frame (5),,,,,,
5ea1fcc0c2aeecdcc61c530a,2.01E+11,3,additions alterations or repairs,2007-01-09T00:00:00.000,2036A,6,729,Moraga,St,to change eng on record from pa# 2002/01/17/7252 to santos & urrutia structural engineers.various structural changes to 200201177252. this permit supersedes all structural plans uner 200201177252.,issued,2007-03-07T00:00:00.000,2007-01-09T00:00:00.000,2007-03-07T00:00:00.000,2007-09-07T00:00:00.000Z,2000,12000,2 family dwelling,2 family dwelling,2,7,Inner Sunset,94122,"{'latitude': '37.75612468266003', 'longitude': '-122.47054660189393', 'human_address': '{""address"": """", ""city"": """", ""state"": """", ""zip"": """"}'}",1.08E+12,,3,3,2,2,5,wood frame (5),5,wood frame (5),,,,,,
5ea1fcc0c2aeecdcc61c530b,M53422,8,otc alterations permit,2007-01-09T00:00:00.000,868,5,61,Webster,St,sidewalk permit,issued,2007-01-09T00:00:00.000,2007-01-09T00:00:00.000,2007-01-09T00:00:00.000,,,0,,,,5,Hayes Valley,94117,"{'latitude': '37.77067504070421', 'longitude': '-122.42873550901028', 'human_address': '{""address"": """", ""city"": """", ""state"": """", ""zip"": """"}'}",1.08E+11,,,,,,,,,,,,,,,
5ea1fcc0c2aeecdcc61c530c,M53422,8,otc alterations permit,2007-01-09T00:00:00.000,868,5,63,Webster,St,sidewalk permit,issued,2007-01-09T00:00:00.000,2007-01-09T00:00:00.000,2007-01-09T00:00:00.000,,,0,,,,5,Hayes Valley,94117,"{'latitude': '37.77067504070421', 'longitude': '-122.42873550901028', 'human_address': '{""address"": """", ""city"": """", ""state"": """", ""zip"": """"}'}",1.08E+12,,,,,,,,,,,,,,,
5ea1fcc0c2aeecdcc61c530d,M53422,8,otc alterations permit,2007-01-09T00:00:00.000,868,5,65,Webster,St,sidewalk permit,issued,2007-01-09T00:00:00.000,2007-01-09T00:00:00.000,2007-01-09T00:00:00.000,,,0,,,,5,Hayes Valley,94117,"{'latitude': '37.77067504070421', 'longitude': '-122.42873550901028', 'human_address': '{""address"": """", ""city"": """", ""state"": """", ""zip"": """"}'}",1.08E+12,,,,,,,,,,,,,,,
5ea1fcc0c2aeecdcc61c530e,2.01E+11,8,otc alterations permit,2007-01-09T00:00:00.000,1671,007L,891,28th,Av,reroofing,issued,2007-01-09T00:00:00.000,2007-01-09T00:00:00.000,2007-01-09T00:00:00.000,2007-05-09T00:00:00.000Z,4700,4700,1 family dwelling,1 family dwelling,0,1,Outer Richmond,94121,"{'latitude': '37.77262846951915', 'longitude': '-122.48769855902707', 'human_address': '{""address"": """", ""city"": """", ""state"": """", ""zip"": """"}'}",1.08E+12,,,,,,,,,,,,,,,
5ea1fcc0c2aeecdcc61c530f,2.01E+11,8,otc alterations permit,2007-01-09T00:00:00.000,6566,10,3822,Cesar Chavez,St,replace 8 extg single pane wndw and 1 extg patio door with new double pane wood wndw and door maintaining same sizes and styles. 7 wndw visible from street,complete,2007-02-05T00:00:00.000,2007-01-09T00:00:00.000,2007-01-09T00:00:00.000,2007-07-09T00:00:00.000Z,8840,8840,2 family dwelling,2 family dwelling,0,8,Noe Valley,94131,"{'latitude': '37.74803417978139', 'longitude': '-122.42551652515279', 'human_address': '{""address"": """", ""city"": """", ""state"": """", ""zip"": """"}'}",1.08E+12,,2,2,2,2,5,wood frame (5),5,wood frame (5),2007-02-05T00:00:00.000,,,,,
5ea1fcc0c2aeecdcc61c5310,M53423,8,otc alterations permit,2007-01-09T00:00:00.000,1201,2,643,Divisadero,St,sidewalk permit,issued,2007-01-09T00:00:00.000,2007-01-09T00:00:00.000,2007-01-09T00:00:00.000,,,0,,,,5,Hayes Valley,94117,"{'latitude': '37.77562651684608', 'longitude': '-122.4382653474189', 'human_address': '{""address"": """", ""city"": """", ""state"": """", ""zip"": """"}'}",1.08E+11,,,,,,,,,,,,,,,
5ea1fcc0c2aeecdcc61c5311,M53423,8,otc alterations permit,2007-01-09T00:00:00.000,1201,2,645,Divisadero,St,sidewalk permit,issued,2007-01-09T00:00:00.000,2007-01-09T00:00:00.000,2007-01-09T00:00:00.000,,,0,,,,5,Hayes Valley,94117,"{'latitude': '37.77562651684608', 'longitude': '-122.4382653474189', 'human_address': '{""address"": """", ""city"": """", ""state"": """", ""zip"": """"}'}",1.08E+12,,,,,,,,,,,,,,,
5ea1fcc0c2aeecdcc61c5312,2.01E+11,8,otc alterations permit,2007-01-09T00:00:00.000,6566,10,3824,Cesar Chavez,St,replace 8 extg single pane wndw and 1 extg patio door with new double pane wood wndw and door maintaining same sizes and styles. 7 wndw visible from street,complete,2007-02-05T00:00:00.000,2007-01-09T00:00:00.000,2007-01-09T00:00:00.000,2007-07-09T00:00:00.000Z,8840,8840,2 family dwelling,2 family dwelling,0,8,Noe Valley,94131,"{'latitude': '37.74803417978139', 'longitude': '-122.42551652515279', 'human_address': '{""address"": """", ""city"": """", ""state"": """", ""zip"": """"}'}",1.08E+12,,2,2,2,2,5,wood frame (5),5,wood frame (5),2007-02-05T00:00:00.000,,,,,
5ea1fcc0c2aeecdcc61c5313,2.01E+11,3,additions alterations or repairs,2007-01-09T00:00:00.000,261,7,200,Sansome,St,"intall 1 fire alarm panel, 4 booster panels, 41 smoke detectors, 1 heat detector, 6 speakers, 69 speakers/strobs, 49 pull stations, 29 modules, 6 firemen phones, 1 printer.",expired,2009-04-07T00:00:00.000,2007-01-09T00:00:00.000,2007-03-12T00:00:00.000,2008-03-12T00:00:00.000Z,65000,65000,office,office,2,3,Financial District/South Beach,94104,"{'latitude': '37.79229561339396', 'longitude': '-122.40070689764669', 'human_address': '{""address"": """", ""city"": """", ""state"": """", ""zip"": """"}'}",1.08E+12,0,16,16,0,0,1,constr type 1,1,constr type 1,,,,,,
5ea1fcc0c2aeecdcc61c5314,2.01E+11,8,otc alterations permit,2007-01-09T00:00:00.000,3568,12,590,Valencia,St,"work @ restaurant only. relocate hood, install / replace 10' hood, new exhaust fan. type i hood. extinguishing system under separate permit.",complete,2007-08-15T00:00:00.000,2007-01-09T00:00:00.000,2007-01-09T00:00:00.000,2007-07-09T00:00:00.000Z,17000,17000,food/beverage hndlng,food/beverage hndlng,2,8,Mission,94110,"{'latitude': '37.763447760085185', 'longitude': '-122.4220433195789', 'human_address': '{""address"": """", ""city"": """", ""state"": """", ""zip"": """"}'}",1.08E+12,,3,3,21,21,5,wood frame (5),5,wood frame (5),2007-08-15T00:00:00.000,,,,,
5ea1fcc0c2aeecdcc61c5315,M53424,8,otc alterations permit,2007-01-09T00:00:00.000,221,60,1250,Jones,St,street space permit,issued,2007-01-09T00:00:00.000,2007-01-09T00:00:00.000,2007-01-09T00:00:00.000,,,0,,,,3,Nob Hill,94108,"{'latitude': '37.79305475737979', 'longitude': '-122.41407331282454', 'human_address': '{""address"": """", ""city"": """", ""state"": """", ""zip"": """"}'}",1.08E+11,702,,,,,,,,,,,,,,
5ea1fcc0c2aeecdcc61c5316,M53425,8,otc alterations permit,2007-01-09T00:00:00.000,3730,84,33,Rausch,St,sidewalk repair,issued,2007-01-09T00:00:00.000,2007-01-09T00:00:00.000,2007-01-09T00:00:00.000,,,0,,,,6,South of Market,94103,"{'latitude': '37.77680828751978', 'longitude': '-122.40974071461123', 'human_address': '{""address"": """", ""city"": """", ""state"": """", ""zip"": """"}'}",1.08E+12,,,,,,,,,,,,,,,
5ea1fcc0c2aeecdcc61c5317,M53426,8,otc alterations permit,2007-01-09T00:00:00.000,603,17,2149,Jackson,St,street space permit,issued,2007-01-09T00:00:00.000,2007-01-09T00:00:00.000,2007-01-09T00:00:00.000,,,0,,,,2,Pacific Heights,94115,"{'latitude': '37.792726624704834', 'longitude': '-122.43039820138894', 'human_address': '{""address"": """", ""city"": """", ""state"": """", ""zip"": """"}'}",1.08E+11,,,,,,,,,,,,,,,
5ea1fcc0c2aeecdcc61c5318,2.01E+11,8,otc alterations permit,2007-01-09T00:00:00.000,7537,22,630,30th,St,build fence along property line nextto concrete retaining wall and replace existing trellis,complete,2007-04-11T00:00:00.000,2007-01-09T00:00:00.000,2007-01-09T00:00:00.000,2007-05-09T00:00:00.000Z,5000,5000,1 family dwelling,1 family dwelling,2,8,Glen Park,94131,"{'latitude': '37.74187814405095', 'longitude': '-122.43403212306939', 'human_address': '{""address"": """", ""city"": """", ""state"": """", ""zip"": """"}'}",1.08E+12,,2,2,1,1,5,wood frame (5),5,wood frame (5),2007-04-11T00:00:00.000,,,,,
5ea1fcc0c2aeecdcc61c5319,M53428,8,otc alterations permit,2007-01-09T00:00:00.000,25,26,840,North Point,St,street space permit,issued,2007-01-09T00:00:00.000,2007-01-09T00:00:00.000,2007-01-09T00:00:00.000,,,0,,,,2,Russian Hill,94109,"{'latitude': '37.80590806633883', 'longitude': '-122.42114956949476', 'human_address': '{""address"": """", ""city"": """", ""state"": """", ""zip"": """"}'}",1.08E+12,,,,,,,,,,,,,,,
5ea1fcc0c2aeecdcc61c531a,2.01E+11,8,otc alterations permit,2007-01-09T00:00:00.000,715,68,151,Alice B Toklas,Pl,relocate extg fire sprnklr 7 new and 9 relocated,complete,2007-05-16T00:00:00.000,2007-01-09T00:00:00.000,2007-01-09T00:00:00.000,2007-05-09T00:00:00.000Z,4000,4000,apartments,apartments,2,6,Tenderloin,94109,"{'latitude': '37.785087993531405', 'longitude': '-122.42067400388059', 'human_address': '{""address"": """", ""city"": """", ""state"": """", ""zip"": """"}'}",1.08E+12,813,8,8,53,53,1,constr type 1,1,constr type 1,2007-05-16T00:00:00.000,,,,,
5ea1fcc0c2aeecdcc61c531b,2.01E+11,8,otc alterations permit,2007-01-09T00:00:00.000,182,21,1544,Jones,St,"remodel 1 bathroom, new toilet and tub. ceramic tile on walls & floor.",expired,2012-02-03T00:00:00.000,2007-01-09T00:00:00.000,2007-01-09T00:00:00.000,2007-07-09T00:00:00.000Z,9000,9000,apartments,apartments,0,3,Nob Hill,94133,"{'latitude': '37.79569571663588', 'longitude': '-122.41471661733927', 'human_address': '{""address"": """", ""city"": """", ""state"": """", ""zip"": """"}'}",1.08E+12,,3,3,15,15,5,wood frame (5),5,wood frame (5),,,,,,
5ea1fcc0c2aeecdcc61c531c,M53442,8,otc alterations permit,2007-01-09T00:00:00.000,1021,30,3365,Sacramento,St,streetspace and sidewalk,issued,2007-01-09T00:00:00.000,2007-01-09T00:00:00.000,2007-01-09T00:00:00.000,,,0,,,,2,Presidio Heights,94118,"{'latitude': '37.78759511186539', 'longitude': '-122.44800648151542', 'human_address': '{""address"": """", ""city"": """", ""state"": """", ""zip"": """"}'}",1.08E+11,,,,,,,,,,,,,,,
5ea1fcc0c2aeecdcc61c531d,M53443,8,otc alterations permit,2007-01-09T00:00:00.000,1255,076A,1339,Waller,St,streetspace and sidewalk,issued,2007-01-09T00:00:00.000,2007-01-09T00:00:00.000,2007-01-09T00:00:00.000,,,0,,,,5,Haight Ashbury,94117,"{'latitude': '37.7690119286054', 'longitude': '-122.44576467121483', 'human_address': '{""address"": """", ""city"": """", ""state"": """", ""zip"": """"}'}",1.08E+11,,,,,,,,,,,,,,,
5ea1fcc0c2aeecdcc61c531e,M53443,8,otc alterations permit,2007-01-09T00:00:00.000,1255,076A,1343,Waller,St,streetspace and sidewalk,issued,2007-01-09T00:00:00.000,2007-01-09T00:00:00.000,2007-01-09T00:00:00.000,,,0,,,,5,Haight Ashbury,94117,"{'latitude': '37.7690119286054', 'longitude': '-122.44576467121483', 'human_address': '{""address"": """", ""city"": """", ""state"": """", ""zip"": """"}'}",1.08E+12,,,,,,,,,,,,,,,
5ea1fcc0c2aeecdcc61c531f,M53444,8,otc alterations permit,2007-01-09T00:00:00.000,1181,014B,1290,Grove,St,streetspace and sidewalk,issued,2007-01-09T00:00:00.000,2007-01-09T00:00:00.000,2007-01-09T00:00:00.000,,,0,,,,5,Hayes Valley,94117,"{'latitude': '37.77619542677946', 'longitude': '-122.43779376987165', 'human_address': '{""address"": """", ""city"": """", ""state"": """", ""zip"": """"}'}",1.08E+11,,,,,,,,,,,,,,,
5ea1fcc0c2aeecdcc61c5320,M53445,8,otc alterations permit,2007-01-09T00:00:00.000,643,1,1545,Polk,St,streetspace and sidewalk,issued,2007-01-09T00:00:00.000,2007-01-09T00:00:00.000,2007-01-09T00:00:00.000,,,0,,,,3,Nob Hill,94109,"{'latitude': '37.79124924012027', 'longitude': '-122.42110409364383', 'human_address': '{""address"": """", ""city"": """", ""state"": """", ""zip"": """"}'}",1.08E+11,,,,,,,,,,,,,,,
5ea1fcc0c2aeecdcc61c5321,M53446,8,otc alterations permit,2007-01-09T00:00:00.000,1202,002J,616,Divisadero,St,streetspace and sidewalk,issued,2007-01-09T00:00:00.000,2007-01-09T00:00:00.000,2007-01-09T00:00:00.000,,,0,,,,5,Hayes Valley,94117,"{'latitude': '37.775313751422985', 'longitude': '-122.4374623861592', 'human_address': '{""address"": """", ""city"": """", ""state"": """", ""zip"": """"}'}",1.08E+11,,,,,,,,,,,,,,,
5ea1fcc0c2aeecdcc61c5322,2.01E+11,8,otc alterations permit,2007-01-09T00:00:00.000,3589,4,2224,Mission,St,"upgrade existing bathrooms with new toilets, sinks, mirrors, crab bars. install new door closures, new handicap accessible fixtures in both bathrooms, new hc stripe area in existing parking lot. no change in front door swings.",expired,2010-01-27T00:00:00.000,2007-01-09T00:00:00.000,2007-01-09T00:00:00.000,2007-05-09T00:00:00.000Z,1800,1800,food/beverage hndlng,food/beverage hndlng,2,9,Mission,94110,"{'latitude': '37.76131886779234', 'longitude': '-122.41973331509486', 'human_address': '{""address"": """", ""city"": """", ""state"": """", ""zip"": """"}'}",1.08E+12,,1,1,0,0,3,constr type 3,3,constr type 3,2007-01-22T00:00:00.000,,,,,
5ea1fcc0c2aeecdcc61c5323,2.01E+11,8,otc alterations permit,2007-01-09T00:00:00.000,1289,32,160,Belgrave,Av,"a raised walkway-access form 12"" for s/w property line t entry at home, due to steps down and up",complete,2007-05-25T00:00:00.000,2007-01-09T00:00:00.000,2007-01-09T00:00:00.000,2007-07-09T00:00:00.000Z,20000,20000,1 family dwelling,1 family dwelling,2,5,Inner Sunset,94117,"{'latitude': '37.75979376378303', 'longitude': '-122.45082445806806', 'human_address': '{""address"": """", ""city"": """", ""state"": """", ""zip"": """"}'}",1.08E+11,,2,2,1,1,5,wood frame (5),5,wood frame (5),2007-05-25T00:00:00.000,,,,,
5ea1fcc0c2aeecdcc61c5324,2.01E+11,8,otc alterations permit,2007-01-09T00:00:00.000,2050A,23,1877,Funston,Av,revision to pa# 2006/11/22/8387. to add plans & delete silt fence for emergency winterization of landslide slope (temporary). plan set is shared with 3 other permit applications (see for list above). special inspection requirement remain as in original pa. permit will not be finalized until,complete,2007-02-05T00:00:00.000,2007-01-09T00:00:00.000,2007-01-09T00:00:00.000,2007-05-09T00:00:00.000Z,1,1,1 family dwelling,1 family dwelling,2,7,Inner Sunset,94122,"{'latitude': '37.75309549392775', 'longitude': '-122.47051700617924', 'human_address': '{""address"": """", ""city"": """", ""state"": """", ""zip"": """"}'}",1.08E+12,,2,2,1,1,5,wood frame (5),5,wood frame (5),2007-02-05T00:00:00.000,,,,,
5ea1fcc0c2aeecdcc61c5325,2.01E+11,3,additions alterations or repairs,2007-01-09T00:00:00.000,664,31,1760,Bush,St,sprinkler monitoriing system install.,expired,2009-04-07T00:00:00.000,2007-01-09T00:00:00.000,2007-08-06T00:00:00.000,2007-12-06T00:00:00.000Z,4000,4000,apartments,apartments,2,5,Pacific Heights,94109,"{'latitude': '37.78818274352447', 'longitude': '-122.42641177635605', 'human_address': '{""address"": """", ""city"": """", ""state"": """", ""zip"": """"}'}",1.08E+12,,6,6,108,108,1,constr type 1,1,constr type 1,,,,,,
5ea1fcc0c2aeecdcc61c5326,2.01E+11,8,otc alterations permit,2007-01-09T00:00:00.000,2050A,24,1879,Funston,Av,revision to pa# 2006/11/22/8388. to add plans & delete silt fence for emergency winterization of landslide slope (temporary). plan set is shared with 3 other permit applications (see for list above). special inspection requirement remain as in original pa. permit will not be finalized until,complete,2007-02-02T00:00:00.000,2007-01-09T00:00:00.000,2007-01-09T00:00:00.000,2007-05-09T00:00:00.000Z,1,1,1 family dwelling,1 family dwelling,2,7,Inner Sunset,94122,"{'latitude': '37.75300076078577', 'longitude': '-122.47045029242793', 'human_address': '{""address"": """", ""city"": """", ""state"": """", ""zip"": """"}'}",1.08E+12,,2,2,1,1,5,wood frame (5),5,wood frame (5),2007-02-02T00:00:00.000,,,,,
5ea1fcc0c2aeecdcc61c5327,2.01E+11,8,otc alterations permit,2007-01-09T00:00:00.000,2050A,20,1878,14th,Av,revision to pa# 2006/11/22/8386. to add plans & delete silt fence for emergency winterization of landslide slope (temporary). plan set is shared with 3 other permit applications (see for list above). special inspection requirement remain as in original pa. permit will not be finalized until,complete,2007-02-05T00:00:00.000,2007-01-09T00:00:00.000,2007-01-09T00:00:00.000,2007-05-09T00:00:00.000Z,1,1,1 family dwelling,1 family dwelling,2,7,Inner Sunset,94122,"{'latitude': '37.75286404935374', 'longitude': '-122.47072716911403', 'human_address': '{""address"": """", ""city"": """", ""state"": """", ""zip"": """"}'}",1.08E+12,,2,2,1,1,5,wood frame (5),5,wood frame (5),2007-02-05T00:00:00.000,,,,,
5ea1fcc0c2aeecdcc61c5328,2.01E+11,8,otc alterations permit,2007-01-09T00:00:00.000,2050A,6,1848,14th,Av,revision to pa# 2006/11/22/8381. to add plans & delete silt fence for emergency winterization of landslide slope (temporary). plan set is shared with 3 other permit applications (see for list above). special inspection requirement remain as in original pa. permit will not be finalized until,complete,2007-02-05T00:00:00.000,2007-01-09T00:00:00.000,2007-01-09T00:00:00.000,2007-05-09T00:00:00.000Z,1,1,vacant lot,vacant lot,2,7,Inner Sunset,94122,"{'latitude': '37.75344407387596', 'longitude': '-122.47086109639314', 'human_address': '{""address"": """", ""city"": """", ""state"": """", ""zip"": """"}'}",1.08E+12,,0,0,0,0,,,,,2007-02-05T00:00:00.000,,,V,,
5ea1fcc0c2aeecdcc61c5329,2.01E+11,3,additions alterations or repairs,2007-01-09T00:00:00.000,798,9,930,Grove,St,"comply with nov #200671344, issued on 7/14/06. provide (n) driveway access to (n) underground parking garage, provide (n) elevator-residential, provide (n) stair & modify (e) to (n) garage. mep under separate permit.",expired,2017-01-13T00:00:00.000,2007-01-09T00:00:00.000,2012-04-16T00:00:00.000,2015-04-01T00:00:00.000Z,300000,770000,apartments,apartments,2,5,Hayes Valley,94117,"{'latitude': '37.776939949209506', 'longitude': '-122.43228603420641', 'human_address': '{""address"": """", ""city"": """", ""state"": """", ""zip"": """"}'}",1.08E+12,,3,3,13,13,5,wood frame (5),5,wood frame (5),,Y,Y,,2012-04-16T00:00:00.000,
5ea1fcc0c2aeecdcc61c532a,2.01E+11,8,otc alterations permit,2007-01-09T00:00:00.000,1534,16,491,10th,Av,"remodel 4 kitchens and 4 bathrooms. remove walls and replace with beams. add 4 windows, 2 visible from street.",complete,2007-08-09T00:00:00.000,2007-01-09T00:00:00.000,2007-01-09T00:00:00.000,2008-01-09T00:00:00.000Z,45000,45000,apartments,apartments,2,1,Inner Richmond,94118,"{'latitude': '37.779137298327335', 'longitude': '-122.46861999900403', 'human_address': '{""address"": """", ""city"": """", ""state"": """", ""zip"": """"}'}",1.08E+12,,2,2,4,4,5,wood frame (5),5,wood frame (5),2007-08-09T00:00:00.000,,,,,
5ea1fcc0c2aeecdcc61c532b,2.01E+11,8,otc alterations permit,2007-01-09T00:00:00.000,1534,16,497,10th,Av,"remodel 4 kitchens and 4 bathrooms. remove walls and replace with beams. add 4 windows, 2 visible from street.",complete,2007-08-09T00:00:00.000,2007-01-09T00:00:00.000,2007-01-09T00:00:00.000,2008-01-09T00:00:00.000Z,45000,45000,apartments,apartments,2,1,Inner Richmond,94118,"{'latitude': '37.779137298327335', 'longitude': '-122.46861999900403', 'human_address': '{""address"": """", ""city"": """", ""state"": """", ""zip"": """"}'}",1.08E+12,0,2,2,4,4,5,wood frame (5),5,wood frame (5),2007-08-09T00:00:00.000,,,,,
5ea1fcc0c2aeecdcc61c532c,2.01E+11,8,otc alterations permit,2007-01-09T00:00:00.000,7137,15,240,Sagamore,St,reduce the size ofstorage at rear to comply with nov 200685673 & 200680568,complete,2007-05-24T00:00:00.000,2007-01-09T00:00:00.000,2007-01-09T00:00:00.000,2007-05-09T00:00:00.000Z,3000,3000,storage shed,storage shed,2,11,Oceanview/Merced/Ingleside,94112,"{'latitude': '37.71168510251742', 'longitude': '-122.46056193105913', 'human_address': '{""address"": """", ""city"": """", ""state"": """", ""zip"": """"}'}",1.08E+12,,2,2,0,0,5,wood frame (5),5,wood frame (5),2007-05-24T00:00:00.000,,,,,
5ea1fcc0c2aeecdcc61c532d,2.01E+11,8,otc alterations permit,2007-01-09T00:00:00.000,710,27,55,Western Shore,Ln,"replace kitchen + bathroom floor, sink, vanity, fixtures and 3 kitchen cabinets on unit#5 ground floor. no structural modifications.",complete,2007-02-08T00:00:00.000,2007-01-09T00:00:00.000,2007-01-09T00:00:00.000,2007-07-09T00:00:00.000Z,5500,5500,apartments,apartments,0,5,Western Addition,94115,"{'latitude': '37.78423591834485', 'longitude': '-122.42868045608749', 'human_address': '{""address"": """", ""city"": """", ""state"": """", ""zip"": """"}'}",1.08E+12,,3,3,24,24,5,wood frame (5),5,wood frame (5),2007-02-08T00:00:00.000,,,,,
5ea1fcc0c2aeecdcc61c532e,2.01E+11,8,otc alterations permit,2007-01-09T00:00:00.000,3755,169,130,Langton,St,"install 4 vinyl windows in kind into existing frames. no change in size or location. windows do  not face the street. if applicable, bedroom windows will comply with section 310.4 for rescue. all windows will be double pane and have a u-factor of .30.",complete,2015-10-05T00:00:00.000,2007-01-09T00:00:00.000,2007-01-09T00:00:00.000,2007-05-09T00:00:00.000Z,2893,2893,apartments,apartments,0,6,South of Market,94103,"{'latitude': '37.775762821678995', 'longitude': '-122.40795499182244', 'human_address': '{""address"": """", ""city"": """", ""state"": """", ""zip"": """"}'}",1.08E+12,,2,2,16,16,5,wood frame (5),5,wood frame (5),2015-10-05T00:00:00.000,,,A,,
5ea1fcc0c2aeecdcc61c532f,2.01E+11,8,otc alterations permit,2007-01-09T00:00:00.000,592,004D,1924,Jackson,St,"install 7 vinyl windows in kind into existin gframes. no change in size or location. windows do face the street. if applicable, bedroom windows will comply with section 310.4 for rescue. all windows will be double pane and have a u-factor of .30.",complete,2007-04-05T00:00:00.000,2007-01-09T00:00:00.000,2007-01-09T00:00:00.000,2007-05-09T00:00:00.000Z,3069,3069,2 family dwelling,2 family dwelling,0,2,Pacific Heights,94109,"{'latitude': '37.79372365072698', 'longitude': '-122.42684785478208', 'human_address': '{""address"": """", ""city"": """", ""state"": """", ""zip"": """"}'}",1.08E+12,,2,2,2,2,5,wood frame (5),5,wood frame (5),2007-04-05T00:00:00.000,,,,,
5ea1fcc0c2aeecdcc61c5330,2.01E+11,8,otc alterations permit,2007-01-09T00:00:00.000,3032A,24,702,Foerster,St,to comply w/nov#200677519: install 3 electric wall heaters in middle foor (2 bedrooms & 1 dining room).,complete,2007-02-07T00:00:00.000,2007-01-09T00:00:00.000,2007-01-09T00:00:00.000,2007-05-09T00:00:00.000Z,1500,1500,1 family dwelling,1 family dwelling,0,7,West of Twin Peaks,94127,"{'latitude': '37.73395824369649', 'longitude': '-122.44865742021541', 'human_address': '{""address"": """", ""city"": """", ""state"": """", ""zip"": """"}'}",1.08E+12,,3,3,1,1,5,wood frame (5),5,wood frame (5),2007-02-07T00:00:00.000,,,,,
5ea1fcc0c2aeecdcc61c5331,2.01E+11,3,additions alterations or repairs,2007-01-09T00:00:00.000,3788,44,680,02nd,St,modification of (e) store front,expired,2008-12-18T00:00:00.000,2007-01-09T00:00:00.000,2007-03-20T00:00:00.000,2008-03-20T00:00:00.000Z,75000,75000,office,office,2,6,Financial District/South Beach,94107,"{'latitude': '37.78069682790208', 'longitude': '-122.39123177386239', 'human_address': '{""address"": """", ""city"": """", ""state"": """", ""zip"": """"}'}",1.08E+12,,5,5,0,0,4,constr type 4,4,constr type 4,,,,,,
5ea1fcc0c2aeecdcc61c5332,2.01E+11,8,otc alterations permit,2007-01-09T00:00:00.000,2091,21,1991,43rd,Av,"voluntary non-engineered sub structural strengthening. installation of a bolt, hold downsphd-5, plywood sheathing, see specifications attached.",issued,2007-01-09T00:00:00.000,2007-01-09T00:00:00.000,2007-01-09T00:00:00.000,2007-07-09T00:00:00.000Z,16547,16547,1 family dwelling,1 family dwelling,2,4,Sunset/Parkside,94116,"{'latitude': '37.74957914911898', 'longitude': '-122.50218802999092', 'human_address': '{""address"": """", ""city"": """", ""state"": """", ""zip"": """"}'}",1.08E+12,,1,1,1,1,5,wood frame (5),5,wood frame (5),,,,,,
5ea1fcc0c2aeecdcc61c5333,2.01E+11,8,otc alterations permit,2007-01-09T00:00:00.000,3581,38,67,Ford,St,reroofing,issued,2007-01-09T00:00:00.000,2007-01-09T00:00:00.000,2007-01-09T00:00:00.000,2007-07-09T00:00:00.000Z,18297,18297,1 family dwelling,1 family dwelling,0,8,Castro/Upper Market,94114,"{'latitude': '37.76162696867856', 'longitude': '-122.43201952491756', 'human_address': '{""address"": """", ""city"": """", ""state"": """", ""zip"": """"}'}",1.08E+12,,1,1,1,1,5,wood frame (5),5,wood frame (5),,,,,,
5ea1fcc0c2aeecdcc61c5334,2.01E+11,8,otc alterations permit,2007-01-09T00:00:00.000,3759,11,800,Bryant,St,renew:200504070957,complete,2007-01-30T00:00:00.000,2007-01-09T00:00:00.000,2007-01-09T00:00:00.000,2007-05-09T00:00:00.000Z,1,1,food/beverage hndlng,food/beverage hndlng,0,6,South of Market,94103,"{'latitude': '37.77602193262931', 'longitude': '-122.40293174859215', 'human_address': '{""address"": """", ""city"": """", ""state"": """", ""zip"": """"}'}",1.08E+12,,3,3,0,0,5,wood frame (5),5,wood frame (5),2007-01-30T00:00:00.000,,,,,
5ea1fcc0c2aeecdcc61c5335,M53447,8,otc alterations permit,2007-01-09T00:00:00.000,1252,9,135,Belvedere,St,street space,issued,2007-01-09T00:00:00.000,2007-01-09T00:00:00.000,2007-01-09T00:00:00.000,,,0,,,,5,Haight Ashbury,94117,"{'latitude': '37.76799551143707', 'longitude': '-122.44962923881592', 'human_address': '{""address"": """", ""city"": """", ""state"": """", ""zip"": """"}'}",1.08E+11,,,,,,,,,,,,,,,
5ea1fcc0c2aeecdcc61c5336,M53462,8,otc alterations permit,2007-01-09T00:00:00.000,5708,13,117,Newman,St,street space permit only.,issued,2007-01-09T00:00:00.000,2007-01-09T00:00:00.000,2007-01-09T00:00:00.000,,,0,,,,9,Bernal Heights,94110,"{'latitude': '37.737946817108494', 'longitude': '-122.41748907810631', 'human_address': '{""address"": """", ""city"": """", ""state"": """", ""zip"": """"}'}",1.08E+12,,,,,,,,,,,,,,,
5ea1fcc0c2aeecdcc61c5337,M53463,8,otc alterations permit,2007-01-09T00:00:00.000,515,2,3157,Fillmore,St,street space & sidewalk,issued,2007-01-09T00:00:00.000,2007-01-09T00:00:00.000,2007-01-09T00:00:00.000,,,0,,,,2,Marina,94123,"{'latitude': '37.798725743589785', 'longitude': '-122.43611637996028', 'human_address': '{""address"": """", ""city"": """", ""state"": """", ""zip"": """"}'}",1.08E+12,0,,,,,,,,,,,,,,
5ea1fcc0c2aeecdcc61c5338,M53463,8,otc alterations permit,2007-01-09T00:00:00.000,515,2,3161,Fillmore,St,street space & sidewalk,issued,2007-01-09T00:00:00.000,2007-01-09T00:00:00.000,2007-01-09T00:00:00.000,,,0,,,,2,Marina,94123,"{'latitude': '37.798725743589785', 'longitude': '-122.43611637996028', 'human_address': '{""address"": """", ""city"": """", ""state"": """", ""zip"": """"}'}",1.08E+12,,,,,,,,,,,,,,,
5ea1fcc0c2aeecdcc61c5339,2.01E+11,8,otc alterations permit,2007-01-09T00:00:00.000,798,12,818,Steiner,St,no work notes added regarding tempered windw as per inspectors request. revision to app #200408181946s1,complete,2007-01-31T00:00:00.000,2007-01-09T00:00:00.000,2007-01-09T00:00:00.000,2007-05-09T00:00:00.000Z,1,1,1 family dwelling,1 family dwelling,2,5,Hayes Valley,94117,"{'latitude': '37.777181072120754', 'longitude': '-122.4327947683065', 'human_address': '{""address"": """", ""city"": """", ""state"": """", ""zip"": """"}'}",1.08E+11,,4,4,1,1,5,wood frame (5),5,wood frame (5),2007-01-31T00:00:00.000,,,,,
5ea1fcc0c2aeecdcc61c533a,2.01E+11,8,otc alterations permit,2007-01-09T00:00:00.000,5519,23,24,Mirabel,Av,remodel kitchen-open up doorway to kitchen. install new slider at back porch.,expired,2008-04-21T00:00:00.000,2007-01-09T00:00:00.000,2007-01-09T00:00:00.000,2007-07-09T00:00:00.000Z,20000,20000,1 family dwelling,1 family dwelling,2,9,Bernal Heights,94110,"{'latitude': '37.74608760284823', 'longitude': '-122.41698217645549', 'human_address': '{""address"": """", ""city"": """", ""state"": """", ""zip"": """"}'}",1.08E+12,,2,2,1,1,5,wood frame (5),5,wood frame (5),,,,,,
5ea1fcc0c2aeecdcc61c533b,2.01E+11,8,otc alterations permit,2007-01-09T00:00:00.000,2386,14,2475,39th,Av,"modify upper story street front facade, install (2) windows occupying approx. 6'9"" x12'0"" (width) window material milgard wood claf horizontal slider. fiberglan w/wood interior.",complete,2008-01-11T00:00:00.000,2007-01-09T00:00:00.000,2007-01-09T00:00:00.000,2007-05-09T00:00:00.000Z,3500,3500,1 family dwelling,1 family dwelling,2,4,Sunset/Parkside,94116,"{'latitude': '37.74071047035221', 'longitude': '-122.49734887552148', 'human_address': '{""address"": """", ""city"": """", ""state"": """", ""zip"": """"}'}",1.08E+12,,2,2,1,1,5,wood frame (5),5,wood frame (5),2008-01-11T00:00:00.000,,,,,
5ea1fcc0c2aeecdcc61c533c,2.01E+11,3,additions alterations or repairs,2007-01-09T00:00:00.000,1127,007A,1820,Eddy,St,this is a revision to approved permit #200307280541 and #200602275513. the front hall space is to be reconfigured into 2 areas with a new partition 10'-0 in height. the new areas are within the same extg room. this permit also includes details of as built conditions for soffit areas as per bldg insp,complete,2007-07-26T00:00:00.000,2007-01-09T00:00:00.000,2007-04-02T00:00:00.000,2007-08-02T00:00:00.000Z,1,5000,apartments,apartments,2,5,Western Addition,94115,"{'latitude': '37.78101611945966', 'longitude': '-122.43791633660695', 'human_address': '{""address"": """", ""city"": """", ""state"": """", ""zip"": """"}'}",1.08E+11,,4,4,12,12,5,wood frame (5),5,wood frame (5),2007-07-26T00:00:00.000,,,,,
5ea1fcc0c2aeecdcc61c533d,M53482,8,otc alterations permit,2007-01-09T00:00:00.000,1017,4,437,Spruce,St,street space permit,issued,2007-01-09T00:00:00.000,2007-01-09T00:00:00.000,2007-01-09T00:00:00.000,,,0,,,,2,Presidio Heights,94118,"{'latitude': '37.78681361114647', 'longitude': '-122.45380379221359', 'human_address': '{""address"": """", ""city"": """", ""state"": """", ""zip"": """"}'}",1.08E+12,0,,,,,,,,,,,,,,
5ea1fcc0c2aeecdcc61c533e,2.01E+11,8,otc alterations permit,2007-01-09T00:00:00.000,3956,8,300,De Haro,St,revision to 200606214661 parking lot area. relocate handicap stall to opposite side of parking lot. complaint #200564084.,issued,2007-01-09T00:00:00.000,2007-01-09T00:00:00.000,2007-01-09T00:00:00.000,2007-05-09T00:00:00.000Z,1,1,parking lot,parking lot,2,10,Mission Bay,94103,"{'latitude': '37.765595899780195', 'longitude': '-122.40211692334789', 'human_address': '{""address"": """", ""city"": """", ""state"": """", ""zip"": """"}'}",1.08E+12,,1,1,0,0,3,constr type 3,3,constr type 3,,,,,,
5ea1fcc0c2aeecdcc61c533f,2.01E+11,3,additions alterations or repairs,2007-01-09T00:00:00.000,3587,18,3620,19th,St,bldg #1 - to install new fire sprinkler system.,complete,2009-04-01T00:00:00.000,2007-01-09T00:00:00.000,2007-04-09T00:00:00.000,2007-10-09T00:00:00.000Z,5600,10222,1 family dwelling,1 family dwelling,2,8,Mission,94110,"{'latitude': '37.760438746139016', 'longitude': '-122.42432226418329', 'human_address': '{""address"": """", ""city"": """", ""state"": """", ""zip"": """"}'}",1.09E+12,,2,2,1,1,5,wood frame (5),5,wood frame (5),2009-04-01T00:00:00.000,,,,,
5ea1fcc0c2aeecdcc61c5340,2.01E+11,3,additions alterations or repairs,2007-01-09T00:00:00.000,3587,18,3620,19th,St,bldg #2 - to install new fire sprinkler system.,complete,2009-04-01T00:00:00.000,2007-01-09T00:00:00.000,2007-04-06T00:00:00.000,2007-10-06T00:00:00.000Z,5600,10222,1 family dwelling,1 family dwelling,2,8,Mission,94110,"{'latitude': '37.760438746139016', 'longitude': '-122.42432226418329', 'human_address': '{""address"": """", ""city"": """", ""state"": """", ""zip"": """"}'}",1.09E+12,,2,2,1,1,5,wood frame (5),5,wood frame (5),2009-04-01T00:00:00.000,,,,,
5ea1fcc0c2aeecdcc61c5341,2.01E+11,3,additions alterations or repairs,2007-01-09T00:00:00.000,3587,70,3620,19th,St,bldg #2 - to install new fire sprinkler system.,complete,2009-04-01T00:00:00.000,2007-01-09T00:00:00.000,2007-04-06T00:00:00.000,2007-10-06T00:00:00.000Z,5600,10222,1 family dwelling,1 family dwelling,2,8,Mission,94110,"{'latitude': '37.761014018841514', 'longitude': '-122.42432525968303', 'human_address': '{""address"": """", ""city"": """", ""state"": """", ""zip"": """"}'}",1.09E+12,,2,2,1,1,5,wood frame (5),5,wood frame (5),2009-04-01T00:00:00.000,,,,,
5ea1fcc0c2aeecdcc61c5342,2.01E+11,3,additions alterations or repairs,2007-01-09T00:00:00.000,3587,18,3620,19th,St,bldg# 3 -  to install new fire sprinkler system.,complete,2009-04-01T00:00:00.000,2007-01-09T00:00:00.000,2007-04-06T00:00:00.000,2007-10-06T00:00:00.000Z,5600,5600,1 family dwelling,1 family dwelling,2,8,Mission,94110,"{'latitude': '37.760438746139016', 'longitude': '-122.42432226418329', 'human_address': '{""address"": """", ""city"": """", ""state"": """", ""zip"": """"}'}",1.09E+12,,2,2,1,1,5,wood frame (5),5,wood frame (5),2009-04-01T00:00:00.000,,,,,
5ea1fcc0c2aeecdcc61c5343,2.01E+11,3,additions alterations or repairs,2007-01-09T00:00:00.000,3587,70,3620,19th,St,bldg# 3 -  to install new fire sprinkler system.,complete,2009-04-01T00:00:00.000,2007-01-09T00:00:00.000,2007-04-06T00:00:00.000,2007-10-06T00:00:00.000Z,5600,5600,1 family dwelling,1 family dwelling,2,8,Mission,94110,"{'latitude': '37.761014018841514', 'longitude': '-122.42432525968303', 'human_address': '{""address"": """", ""city"": """", ""state"": """", ""zip"": """"}'}",1.09E+12,,2,2,1,1,5,wood frame (5),5,wood frame (5),2009-04-01T00:00:00.000,,,,,
5ea1fcc0c2aeecdcc61c5344,2.01E+11,3,additions alterations or repairs,2007-01-09T00:00:00.000,3587,18,3620,19th,St,bldg #4 - to install new fire sprinkler system.,complete,2009-04-01T00:00:00.000,2007-01-09T00:00:00.000,2007-04-06T00:00:00.000,2007-10-06T00:00:00.000Z,5600,10227,1 family dwelling,1 family dwelling,2,8,Mission,94110,"{'latitude': '37.760438746139016', 'longitude': '-122.42432226418329', 'human_address': '{""address"": """", ""city"": """", ""state"": """", ""zip"": """"}'}",1.09E+12,,2,2,1,1,5,wood frame (5),5,wood frame (5),2009-04-01T00:00:00.000,,,,,
5ea1fcc0c2aeecdcc61c5345,2.01E+11,3,additions alterations or repairs,2007-01-09T00:00:00.000,3587,70,3620,19th,St,bldg #4 - to install new fire sprinkler system.,complete,2009-04-01T00:00:00.000,2007-01-09T00:00:00.000,2007-04-06T00:00:00.000,2007-10-06T00:00:00.000Z,5600,10227,1 family dwelling,1 family dwelling,2,8,Mission,94110,"{'latitude': '37.761014018841514', 'longitude': '-122.42432525968303', 'human_address': '{""address"": """", ""city"": """", ""state"": """", ""zip"": """"}'}",1.09E+12,,2,2,1,1,5,wood frame (5),5,wood frame (5),2009-04-01T00:00:00.000,,,,,
5ea1fcc1c2aeecdcc61c5346,2.01E+11,8,otc alterations permit,2007-01-10T00:00:00.000,5471,21,205,Salinas,Av,replace kit;chen cabinets in kind. no structural changes. no other work (no lighting change).,expired,2007-08-23T00:00:00.000,2007-01-10T00:00:00.000,2007-01-10T00:00:00.000,2007-07-10T00:00:00.000Z,10869,10869,1 family dwelling,1 family dwelling,0,10,Bayview Hunters Point,94124,"{'latitude': '37.72095725789466', 'longitude': '-122.39856286991059', 'human_address': '{""address"": """", ""city"": """", ""state"": """", ""zip"": """"}'}",1.08E+12,,2,2,1,1,5,wood frame (5),5,wood frame (5),,,,,,
5ea1fcc1c2aeecdcc61c5347,M53502,8,otc alterations permit,2007-01-10T00:00:00.000,3787,12,216,Townsend,St,sidewalk permit,issued,2007-01-10T00:00:00.000,2007-01-10T00:00:00.000,2007-01-10T00:00:00.000,,,0,,,,6,South of Market,94107,"{'latitude': '37.778694759874895', 'longitude': '-122.39334678077768', 'human_address': '{""address"": """", ""city"": """", ""state"": """", ""zip"": """"}'}",1.08E+12,,,,,,,,,,,,,,,
5ea1fcc1c2aeecdcc61c5348,2.01E+11,8,otc alterations permit,2007-01-10T00:00:00.000,6742,30,657,Chenery,St,"replace (e) stucco finish with shingles @ east west and north walls per plan, reface east wall with exterior grade plywood siding.",expired,2008-02-26T00:00:00.000,2007-01-10T00:00:00.000,2007-01-10T00:00:00.000,2007-07-10T00:00:00.000Z,10000,10000,1 family dwelling,1 family dwelling,2,8,Glen Park,94131,"{'latitude': '37.734304560900426', 'longitude': '-122.43309134097113', 'human_address': '{""address"": """", ""city"": """", ""state"": """", ""zip"": """"}'}",1.08E+12,,2,2,1,1,5,wood frame (5),5,wood frame (5),,,,,,
5ea1fcc1c2aeecdcc61c5349,2.01E+11,8,otc alterations permit,2007-01-10T00:00:00.000,3010,47,709,Myra,Wy,reroofing,complete,2007-01-17T00:00:00.000,2007-01-10T00:00:00.000,2007-01-10T00:00:00.000,2007-07-10T00:00:00.000Z,10000,10000,1 family dwelling,1 family dwelling,0,7,West of Twin Peaks,94127,"{'latitude': '37.74010066108492', 'longitude': '-122.45104523136398', 'human_address': '{""address"": """", ""city"": """", ""state"": """", ""zip"": """"}'}",1.08E+12,,,,,,,,,,2007-01-17T00:00:00.000,,,,,
5ea1fcc1c2aeecdcc61c534a,2.01E+11,3,additions alterations or repairs,2007-01-10T00:00:00.000,55,18,298,Chestnut,St,revision pa# 200602285576-trellis at rear.,expired,2009-01-26T00:00:00.000,2007-01-10T00:00:00.000,2007-02-23T00:00:00.000,2007-06-23T00:00:00.000Z,1,1,1 family dwelling,1 family dwelling,2,3,North Beach,94133,"{'latitude': '37.804651045438476', 'longitude': '-122.40818237305187', 'human_address': '{""address"": """", ""city"": """", ""state"": """", ""zip"": """"}'}",1.08E+11,,3,3,1,1,5,wood frame (5),5,wood frame (5),,,,,,
5ea1fcc1c2aeecdcc61c534b,2.01E+11,8,otc alterations permit,2007-01-10T00:00:00.000,862,27,723,Haight,St,"remodel (e) kitchen at 2nd floor (unit #2), remove (e) partition walls at ground level, remove door and window at rear elevation & relocate door, provide (n) 1-hr rated corridor to (e) exit passageway",expired,2009-06-03T00:00:00.000,2007-01-10T00:00:00.000,2007-01-10T00:00:00.000,2007-07-10T00:00:00.000Z,10000,10000,apartments,apartments,2,5,Haight Ashbury,94117,"{'latitude': '37.77141948829418', 'longitude': '-122.43413603090688', 'human_address': '{""address"": """", ""city"": """", ""state"": """", ""zip"": """"}'}",1.08E+11,,4,4,6,6,5,wood frame (5),5,wood frame (5),,,,,,
5ea1fcc1c2aeecdcc61c534c,M53503,8,otc alterations permit,2007-01-10T00:00:00.000,1528,1,5201,Geary,Bl,street space,issued,2007-01-10T00:00:00.000,2007-01-10T00:00:00.000,2007-01-10T00:00:00.000,,,0,,,,1,Outer Richmond,94118,"{'latitude': '37.78024782265665', 'longitude': '-122.47526607788316', 'human_address': '{""address"": """", ""city"": """", ""state"": """", ""zip"": """"}'}",1.08E+12,,,,,,,,,,,,,,,
5ea1fcc1c2aeecdcc61c534d,2.01E+11,8,otc alterations permit,2007-01-10T00:00:00.000,6954,022C,975,Cayuga,Av,reroofing,expired,2007-08-09T00:00:00.000,2007-01-10T00:00:00.000,2007-01-10T00:00:00.000,2007-07-10T00:00:00.000Z,6480,6480,1 family dwelling,1 family dwelling,0,11,Outer Mission,94112,"{'latitude': '37.722424967405395', 'longitude': '-122.43927168116689', 'human_address': '{""address"": """", ""city"": """", ""state"": """", ""zip"": """"}'}",1.08E+12,,,,,,,,,,,,,,,
5ea1fcc1c2aeecdcc61c534e,2.01E+11,8,otc alterations permit,2007-01-10T00:00:00.000,4968,31,1125,Ingerson,Av,"to replace approximily 500 sqft of redwood siding on left side of building. repair of 10 feet of foundation on left side. install, new foundation j bolts on all foundation repair some dry rot on existing doundation plates or 2x4 studs.",expired,2007-07-02T00:00:00.000,2007-01-10T00:00:00.000,2007-01-10T00:00:00.000,2007-05-10T00:00:00.000Z,5000,5000,1 family dwelling,1 family dwelling,0,10,Bayview Hunters Point,94124,"{'latitude': '37.72016998645565', 'longitude': '-122.39542270177228', 'human_address': '{""address"": """", ""city"": """", ""state"": """", ""zip"": """"}'}",1.08E+12,,2,2,1,1,5,wood frame (5),5,wood frame (5),,,,,,
5ea1fcc1c2aeecdcc61c534f,2.01E+11,8,otc alterations permit,2007-01-10T00:00:00.000,3532,58,71,Woodward,St,reroofing,complete,2012-06-29T00:00:00.000,2007-01-10T00:00:00.000,2007-01-10T00:00:00.000,2007-07-10T00:00:00.000Z,7480,7480,apartments,apartments,0,9,Mission,94103,"{'latitude': '37.768834066736545', 'longitude': '-122.420644052027', 'human_address': '{""address"": """", ""city"": """", ""state"": """", ""zip"": """"}'}",1.08E+12,,,,,,,,,,2012-06-29T00:00:00.000,,,,,
5ea1fcc1c2aeecdcc61c5350,2.01E+11,8,otc alterations permit,2007-01-10T00:00:00.000,3532,58,73,Woodward,St,reroofing,complete,2012-06-29T00:00:00.000,2007-01-10T00:00:00.000,2007-01-10T00:00:00.000,2007-07-10T00:00:00.000Z,7480,7480,apartments,apartments,0,9,Mission,94103,"{'latitude': '37.768834066736545', 'longitude': '-122.420644052027', 'human_address': '{""address"": """", ""city"": """", ""state"": """", ""zip"": """"}'}",1.08E+12,,,,,,,,,,2012-06-29T00:00:00.000,,,,,
5ea1fcc1c2aeecdcc61c5351,2.01E+11,3,additions alterations or repairs,2007-01-10T00:00:00.000,3775,53,70,South Park,,revision to application 200510064957 s-1 update structural  dreawings for segamentd pour and steam walls,withdrawn,2007-02-01T00:00:00.000,2007-01-10T00:00:00.000,,,1,,1 family dwelling,1 family dwelling,2,6,Financial District/South Beach,94107,"{'latitude': '37.78206805521809', 'longitude': '-122.39395673506083', 'human_address': '{""address"": """", ""city"": """", ""state"": """", ""zip"": """"}'}",1.08E+12,,3,3,1,1,1,constr type 1,1,constr type 1,,,,,,
5ea1fcc1c2aeecdcc61c5352,2.01E+11,8,otc alterations permit,2007-01-10T00:00:00.000,1856,40,1528,11th,Av,rev. to pa#2005/07/07/7031- closet and bathroom removel on second floor a.3. new wood screening on roof deck. all on separate permit in future.,complete,2007-01-30T00:00:00.000,2007-01-10T00:00:00.000,2007-01-10T00:00:00.000,2007-05-10T00:00:00.000Z,1,1,1 family dwelling,1 family dwelling,0,7,Inner Sunset,94122,"{'latitude': '37.759676641726855', 'longitude': '-122.46782530344032', 'human_address': '{""address"": """", ""city"": """", ""state"": """", ""zip"": """"}'}",1.08E+12,,2,2,1,1,5,wood frame (5),5,wood frame (5),2007-01-30T00:00:00.000,,,,,
5ea1fcc1c2aeecdcc61c5353,2.01E+11,8,otc alterations permit,2007-01-10T00:00:00.000,7013,37,58,Jules,Av,"new double pained windows will be installed, two are in front and two are in back.",expired,2009-04-06T00:00:00.000,2007-01-10T00:00:00.000,2007-01-10T00:00:00.000,2007-05-10T00:00:00.000Z,3500,3500,1 family dwelling,1 family dwelling,0,11,Oceanview/Merced/Ingleside,94112,"{'latitude': '37.719287218928265', 'longitude': '-122.4609206433264', 'human_address': '{""address"": """", ""city"": """", ""state"": """", ""zip"": """"}'}",1.08E+12,,2,2,1,1,5,wood frame (5),5,wood frame (5),,,,,,
5ea1fcc1c2aeecdcc61c5354,M53544,8,otc alterations permit,2007-01-10T00:00:00.000,6516,9,2890,Mission,St,street space & sidewalk repair,issued,2007-01-10T00:00:00.000,2007-01-10T00:00:00.000,2007-01-10T00:00:00.000,,,0,,,,9,Mission,94110,"{'latitude': '37.75079553471085', 'longitude': '-122.4186488303516', 'human_address': '{""address"": """", ""city"": """", ""state"": """", ""zip"": """"}'}",1.08E+12,,,,,,,,,,,,,,,
5ea1fcc1c2aeecdcc61c5355,2.01E+11,8,otc alterations permit,2007-01-10T00:00:00.000,868,11,244,Hermann,St,"install 12 vinyl windows in kind into (e) frames. no change in size or location. windows do face the street. if applicable, bedroom windows will comply with section 310.4 for rescue. all windows will be double pane & have a u-factor of 0.30.",complete,2007-02-14T00:00:00.000,2007-01-10T00:00:00.000,2007-01-10T00:00:00.000,2007-07-10T00:00:00.000Z,5933,5933,apartments,apartments,0,5,Hayes Valley,94117,"{'latitude': '37.77054078660429', 'longitude': '-122.4292464893063', 'human_address': '{""address"": """", ""city"": """", ""state"": """", ""zip"": """"}'}",1.08E+11,,2,2,4,4,5,wood frame (5),5,wood frame (5),2007-02-14T00:00:00.000,,,,,
5ea1fcc1c2aeecdcc61c5356,2.01E+11,8,otc alterations permit,2007-01-10T00:00:00.000,2375,21,3620,Taraval,St,unit#1. install 3 vinyl windows in kind into (e) frames.no change in size or location. windows do face the street. all windows will be double pane & have a u-factor of 0.30.,complete,2007-03-08T00:00:00.000,2007-01-10T00:00:00.000,2007-01-10T00:00:00.000,2007-05-10T00:00:00.000Z,2897,2897,2 family dwelling,2 family dwelling,0,4,Sunset/Parkside,94116,"{'latitude': '37.742003103936156', 'longitude': '-122.50508751489104', 'human_address': '{""address"": """", ""city"": """", ""state"": """", ""zip"": """"}'}",1.08E+12,,2,2,2,2,5,wood frame (5),5,wood frame (5),2007-03-08T00:00:00.000,,,,,
5ea1fcc1c2aeecdcc61c5357,2.01E+11,8,otc alterations permit,2007-01-10T00:00:00.000,2518,36,2821,Yorba,St,"install 3 vinyl windows in kind into (e) frames. no change in size or location. windows do face the front. if applicable, bedroom windows will comply with section 310.4 for rescue. windows do face the street. all windows will be double pane & have a u-factor of 0.30.",issued,2007-01-10T00:00:00.000,2007-01-10T00:00:00.000,2007-01-10T00:00:00.000,2007-05-10T00:00:00.000Z,3188,3188,1 family dwelling,1 family dwelling,0,4,Sunset/Parkside,94116,"{'latitude': '37.73441320792425', 'longitude': '-122.49699699428179', 'human_address': '{""address"": """", ""city"": """", ""state"": """", ""zip"": """"}'}",1.08E+12,,2,2,1,1,5,wood frame (5),5,wood frame (5),,,,,,
5ea1fcc1c2aeecdcc61c5358,2.01E+11,8,otc alterations permit,2007-01-10T00:00:00.000,1895,26,1678,Great,Hy,"revisiont permit to: app.#20404060513, pernut 1021694. ab built condition in living room area, kitchen layout and family room colset and bedroom.",complete,2008-03-14T00:00:00.000,2007-01-10T00:00:00.000,2007-01-10T00:00:00.000,2007-05-10T00:00:00.000Z,1,1,1 family dwelling,1 family dwelling,2,4,Sunset/Parkside,94122,"{'latitude': '37.75515709321531', 'longitude': '-122.50842135800593', 'human_address': '{""address"": """", ""city"": """", ""state"": """", ""zip"": """"}'}",1.08E+12,,2,2,1,1,5,wood frame (5),5,wood frame (5),2008-03-14T00:00:00.000,,,,,
5ea1fcc1c2aeecdcc61c5359,2.01E+11,8,otc alterations permit,2007-01-10T00:00:00.000,4710,60,1550,La Salle,Av,"safety bars on three windows (2 in the back of the upstairs, 1 on the side downstair) and on the gate door (back of the house).1 more in front of the house downstairs. totl 4 windows & 1 door. safety bars operable from inside without tools.",complete,2007-04-13T00:00:00.000,2007-01-10T00:00:00.000,2007-01-10T00:00:00.000,2007-05-10T00:00:00.000Z,1000,1000,1 family dwelling,1 family dwelling,0,10,Bayview Hunters Point,94124,"{'latitude': '37.73614514857685', 'longitude': '-122.38759205712786', 'human_address': '{""address"": """", ""city"": """", ""state"": """", ""zip"": """"}'}",1.08E+12,,2,2,1,1,5,wood frame (5),5,wood frame (5),2007-04-13T00:00:00.000,,,,,
5ea1fcc1c2aeecdcc61c535a,2.01E+11,8,otc alterations permit,2007-01-10T00:00:00.000,6022,31,800,Excelsior,Av,reroofing.,expired,2007-11-30T00:00:00.000,2007-01-10T00:00:00.000,2007-01-10T00:00:00.000,2007-07-10T00:00:00.000Z,8100,8100,1 family dwelling,1 family dwelling,0,11,Excelsior,94112,"{'latitude': '37.72297827910005', 'longitude': '-122.42707399019837', 'human_address': '{""address"": """", ""city"": """", ""state"": """", ""zip"": """"}'}",1.08E+12,,,,,,,,,,,,,,,
5ea1fcc1c2aeecdcc61c535b,M53522,8,otc alterations permit,2007-01-10T00:00:00.000,1215,16,1100,Oak,St,street space & sidewalk,issued,2007-01-10T00:00:00.000,2007-01-10T00:00:00.000,2007-01-10T00:00:00.000,,,0,,,,5,Hayes Valley,94117,"{'latitude': '37.7733640668518', 'longitude': '-122.43787522657315', 'human_address': '{""address"": """", ""city"": """", ""state"": """", ""zip"": """"}'}",1.08E+11,,,,,,,,,,,,,,,
5ea1fcc1c2aeecdcc61c535c,M53523,8,otc alterations permit,2007-01-10T00:00:00.000,5362,3,5245,03rd,St,sidewalk,issued,2007-01-10T00:00:00.000,2007-01-10T00:00:00.000,2007-01-10T00:00:00.000,,,0,,,,10,Bayview Hunters Point,94124,"{'latitude': '37.73021354609903', 'longitude': '-122.39201808948252', 'human_address': '{""address"": """", ""city"": """", ""state"": """", ""zip"": """"}'}",1.08E+12,,,,,,,,,,,,,,,
5ea1fcc1c2aeecdcc61c535d,M53524,8,otc alterations permit,2007-01-10T00:00:00.000,1229,33,1700,Haight,St,sidewalk,issued,2007-01-10T00:00:00.000,2007-01-10T00:00:00.000,2007-01-10T00:00:00.000,,,0,,,,5,Haight Ashbury,94117,"{'latitude': '37.769790601805454', 'longitude': '-122.45045850523246', 'human_address': '{""address"": """", ""city"": """", ""state"": """", ""zip"": """"}'}",10795362379,,,,,,,,,,,,,,,
5ea1fcc1c2aeecdcc61c535e,M53525,8,otc alterations permit,2007-01-10T00:00:00.000,1228,5,1878,Haight,St,sidewalk,issued,2007-01-10T00:00:00.000,2007-01-10T00:00:00.000,2007-01-10T00:00:00.000,,,0,,,,5,Haight Ashbury,94117,"{'latitude': '37.76954808656871', 'longitude': '-122.45281470382479', 'human_address': '{""address"": """", ""city"": """", ""state"": """", ""zip"": """"}'}",1.08E+12,,,,,,,,,,,,,,,
5ea1fcc1c2aeecdcc61c535f,M53526,8,otc alterations permit,2007-01-10T00:00:00.000,1228,6,690,Stanyan,St,sidewalk,issued,2007-01-10T00:00:00.000,2007-01-10T00:00:00.000,2007-01-10T00:00:00.000,,,0,,,,5,Haight Ashbury,94117,"{'latitude': '37.769485908014', 'longitude': '-122.45328169319872', 'human_address': '{""address"": """", ""city"": """", ""state"": """", ""zip"": """"}'}",1.08E+12,,,,,,,,,,,,,,,
5ea1fcc1c2aeecdcc61c5360,M53527,8,otc alterations permit,2007-01-10T00:00:00.000,3932,1,208,Utah,St,street space permit only.,issued,2007-01-10T00:00:00.000,2007-01-10T00:00:00.000,2007-01-10T00:00:00.000,,,0,,,,10,Mission,94103,"{'latitude': '37.76676642726421', 'longitude': '-122.40712560720348', 'human_address': '{""address"": """", ""city"": """", ""state"": """", ""zip"": """"}'}",1.08E+12,,,,,,,,,,,,,,,
5ea1fcc1c2aeecdcc61c5361,2.01E+11,4,sign - erect,2007-01-10T00:00:00.000,489,22,2398,Lombard,St,to erect a single-faced non-electric walal sign,complete,2007-02-01T00:00:00.000,2007-01-10T00:00:00.000,2007-01-10T00:00:00.000,2007-07-10T00:00:00.000Z,,7000,retail sales,,2,2,Marina,94123,"{'latitude': '37.79950902441924', 'longitude': '-122.44086756460982', 'human_address': '{""address"": """", ""city"": """", ""state"": """", ""zip"": """"}'}",1.08E+12,,,,,,,,,,2007-02-01T00:00:00.000,,,,,
5ea1fcc1c2aeecdcc61c5362,2.01E+11,8,otc alterations permit,2007-01-10T00:00:00.000,5575,8,16,Joy,St,remove stucco on front of building. re-finish & paint (e) redwood siding. replace 3 windows of same design & size on front of building. replace wood deck of same design & size on front of house. no framing or concrete alterations are planned.,expired,2007-08-01T00:00:00.000,2007-01-10T00:00:00.000,2007-01-10T00:00:00.000,2007-07-10T00:00:00.000Z,20000,20000,1 family dwelling,1 family dwelling,0,9,Bernal Heights,94110,"{'latitude': '37.743940386796424', 'longitude': '-122.40685209756282', 'human_address': '{""address"": """", ""city"": """", ""state"": """", ""zip"": """"}'}",1.08E+12,,2,2,1,1,5,wood frame (5),5,wood frame (5),,,,,,
5ea1fcc1c2aeecdcc61c5363,2.01E+11,8,otc alterations permit,2007-01-10T00:00:00.000,2618A,21,60,Clifford,Tr,"item ia,3a,3b,3c,5a,5b,5c & 5d per lingruen assoc. report #48843 &8843-s1 (non structural work)",complete,2007-02-01T00:00:00.000,2007-01-10T00:00:00.000,2007-01-10T00:00:00.000,2007-07-10T00:00:00.000Z,9500,9500,1 family dwelling,1 family dwelling,0,8,Castro/Upper Market,94117,"{'latitude': '37.76408753102657', 'longitude': '-122.4437695735175', 'human_address': '{""address"": """", ""city"": """", ""state"": """", ""zip"": """"}'}",1.08E+12,,2,2,1,1,5,wood frame (5),5,wood frame (5),2007-02-01T00:00:00.000,,,,,
5ea1fcc1c2aeecdcc61c5364,M53542,8,otc alterations permit,2007-01-10T00:00:00.000,5575,8,16,Joy,St,street space permit only.,issued,2007-01-10T00:00:00.000,2007-01-10T00:00:00.000,2007-01-10T00:00:00.000,,,0,,,,9,Bernal Heights,94110,"{'latitude': '37.743940386796424', 'longitude': '-122.40685209756282', 'human_address': '{""address"": """", ""city"": """", ""state"": """", ""zip"": """"}'}",1.08E+12,,,,,,,,,,,,,,,
5ea1fcc1c2aeecdcc61c5365,M53543,8,otc alterations permit,2007-01-10T00:00:00.000,3786,13,310,Townsend,St,street space,issued,2007-01-10T00:00:00.000,2007-01-10T00:00:00.000,2007-01-10T00:00:00.000,,,0,,,,6,South of Market,94107,"{'latitude': '37.777052036991954', 'longitude': '-122.39574899018349', 'human_address': '{""address"": """", ""city"": """", ""state"": """", ""zip"": """"}'}",1.08E+12,0,,,,,,,,,,,,,,
5ea1fcc1c2aeecdcc61c5366,M53544,8,otc alterations permit,2007-01-10T00:00:00.000,6516,9,2884,Mission,St,street space & sidewalk repair,issued,2007-01-10T00:00:00.000,2007-01-10T00:00:00.000,2007-01-10T00:00:00.000,,,0,,,,9,Mission,94110,"{'latitude': '37.75079553471085', 'longitude': '-122.4186488303516', 'human_address': '{""address"": """", ""city"": """", ""state"": """", ""zip"": """"}'}",1.08E+12,,,,,,,,,,,,,,,
5ea1fcc1c2aeecdcc61c5367,2.01E+11,3,additions alterations or repairs,2007-01-10T00:00:00.000,3000B,17,675,Teresita,Bl,"remodel of (e) residence to include (n) master suite (nte 500 sq ft). replace (e) siding, add all windows and exit doors. new decks and balconies, interior stair to be replaced. no vertical.",complete,2009-05-28T00:00:00.000,2007-01-10T00:00:00.000,2007-09-04T00:00:00.000,2008-09-04T00:00:00.000Z,100000,275000,1 family dwelling,1 family dwelling,2,7,West of Twin Peaks,94131,"{'latitude': '37.736017263394785', 'longitude': '-122.44582902716726', 'human_address': '{""address"": """", ""city"": """", ""state"": """", ""zip"": """"}'}",1.08E+12,,3,3,1,1,5,wood frame (5),5,wood frame (5),2009-05-28T00:00:00.000,Y,Y,,,
5ea1fcc1c2aeecdcc61c5368,2.01E+11,8,otc alterations permit,2007-01-10T00:00:00.000,1155,18,914,Divisadero,St,to renew pa# 2005/09/02/2013 to continue work.,expired,2011-01-20T00:00:00.000,2007-01-10T00:00:00.000,2007-01-10T00:00:00.000,2008-01-10T00:00:00.000Z,50000,50000,office,2 family dwelling,0,5,Western Addition,94115,"{'latitude': '37.778095523567764', 'longitude': '-122.43810811490475', 'human_address': '{""address"": """", ""city"": """", ""state"": """", ""zip"": """"}'}",1.08E+11,,4,4,0,2,5,wood frame (5),5,wood frame (5),,,,,,
5ea1fcc1c2aeecdcc61c5369,2.01E+11,6,demolitions,2007-01-10T00:00:00.000,4108,003F,2420,03rd,St,to demolish 1 story building,complete,2007-02-16T00:00:00.000,2007-01-10T00:00:00.000,2007-01-10T00:00:00.000,2007-07-09T00:00:00.000Z,,,barber/beauty salon,,0,10,Potrero Hill,94107,"{'latitude': '37.75894062441518', 'longitude': '-122.38872195088865', 'human_address': '{""address"": """", ""city"": """", ""state"": """", ""zip"": """"}'}",1.08E+12,,1,,0,,5,wood frame (5),,,2007-02-16T00:00:00.000,,,,,
5ea1fcc1c2aeecdcc61c536a,M53545,8,otc alterations permit,2007-01-10T00:00:00.000,5710,23,29,Gladys,St,street space permit only.,issued,2007-01-10T00:00:00.000,2007-01-10T00:00:00.000,2007-01-10T00:00:00.000,,,0,,,,9,Bernal Heights,94110,"{'latitude': '37.73967856610072', 'longitude': '-122.42237884479093', 'human_address': '{""address"": """", ""city"": """", ""state"": """", ""zip"": """"}'}",1.08E+12,,,,,,,,,,,,,,,
5ea1fcc1c2aeecdcc61c536b,2.01E+11,8,otc alterations permit,2007-01-10T00:00:00.000,6536,23,1175,Sanchez,St,"replace (e) brick foundation with reinforced concrete foundation, replace one section of central support beam with steel i beam.",complete,2008-11-25T00:00:00.000,2007-01-10T00:00:00.000,2007-01-10T00:00:00.000,2008-01-10T00:00:00.000Z,35000,35000,2 family dwelling,2 family dwelling,2,8,Noe Valley,94114,"{'latitude': '37.75026410880694', 'longitude': '-122.4292122772067', 'human_address': '{""address"": """", ""city"": """", ""state"": """", ""zip"": """"}'}",1.08E+12,,3,3,2,2,5,wood frame (5),5,wood frame (5),2008-11-25T00:00:00.000,,,,,
5ea1fcc1c2aeecdcc61c536c,2.01E+11,8,otc alterations permit,2007-01-10T00:00:00.000,177,1,935,Kearny,St,renew pa#200603297769 for final inspection only.,complete,2007-01-18T00:00:00.000,2007-01-10T00:00:00.000,2007-01-10T00:00:00.000,2007-05-10T00:00:00.000Z,1,1,residential hotel,residential hotel,0,3,Chinatown,94133,"{'latitude': '37.79678685362231', 'longitude': '-122.40557965827051', 'human_address': '{""address"": """", ""city"": """", ""state"": """", ""zip"": """"}'}",10795532153,,4,4,149,149,3,constr type 3,3,constr type 3,2007-01-18T00:00:00.000,,,,,
5ea1fcc1c2aeecdcc61c536d,2.01E+11,8,otc alterations permit,2007-01-10T00:00:00.000,7096A,36,18,Moneta,Ct,renew pa#2005/12/19/0606 for final inspection only,expired,2008-05-22T00:00:00.000,2007-01-10T00:00:00.000,2007-01-10T00:00:00.000,2007-05-10T00:00:00.000Z,1,1,1 family dwelling,1 family dwelling,0,11,Outer Mission,94112,"{'latitude': '37.71336312419069', 'longitude': '-122.44943069280687', 'human_address': '{""address"": """", ""city"": """", ""state"": """", ""zip"": """"}'}",1.08E+12,,2,2,1,1,5,wood frame (5),5,wood frame (5),,,,,,
5ea1fcc1c2aeecdcc61c536e,M53546,8,otc alterations permit,2007-01-10T00:00:00.000,200,14,460,Davis,St,street space permit only.,issued,2007-01-10T00:00:00.000,2007-01-10T00:00:00.000,2007-01-10T00:00:00.000,,,0,,,,3,Financial District/South Beach,94111,"{'latitude': '37.79669693582685', 'longitude': '-122.39777129258873', 'human_address': '{""address"": """", ""city"": """", ""state"": """", ""zip"": """"}'}",1.08E+12,,,,,,,,,,,,,,,
5ea1fcc1c2aeecdcc61c536f,2.01E+11,8,otc alterations permit,2007-01-10T00:00:00.000,2683,5,361,Warren,Dr,"revise appl#200606053193, revise design at  master bath, replace all windows same size, same kind wood windows. remodel (e) 2 baths and kitchen at 2/f",complete,2007-12-05T00:00:00.000,2007-01-10T00:00:00.000,2007-01-10T00:00:00.000,2007-07-10T00:00:00.000Z,22000,22000,1 family dwelling,1 family dwelling,2,7,Inner Sunset,94131,"{'latitude': '37.75587718575485', 'longitude': '-122.46158886846138', 'human_address': '{""address"": """", ""city"": """", ""state"": """", ""zip"": """"}'}",1.08E+12,,2,2,1,1,5,wood frame (5),5,wood frame (5),2007-12-05T00:00:00.000,,,,,
5ea1fcc1c2aeecdcc61c5370,2.01E+11,8,otc alterations permit,2007-01-10T00:00:00.000,1799,21,1390,45th,Av,replace bath tub. repair & replace damaged walls. repair & replace damaged counter.,issued,2007-01-10T00:00:00.000,2007-01-10T00:00:00.000,2007-01-10T00:00:00.000,2007-05-10T00:00:00.000Z,1000,1000,1 family dwelling,1 family dwelling,0,4,Sunset/Parkside,94122,"{'latitude': '37.76069744292894', 'longitude': '-122.5045867662041', 'human_address': '{""address"": """", ""city"": """", ""state"": """", ""zip"": """"}'}",1.08E+12,,3,3,1,1,5,wood frame (5),5,wood frame (5),,,,,,
5ea1fcc1c2aeecdcc61c5371,2.01E+11,8,otc alterations permit,2007-01-10T00:00:00.000,1641,43,630,04th,Av,"interior remodeling for an existing residential unit. work includes relocation of kitchen and bedrrom. rearrange of bathrooms as shown, relocate water heater to basement at an open space.",complete,2007-08-07T00:00:00.000,2007-01-10T00:00:00.000,2007-01-10T00:00:00.000,2007-07-10T00:00:00.000Z,25000,25000,2 family dwelling,2 family dwelling,2,1,Inner Richmond,94118,"{'latitude': '37.77676314797811', 'longitude': '-122.46149787639686', 'human_address': '{""address"": """", ""city"": """", ""state"": """", ""zip"": """"}'}",1.08E+12,,2,2,2,2,5,wood frame (5),5,wood frame (5),2007-08-07T00:00:00.000,,,,,
5ea1fcc1c2aeecdcc61c5372,2.01E+11,3,additions alterations or repairs,2007-01-10T00:00:00.000,229,3,301,Battery,St,"mechanical work, chiller replacement and lighting control. floor 1 thru penthouse.",complete,2008-09-25T00:00:00.000,2007-01-10T00:00:00.000,2007-02-27T00:00:00.000,2009-08-27T00:00:00.000Z,2000000,2000000,office,office,2,3,Chinatown,94111,"{'latitude': '37.79428947707852', 'longitude': '-122.40078475025547', 'human_address': '{""address"": """", ""city"": """", ""state"": """", ""zip"": """"}'}",1.08E+12,,8,8,0,0,2,constr type 2,2,constr type 2,2008-09-25T00:00:00.000,,,,,
5ea1fcc1c2aeecdcc61c5373,2.01E+11,8,otc alterations permit,2007-01-10T00:00:00.000,3606,48,232,Liberty,St,replace kitchen cabinets + countertops in same locations. (lower unit) (no change in lighting).,complete,2007-03-05T00:00:00.000,2007-01-10T00:00:00.000,2007-01-10T00:00:00.000,2007-07-10T00:00:00.000Z,25000,25000,2 family dwelling,2 family dwelling,0,8,Castro/Upper Market,94114,"{'latitude': '37.75762072705879', 'longitude': '-122.42658440146589', 'human_address': '{""address"": """", ""city"": """", ""state"": """", ""zip"": """"}'}",1.08E+12,,2,2,2,2,5,wood frame (5),5,wood frame (5),2007-03-05T00:00:00.000,,,,,
5ea1fcc1c2aeecdcc61c5374,2.01E+11,8,otc alterations permit,2007-01-10T00:00:00.000,7138,22,182,Sagamore,St,renewal of permit applic. #2006/02/17/4950 for final inspection only.,complete,2007-01-16T00:00:00.000,2007-01-10T00:00:00.000,2007-01-10T00:00:00.000,2007-05-10T00:00:00.000Z,1,1,1 family dwelling,1 family dwelling,0,11,Oceanview/Merced/Ingleside,94112,"{'latitude': '37.711699507056686', 'longitude': '-122.45851796471565', 'human_address': '{""address"": """", ""city"": """", ""state"": """", ""zip"": """"}'}",1.08E+12,,2,2,1,1,5,wood frame (5),5,wood frame (5),2007-01-16T00:00:00.000,,,,,
5ea1fcc1c2aeecdcc61c5375,2.01E+11,8,otc alterations permit,2007-01-10T00:00:00.000,5437,41,2469,San Bruno,Av,reroofing,complete,2007-01-24T00:00:00.000,2007-01-10T00:00:00.000,2007-01-10T00:00:00.000,2007-07-10T00:00:00.000Z,19303,19303,1 family dwelling,1 family dwelling,0,9,Portola,94134,"{'latitude': '37.73099141407293', 'longitude': '-122.4047572902765', 'human_address': '{""address"": """", ""city"": """", ""state"": """", ""zip"": """"}'}",1.08E+12,,,,,,,,,,2007-01-24T00:00:00.000,,,,,
5ea1fcc1c2aeecdcc61c5376,M53562,8,otc alterations permit,2007-01-10T00:00:00.000,3533,73,45,Brosnan,St,street space,issued,2007-01-10T00:00:00.000,2007-01-10T00:00:00.000,2007-01-10T00:00:00.000,,,0,,,,8,Mission,94103,"{'latitude': '37.76855043225975', 'longitude': '-122.42331806825595', 'human_address': '{""address"": """", ""city"": """", ""state"": """", ""zip"": """"}'}",1.08E+12,,,,,,,,,,,,,,,
5ea1fcc1c2aeecdcc61c5377,2.01E+11,8,otc alterations permit,2007-01-10T00:00:00.000,3704,50,47,06th,St,"renew pa#200406216923,3200304112095 to continue work.",issued,2007-01-10T00:00:00.000,2007-01-10T00:00:00.000,2007-01-10T00:00:00.000,2007-05-10T00:00:00.000Z,1000,1000,residential hotel,residential hotel,0,6,South of Market,94103,"{'latitude': '37.78168696794942', 'longitude': '-122.40922244503778', 'human_address': '{""address"": """", ""city"": """", ""state"": """", ""zip"": """"}'}",1.08E+12,,5,5,63,63,5,wood frame (5),5,wood frame (5),,,,,,
5ea1fcc1c2aeecdcc61c5378,2.01E+11,8,otc alterations permit,2007-01-10T00:00:00.000,3704,50,55,06th,St,"renew pa#200406216923,3200304112095 to continue work.",issued,2007-01-10T00:00:00.000,2007-01-10T00:00:00.000,2007-01-10T00:00:00.000,2007-05-10T00:00:00.000Z,1000,1000,residential hotel,residential hotel,0,6,South of Market,94103,"{'latitude': '37.78168696794942', 'longitude': '-122.40922244503778', 'human_address': '{""address"": """", ""city"": """", ""state"": """", ""zip"": """"}'}",1.08E+12,,5,5,63,63,5,wood frame (5),5,wood frame (5),,,,,,
5ea1fcc1c2aeecdcc61c5379,2.01E+11,8,otc alterations permit,2007-01-10T00:00:00.000,804,2,643,Webster,St,revision to appl#200612270583 change from cast-in-place to shotcrete for foundation strengthening.,complete,2007-01-29T00:00:00.000,2007-01-10T00:00:00.000,2007-01-10T00:00:00.000,2007-05-10T00:00:00.000Z,1,1,apartments,apartments,2,5,Hayes Valley,94117,"{'latitude': '37.77667142659695', 'longitude': '-122.42997201236338', 'human_address': '{""address"": """", ""city"": """", ""state"": """", ""zip"": """"}'}",1.08E+12,,3,3,10,10,5,wood frame (5),5,wood frame (5),2007-01-29T00:00:00.000,,,,,
5ea1fcc1c2aeecdcc61c537a,2.01E+11,8,otc alterations permit,2007-01-10T00:00:00.000,2503A,6,2735,34th,Av,reroofing.,complete,2007-07-19T00:00:00.000,2007-01-10T00:00:00.000,2007-01-10T00:00:00.000,2007-07-10T00:00:00.000Z,15981,15981,1 family dwelling,1 family dwelling,0,4,Sunset/Parkside,94116,"{'latitude': '37.736562637232524', 'longitude': '-122.49170229497658', 'human_address': '{""address"": """", ""city"": """", ""state"": """", ""zip"": """"}'}",1.08E+12,,,,,,,,,,2007-07-19T00:00:00.000,,,,,
5ea1fcc1c2aeecdcc61c537b,2.01E+11,8,otc alterations permit,2007-01-10T00:00:00.000,3729,57,249,09th,St,(e) garage room with stainless steel surround.,complete,2007-08-06T00:00:00.000,2007-01-10T00:00:00.000,2007-01-10T00:00:00.000,2007-05-10T00:00:00.000Z,1000,1000,residential hotel,residential hotel,2,6,South of Market,94103,"{'latitude': '37.774508876514055', 'longitude': '-122.41217066101979', 'human_address': '{""address"": """", ""city"": """", ""state"": """", ""zip"": """"}'}",1.08E+12,,3,3,20,20,5,wood frame (5),5,wood frame (5),2007-08-06T00:00:00.000,,,,,
5ea1fcc1c2aeecdcc61c537c,2.01E+11,8,otc alterations permit,2007-01-10T00:00:00.000,3729,57,251,09th,St,(e) garage room with stainless steel surround.,complete,2007-08-06T00:00:00.000,2007-01-10T00:00:00.000,2007-01-10T00:00:00.000,2007-05-10T00:00:00.000Z,1000,1000,residential hotel,residential hotel,2,6,South of Market,94103,"{'latitude': '37.774508876514055', 'longitude': '-122.41217066101979', 'human_address': '{""address"": """", ""city"": """", ""state"": """", ""zip"": """"}'}",1.08E+12,,3,3,20,20,5,wood frame (5),5,wood frame (5),2007-08-06T00:00:00.000,,,,,
5ea1fcc1c2aeecdcc61c537d,2.01E+11,8,otc alterations permit,2007-01-10T00:00:00.000,6552,22,1285,Sanchez,St,termit & dryrot repair# 8680-06.,expired,2008-05-14T00:00:00.000,2007-01-10T00:00:00.000,2007-01-10T00:00:00.000,2007-07-10T00:00:00.000Z,7100,7100,2 family dwelling,2 family dwelling,0,,,,,1.08E+12,,2,2,2,2,5,wood frame (5),5,wood frame (5),,,,,,
5ea1fcc1c2aeecdcc61c537e,2.01E+11,8,otc alterations permit,2007-01-10T00:00:00.000,6552,22,1287,Sanchez,St,termit & dryrot repair# 8680-06.,expired,2008-05-14T00:00:00.000,2007-01-10T00:00:00.000,2007-01-10T00:00:00.000,2007-07-10T00:00:00.000Z,7100,7100,2 family dwelling,2 family dwelling,0,,,,,1.08E+12,,2,2,2,2,5,wood frame (5),5,wood frame (5),,,,,,
5ea1fcc1c2aeecdcc61c537f,2.01E+11,8,otc alterations permit,2007-01-10T00:00:00.000,3544,40,62,Landers,St,"remove  & replace  (e) plywood & rustic siding in the left side lightwell. also repair strructurally damaged studs, plate a sill. approx 100sqft.dryrot  repair only. not visible from street replace in kind.",expired,2008-04-18T00:00:00.000,2007-01-10T00:00:00.000,2007-01-10T00:00:00.000,2007-07-10T00:00:00.000Z,6500,6500,apartments,apartments,0,8,Castro/Upper Market,94114,"{'latitude': '37.76680613769998', 'longitude': '-122.42809136294592', 'human_address': '{""address"": """", ""city"": """", ""state"": """", ""zip"": """"}'}",1.08E+12,,3,3,3,3,5,wood frame (5),5,wood frame (5),,,,,,
5ea1fcc1c2aeecdcc61c5380,2.01E+11,8,otc alterations permit,2007-01-10T00:00:00.000,3544,40,64,Landers,St,"remove  & replace  (e) plywood & rustic siding in the left side lightwell. also repair strructurally damaged studs, plate a sill. approx 100sqft.dryrot  repair only. not visible from street replace in kind.",expired,2008-04-18T00:00:00.000,2007-01-10T00:00:00.000,2007-01-10T00:00:00.000,2007-07-10T00:00:00.000Z,6500,6500,apartments,apartments,0,8,Castro/Upper Market,94114,"{'latitude': '37.76680613769998', 'longitude': '-122.42809136294592', 'human_address': '{""address"": """", ""city"": """", ""state"": """", ""zip"": """"}'}",1.08E+12,,3,3,3,3,5,wood frame (5),5,wood frame (5),,,,,,
5ea1fcc1c2aeecdcc61c5381,2.01E+11,8,otc alterations permit,2007-01-10T00:00:00.000,3584,94,155,Hancock,St,aluminum replacement 2 windows & 1 sliding patio door. size for size. no new opening. clear opening to remain the same or greater. duel glazing. u valve 0.42 or lower.,expired,2010-02-02T00:00:00.000,2007-01-10T00:00:00.000,2007-01-10T00:00:00.000,2007-07-10T00:00:00.000Z,6661,6661,apartments,apartments,0,8,Castro/Upper Market,94114,"{'latitude': '37.76003536189801', 'longitude': '-122.43177147361828', 'human_address': '{""address"": """", ""city"": """", ""state"": """", ""zip"": """"}'}",1.08E+12,2,4,4,6,6,5,wood frame (5),5,wood frame (5),,,,,,
5ea1fcc1c2aeecdcc61c5382,2.01E+11,3,additions alterations or repairs,2007-01-10T00:00:00.000,7109,19,825,Huron,Av,proposed two story horizontal addition @ front of bldg.,cancelled,2009-03-17T00:00:00.000,2007-01-10T00:00:00.000,,,150000,150000,1 family dwelling,1 family dwelling,2,11,Outer Mission,94112,"{'latitude': '37.71062898455714', 'longitude': '-122.45100173167633', 'human_address': '{""address"": """", ""city"": """", ""state"": """", ""zip"": """"}'}",1.08E+12,,2,2,1,1,5,wood frame (5),5,wood frame (5),,Y,Y,,,
5ea1fcc1c2aeecdcc61c5383,2.01E+11,8,otc alterations permit,2007-01-10T00:00:00.000,3584,95,155,Hancock,St,aluminum replacement 4 windows. size for size. no new opening. clear opening to remain the same or greater. duel glazing. u valve 0.42 or lower.,complete,2007-01-30T00:00:00.000,2007-01-10T00:00:00.000,2007-01-10T00:00:00.000,2007-05-10T00:00:00.000Z,2500,2500,apartments,apartments,0,8,Castro/Upper Market,94114,"{'latitude': '37.76003536189801', 'longitude': '-122.43177147361828', 'human_address': '{""address"": """", ""city"": """", ""state"": """", ""zip"": """"}'}",1.08E+12,3,4,4,6,6,5,wood frame (5),5,wood frame (5),2007-01-30T00:00:00.000,,,,,
5ea1fcc1c2aeecdcc61c5384,2.01E+11,8,otc alterations permit,2007-01-10T00:00:00.000,3584,96,155,Hancock,St,aluminum replacement 9 windows & 1 sliding patio door. like for like. no new opening. clear opening to remain the same or greater. duel glazing. u valve 0.42 or lower.,complete,2007-01-30T00:00:00.000,2007-01-10T00:00:00.000,2007-01-10T00:00:00.000,2007-05-10T00:00:00.000Z,3511,3511,apartments,apartments,0,8,Castro/Upper Market,94114,"{'latitude': '37.76003536189801', 'longitude': '-122.43177147361828', 'human_address': '{""address"": """", ""city"": """", ""state"": """", ""zip"": """"}'}",1.08E+12,4,4,4,6,6,5,wood frame (5),5,wood frame (5),2007-01-30T00:00:00.000,,,,,
5ea1fcc1c2aeecdcc61c5385,2.01E+11,8,otc alterations permit,2007-01-10T00:00:00.000,3584,97,155,Hancock,St,work @ unit# 5 only. aluminum replacement 7 windows. size for size. no new opening. clear opening to remain the same or greater. duel glazing. u valve 0.42 or lower.,complete,2007-01-30T00:00:00.000,2007-01-10T00:00:00.000,2007-01-10T00:00:00.000,2007-05-10T00:00:00.000Z,4002,4002,apartments,apartments,0,8,Castro/Upper Market,94114,"{'latitude': '37.76003536189801', 'longitude': '-122.43177147361828', 'human_address': '{""address"": """", ""city"": """", ""state"": """", ""zip"": """"}'}",1.08E+12,5,4,4,6,6,5,wood frame (5),5,wood frame (5),2007-01-30T00:00:00.000,,,,,
5ea1fcc1c2aeecdcc61c5386,2.01E+11,8,otc alterations permit,2007-01-10T00:00:00.000,993,21,3725,Washington,St,"replace 3 existing skylights  same size, location, style.",complete,2007-03-12T00:00:00.000,2007-01-10T00:00:00.000,2007-01-10T00:00:00.000,2007-07-10T00:00:00.000Z,6000,6000,1 family dwelling,1 family dwelling,0,2,Presidio Heights,94118,"{'latitude': '37.78877659062538', 'longitude': '-122.45436274204886', 'human_address': '{""address"": """", ""city"": """", ""state"": """", ""zip"": """"}'}",1.08E+11,,2,2,1,1,5,wood frame (5),5,wood frame (5),2007-03-12T00:00:00.000,,,,,
5ea1fcc1c2aeecdcc61c5387,2.01E+11,8,otc alterations permit,2007-01-10T00:00:00.000,3544,40,62,Landers,St,"remove  & replace  (e) plywood & rustic siding in the left side lightwell. also repair strructurally damaged studs, plate a sill. approx 100sqft.dryrot  repair only. not visible from street replace in kind.",expired,2008-04-18T00:00:00.000,2007-01-10T00:00:00.000,2007-01-10T00:00:00.000,2007-07-10T00:00:00.000Z,6500,6500,apartments,apartments,0,8,Castro/Upper Market,94114,"{'latitude': '37.76680613769998', 'longitude': '-122.42809136294592', 'human_address': '{""address"": """", ""city"": """", ""state"": """", ""zip"": """"}'}",1.08E+12,,3,3,3,3,5,wood frame (5),5,wood frame (5),,,,A,,
5ea1fcc1c2aeecdcc61c5388,2.01E+11,8,otc alterations permit,2007-01-10T00:00:00.000,7550,31,333,Addison,St,revise pa# 2007/01/02/0833. dryrot explore. repair sheething & siding and less than 10 studs. not visible from street.,complete,2007-02-06T00:00:00.000,2007-01-10T00:00:00.000,2007-01-10T00:00:00.000,2007-05-10T00:00:00.000Z,1,1,1 family dwelling,1 family dwelling,0,8,Glen Park,94131,"{'latitude': '37.73992689728953', 'longitude': '-122.43469595547313', 'human_address': '{""address"": """", ""city"": """", ""state"": """", ""zip"": """"}'}",1.08E+12,,2,2,1,1,5,wood frame (5),5,wood frame (5),2007-02-06T00:00:00.000,,,,,
5ea1fcc1c2aeecdcc61c5389,2.01E+11,8,otc alterations permit,2007-01-10T00:00:00.000,207,32,600,Montgomery,St,"oti-1  13th floor el, me, l/s, sp",complete,2008-12-17T00:00:00.000,2007-01-10T00:00:00.000,2007-01-10T00:00:00.000,2008-01-10T00:00:00.000Z,35000,35000,office,office,2,3,Chinatown,94111,"{'latitude': '37.79515270651952', 'longitude': '-122.4027150305396', 'human_address': '{""address"": """", ""city"": """", ""state"": """", ""zip"": """"}'}",1.08E+11,,48,48,0,0,1,constr type 1,1,constr type 1,2008-12-17T00:00:00.000,,,,,
5ea1fcc1c2aeecdcc61c538a,2.01E+11,8,otc alterations permit,2007-01-10T00:00:00.000,207,32,600,Montgomery,St,"oti-1, 5th floor, el, ls, sp",complete,2008-12-22T00:00:00.000,2007-01-10T00:00:00.000,2007-01-10T00:00:00.000,2007-07-10T00:00:00.000Z,20000,20000,office,office,2,3,Chinatown,94111,"{'latitude': '37.79515270651952', 'longitude': '-122.4027150305396', 'human_address': '{""address"": """", ""city"": """", ""state"": """", ""zip"": """"}'}",1.08E+11,,48,48,0,0,1,constr type 1,1,constr type 1,2008-12-22T00:00:00.000,,,,,
5ea1fcc1c2aeecdcc61c538b,M53582,8,otc alterations permit,2007-01-10T00:00:00.000,1422,39,206,12th,Av,street space,issued,2007-01-10T00:00:00.000,2007-01-10T00:00:00.000,2007-01-10T00:00:00.000,,,0,,,,1,Inner Richmond,94118,"{'latitude': '37.78428628910282', 'longitude': '-122.47078696424983', 'human_address': '{""address"": """", ""city"": """", ""state"": """", ""zip"": """"}'}",1.08E+12,,,,,,,,,,,,,,,
5ea1fcc1c2aeecdcc61c538c,M53582,8,otc alterations permit,2007-01-10T00:00:00.000,1422,39,212,12th,Av,street space,issued,2007-01-10T00:00:00.000,2007-01-10T00:00:00.000,2007-01-10T00:00:00.000,,,0,,,,1,Inner Richmond,94118,"{'latitude': '37.78428628910282', 'longitude': '-122.47078696424983', 'human_address': '{""address"": """", ""city"": """", ""state"": """", ""zip"": """"}'}",1.08E+12,,,,,,,,,,,,,,,
5ea1fcc1c2aeecdcc61c538d,2.01E+11,8,otc alterations permit,2007-01-10T00:00:00.000,1125,9,2010,Eddy,St,"all work in kind: to repair dry rot sill plate, 14' in garage from leaking bath tub drain.to repair and replace deck posts (3) to replace beetle damaged deck ledger and decking close to house shingles, replace deck facia board due to beetle and fungus damage.not seen from street. 20' long x 8' wide",complete,2007-04-10T00:00:00.000,2007-01-10T00:00:00.000,2007-01-10T00:00:00.000,2007-07-10T00:00:00.000Z,10800,10800,apartments,apartments,0,2,Western Addition,94115,"{'latitude': '37.7805172188185', 'longitude': '-122.44102431128223', 'human_address': '{""address"": """", ""city"": """", ""state"": """", ""zip"": """"}'}",1.08E+11,,3,3,4,4,5,wood frame (5),5,wood frame (5),2007-04-10T00:00:00.000,,,,,
5ea1fcc1c2aeecdcc61c538e,M53583,8,otc alterations permit,2007-01-10T00:00:00.000,864,22,627,Waller,St,streetspace,issued,2007-01-10T00:00:00.000,2007-01-10T00:00:00.000,2007-01-10T00:00:00.000,,,0,,,,8,Haight Ashbury,94117,"{'latitude': '37.770478429455174', 'longitude': '-122.43398709060403', 'human_address': '{""address"": """", ""city"": """", ""state"": """", ""zip"": """"}'}",1.08E+11,,,,,,,,,,,,,,,
5ea1fcc1c2aeecdcc61c538f,2.01E+11,8,otc alterations permit,2007-01-10T00:00:00.000,73,002A,2135,Taylor,St,remove one interior wall between dining and kitchen area only on 3rd floor.,complete,2007-05-25T00:00:00.000,2007-01-10T00:00:00.000,2007-01-10T00:00:00.000,2007-05-10T00:00:00.000Z,2000,2000,apartments,apartments,2,3,Russian Hill,94133,"{'latitude': '37.80215723607119', 'longitude': '-122.41484100574996', 'human_address': '{""address"": """", ""city"": """", ""state"": """", ""zip"": """"}'}",1.08E+12,,4,4,3,3,5,wood frame (5),5,wood frame (5),2007-05-25T00:00:00.000,,,,,
5ea1fcc1c2aeecdcc61c5390,2.01E+11,8,otc alterations permit,2007-01-10T00:00:00.000,7218,7,3070,21st,Av,"termite repair at bay window at front of the house, replace 22 of (e) windows.",expired,2008-11-18T00:00:00.000,2007-01-10T00:00:00.000,2007-01-10T00:00:00.000,2007-07-10T00:00:00.000Z,12000,12000,1 family dwelling,1 family dwelling,2,7,Sunset/Parkside,94132,"{'latitude': '37.7315917351761', 'longitude': '-122.47660495263123', 'human_address': '{""address"": """", ""city"": """", ""state"": """", ""zip"": """"}'}",1.08E+12,,2,2,1,1,5,wood frame (5),5,wood frame (5),,,,,,
5ea1fcc1c2aeecdcc61c5391,2.01E+11,8,otc alterations permit,2007-01-10T00:00:00.000,2851,20,201,Glenview,Dr,repair and replace dry rotted guard rail,complete,2007-01-17T00:00:00.000,2007-01-10T00:00:00.000,2007-01-10T00:00:00.000,2007-05-10T00:00:00.000Z,1500,1500,2 family dwelling,2 family dwelling,0,8,Twin Peaks,94131,"{'latitude': '37.74880516699032', 'longitude': '-122.44707062076658', 'human_address': '{""address"": """", ""city"": """", ""state"": """", ""zip"": """"}'}",1.08E+12,,2,2,2,2,5,wood frame (5),5,wood frame (5),2007-01-17T00:00:00.000,,,,,
5ea1fcc1c2aeecdcc61c5392,2.01E+11,8,otc alterations permit,2007-01-10T00:00:00.000,6534,021A,1265,Dolores,St,renewal of permit application #200511188536 and permit 1072806 for final inspection.,complete,2007-01-16T00:00:00.000,2007-01-10T00:00:00.000,2007-01-10T00:00:00.000,2007-05-10T00:00:00.000Z,1,1,apartments,apartments,0,8,Mission,94110,"{'latitude': '37.74926195254733', 'longitude': '-122.42448475997335', 'human_address': '{""address"": """", ""city"": """", ""state"": """", ""zip"": """"}'}",1.08E+12,,2,2,6,6,5,wood frame (5),5,wood frame (5),2007-01-16T00:00:00.000,,,,,
5ea1fcc1c2aeecdcc61c5393,2.01E+11,8,otc alterations permit,2007-01-10T00:00:00.000,3254,3,220,San Benito,Wy,renovate (e) kitchen and bathrooms only on 2nd floor.,complete,2007-05-18T00:00:00.000,2007-01-10T00:00:00.000,2007-01-10T00:00:00.000,2007-07-10T00:00:00.000Z,15000,15000,1 family dwelling,1 family dwelling,2,7,West of Twin Peaks,94127,"{'latitude': '37.73269782902508', 'longitude': '-122.46720875325877', 'human_address': '{""address"": """", ""city"": """", ""state"": """", ""zip"": """"}'}",1.08E+12,,2,2,1,1,5,wood frame (5),5,wood frame (5),2007-05-18T00:00:00.000,,,,,
5ea1fcc1c2aeecdcc61c5394,2.01E+11,3,additions alterations or repairs,2007-01-10T00:00:00.000,1028,23,2863,California,St,"revision to pa #2002/08/06/3236 - revise garage level plan, foundation and 1st floor framing plans, where and as shown on the plans. expansion of mezzanine to floor - revise all floor plans.",complete,2009-02-18T00:00:00.000,2007-01-10T00:00:00.000,2007-11-05T00:00:00.000,2008-11-05T00:00:00.000Z,1,30000,apartments,apartments,2,2,Pacific Heights,94115,"{'latitude': '37.78762156844761', 'longitude': '-122.44150652913073', 'human_address': '{""address"": """", ""city"": """", ""state"": """", ""zip"": """"}'}",1.08E+11,,4,4,3,3,5,wood frame (5),5,wood frame (5),2009-02-18T00:00:00.000,Y,,,,
5ea1fcc1c2aeecdcc61c5395,2.01E+11,8,otc alterations permit,2007-01-10T00:00:00.000,5708,18,205,Bennington,St,"optional voluntary anchorbolt retrofit. install anchorbolts at 4"" intervals in existing perimeter foundation. anchors to be 5/8 x12"" threaded rod with 2' square washers, epoxy set with 7"" embedment. construct plywood stiffening panels on existing basement walls.panels to be 1/2 cdx plywood, nailed",expired,2013-02-04T00:00:00.000,2007-01-10T00:00:00.000,2007-01-10T00:00:00.000,2007-05-10T00:00:00.000Z,2000,2000,2 family dwelling,2 family dwelling,0,9,Bernal Heights,94110,"{'latitude': '37.73815800729215', 'longitude': '-122.41767420492035', 'human_address': '{""address"": """", ""city"": """", ""state"": """", ""zip"": """"}'}",1.08E+12,,2,2,2,2,5,wood frame (5),5,wood frame (5),,,,,,
5ea1fcc1c2aeecdcc61c5396,2.01E+11,8,otc alterations permit,2007-01-10T00:00:00.000,5708,18,207,Bennington,St,"optional voluntary anchorbolt retrofit. install anchorbolts at 4"" intervals in existing perimeter foundation. anchors to be 5/8 x12"" threaded rod with 2' square washers, epoxy set with 7"" embedment. construct plywood stiffening panels on existing basement walls.panels to be 1/2 cdx plywood, nailed",expired,2013-02-04T00:00:00.000,2007-01-10T00:00:00.000,2007-01-10T00:00:00.000,2007-05-10T00:00:00.000Z,2000,2000,2 family dwelling,2 family dwelling,0,9,Bernal Heights,94110,"{'latitude': '37.73815800729215', 'longitude': '-122.41767420492035', 'human_address': '{""address"": """", ""city"": """", ""state"": """", ""zip"": """"}'}",1.08E+12,,2,2,2,2,5,wood frame (5),5,wood frame (5),,,,,,
5ea1fcc1c2aeecdcc61c5397,M53602,8,otc alterations permit,2007-01-10T00:00:00.000,620,14,1680,Clay,St,streetspace,issued,2007-01-10T00:00:00.000,2007-01-10T00:00:00.000,2007-01-10T00:00:00.000,,,0,,,,3,Russian Hill,94109,"{'latitude': '37.792632426447135', 'longitude': '-122.42071995251334', 'human_address': '{""address"": """", ""city"": """", ""state"": """", ""zip"": """"}'}",1.08E+11,,,,,,,,,,,,,,,
5ea1fcc1c2aeecdcc61c5398,2.01E+11,8,otc alterations permit,2007-01-10T00:00:00.000,942,37,2775,Greenwich,St,split one bathroom and closer ino two bathroom all lighting per title 24,cancelled,2007-08-03T00:00:00.000,2007-01-10T00:00:00.000,2007-01-10T00:00:00.000,2007-07-10T00:00:00.000Z,10000,10000,1 family dwelling,1 family dwelling,2,2,Marina,94123,"{'latitude': '37.797495310705614', 'longitude': '-122.44525601401125', 'human_address': '{""address"": """", ""city"": """", ""state"": """", ""zip"": """"}'}",1.08E+11,2775,2,2,1,1,5,wood frame (5),5,wood frame (5),,,,,,
5ea1fcc1c2aeecdcc61c5399,2.01E+11,8,otc alterations permit,2007-01-10T00:00:00.000,5802,20,3999,Mission,St,renewal for expired permit applic. #2000/10/26/4172 for final inspection.,complete,2007-03-01T00:00:00.000,2007-01-10T00:00:00.000,2007-01-10T00:00:00.000,2007-05-10T00:00:00.000Z,1,1,apartments,apartments,0,9,Bernal Heights,94112,"{'latitude': '37.73385183654777', 'longitude': '-122.42585121398481', 'human_address': '{""address"": """", ""city"": """", ""state"": """", ""zip"": """"}'}",10795992565,,4,4,16,16,4,constr type 4,4,constr type 4,2007-03-01T00:00:00.000,,,,,
5ea1fcc1c2aeecdcc61c539a,M53603,8,otc alterations permit,2007-01-10T00:00:00.000,106,017D,33,Alta,St,streetpace,issued,2007-01-10T00:00:00.000,2007-01-10T00:00:00.000,2007-01-10T00:00:00.000,,,0,,,,3,North Beach,94133,"{'latitude': '37.80147114754607', 'longitude': '-122.40415862467185', 'human_address': '{""address"": """", ""city"": """", ""state"": """", ""zip"": """"}'}",1.08E+11,,,,,,,,,,,,,,,
5ea1fcc1c2aeecdcc61c539b,M53604,8,otc alterations permit,2007-01-10T00:00:00.000,979,5,2311,Scott,St,street space permit,issued,2007-01-10T00:00:00.000,2007-01-10T00:00:00.000,2007-01-10T00:00:00.000,,,0,,,,,,,,1.08E+12,,,,,,,,,,,,,,,
5ea1fcc1c2aeecdcc61c539c,2.01E+11,8,otc alterations permit,2007-01-10T00:00:00.000,7025,18,211,Tara,St,reroofing,complete,2007-01-23T00:00:00.000,2007-01-10T00:00:00.000,2007-01-10T00:00:00.000,2007-07-10T00:00:00.000Z,8000,8000,1 family dwelling,1 family dwelling,0,11,Oceanview/Merced/Ingleside,94112,"{'latitude': '37.71982946546408', 'longitude': '-122.44916624255849', 'human_address': '{""address"": """", ""city"": """", ""state"": """", ""zip"": """"}'}",1.08E+12,,,,,,,,,,2007-01-23T00:00:00.000,,,,,
5ea1fcc1c2aeecdcc61c539d,M53605,8,otc alterations permit,2007-01-10T00:00:00.000,1444,9,345,12th,Av,sidewalk permit only.,issued,2007-01-10T00:00:00.000,2007-01-10T00:00:00.000,2007-01-10T00:00:00.000,,,0,,,,1,Inner Richmond,94118,"{'latitude': '37.7817394499235', 'longitude': '-122.47110954106573', 'human_address': '{""address"": """", ""city"": """", ""state"": """", ""zip"": """"}'}",1.08E+11,,,,,,,,,,,,,,,
5ea1fcc1c2aeecdcc61c539e,M53606,8,otc alterations permit,2007-01-10T00:00:00.000,3556,25,299,Dolores,St,street space,issued,2007-01-10T00:00:00.000,2007-01-10T00:00:00.000,2007-01-10T00:00:00.000,,,0,,,,8,Mission,94103,"{'latitude': '37.76503523792591', 'longitude': '-122.42584448457588', 'human_address': '{""address"": """", ""city"": """", ""state"": """", ""zip"": """"}'}",1.08E+12,,,,,,,,,,,,,,,
5ea1fcc1c2aeecdcc61c539f,2.01E+11,8,otc alterations permit,2007-01-10T00:00:00.000,6915,12,60,Urbano,Dr,"remodel bathrooms,1 kitchen, change accessories, light fixtures,appliances,(2). no change to fixtures. remove wall to wall carpet,refinish hardwood floors, paint interior/exterior, rpair cracks on ceiling of living rm/dining rm",complete,2007-05-25T00:00:00.000,2007-01-10T00:00:00.000,2007-01-10T00:00:00.000,2007-05-10T00:00:00.000Z,5000,5000,1 family dwelling,1 family dwelling,0,7,West of Twin Peaks,94127,"{'latitude': '37.72521762793758', 'longitude': '-122.46357079197217', 'human_address': '{""address"": """", ""city"": """", ""state"": """", ""zip"": """"}'}",1.08E+12,,2,2,1,1,5,wood frame (5),5,wood frame (5),2007-05-25T00:00:00.000,,,,,
5ea1fcc1c2aeecdcc61c53a0,2.01E+11,8,otc alterations permit,2007-01-10T00:00:00.000,5339,15,1623,Quesada,Av,"remove unused gas line, ground floor (cap in wall). modify existin gcoutner @ ground floor for installation of new a/v entertainment center (less than 50% of voltage). open wall 1' max. between family & bedroom for opening family room. see plan",complete,2007-01-29T00:00:00.000,2007-01-10T00:00:00.000,2007-01-10T00:00:00.000,2007-05-10T00:00:00.000Z,3000,3000,1 family dwelling,1 family dwelling,2,10,Bayview Hunters Point,94124,"{'latitude': '37.73235753170797', 'longitude': '-122.3902589305954', 'human_address': '{""address"": """", ""city"": """", ""state"": """", ""zip"": """"}'}",1.08E+12,,2,2,1,1,5,wood frame (5),5,wood frame (5),2007-01-29T00:00:00.000,,,,,
5ea1fcc1c2aeecdcc61c53a1,2.01E+11,8,otc alterations permit,2007-01-10T00:00:00.000,6509,20,3899,24th,St,"revise storefront, office partitions, & restroom to pa# 2006/07/07/5910 submit for mechanical drawings.",complete,2007-03-12T00:00:00.000,2007-01-10T00:00:00.000,2007-01-10T00:00:00.000,2007-05-10T00:00:00.000Z,500,500,office,office,2,8,Noe Valley,94114,"{'latitude': '37.75138466492652', 'longitude': '-122.42944977279261', 'human_address': '{""address"": """", ""city"": """", ""state"": """", ""zip"": """"}'}",1.08E+12,,3,3,2,2,5,wood frame (5),5,wood frame (5),2007-03-12T00:00:00.000,,,,,
5ea1fcc1c2aeecdcc61c53a2,2.01E+11,8,otc alterations permit,2007-01-10T00:00:00.000,1013,14,3880,Sacramento,St,revise current permit app#200606053233 to eliminate work on o upper floor and reinforce (e) fireplace at foundation only.,complete,2007-10-19T00:00:00.000,2007-01-10T00:00:00.000,2007-01-10T00:00:00.000,2007-05-10T00:00:00.000Z,1,1,2 family dwelling,2 family dwelling,2,2,Presidio Heights,94118,"{'latitude': '37.78720305442757', 'longitude': '-122.45655278739959', 'human_address': '{""address"": """", ""city"": """", ""state"": """", ""zip"": """"}'}",1.08E+11,,2,2,1,1,5,wood frame (5),5,wood frame (5),2007-10-19T00:00:00.000,,,,,
5ea1fcc1c2aeecdcc61c53a3,2.01E+11,3,additions alterations or repairs,2007-01-10T00:00:00.000,4268,36,2889,24th,St,installation of fire alarm system in new bldng.,complete,2007-02-01T00:00:00.000,2007-01-10T00:00:00.000,2007-01-23T00:00:00.000,2008-01-23T00:00:00.000Z,49000,49000,apartments,apartments,2,9,Mission,94110,"{'latitude': '37.75253683431497', 'longitude': '-122.40971714882464', 'human_address': '{""address"": """", ""city"": """", ""state"": """", ""zip"": """"}'}",1.08E+12,,4,4,8,8,5,wood frame (5),5,wood frame (5),2007-02-01T00:00:00.000,,,,,
5ea1fcc1c2aeecdcc61c53a4,2.01E+11,8,otc alterations permit,2007-01-10T00:00:00.000,6604,23,1527,Diamond,St,roofing,complete,2007-02-07T00:00:00.000,2007-01-10T00:00:00.000,2007-01-10T00:00:00.000,2007-07-10T00:00:00.000Z,13000,13000,1 family dwelling,1 family dwelling,0,8,Noe Valley,94131,"{'latitude': '37.74518126902893', 'longitude': '-122.43540089214032', 'human_address': '{""address"": """", ""city"": """", ""state"": """", ""zip"": """"}'}",1.08E+12,,,,,,,,,,2007-02-07T00:00:00.000,,,,,
5ea1fcc1c2aeecdcc61c53a5,2.01E+11,8,otc alterations permit,2007-01-10T00:00:00.000,6611,037B,549,28th,St,shoring permit to comply with nov# 200684891,expired,2008-02-22T00:00:00.000,2007-01-10T00:00:00.000,2007-01-10T00:00:00.000,2007-05-10T00:00:00.000Z,1000,1000,1 family dwelling,1 family dwelling,2,8,Noe Valley,94131,"{'latitude': '37.744589254495374', 'longitude': '-122.43450948258679', 'human_address': '{""address"": """", ""city"": """", ""state"": """", ""zip"": """"}'}",1.08E+12,,1,1,1,1,5,wood frame (5),5,wood frame (5),,,,,,
5ea1fcc1c2aeecdcc61c53a6,2.01E+11,3,additions alterations or repairs,2007-01-10T00:00:00.000,1846,29,1478,08th,Av,remodel existing single family residence with small addition for a new interior stairwell down to the ground floor and a slight enlargement to the existing 3rd floor to rationalize the structural design and voluntary seismic upgrade. rebuild front porch with similar layout.,complete,2008-08-20T00:00:00.000,2007-01-10T00:00:00.000,2007-11-19T00:00:00.000,2008-11-19T00:00:00.000Z,80000,90000,1 family dwelling,1 family dwelling,2,5,Inner Sunset,94122,"{'latitude': '37.760859480961784', 'longitude': '-122.46468835442931', 'human_address': '{""address"": """", ""city"": """", ""state"": """", ""zip"": """"}'}",1.08E+12,,3,3,1,1,5,wood frame (5),5,wood frame (5),2008-08-20T00:00:00.000,Y,Y,,,
5ea1fcc1c2aeecdcc61c53a7,2.01E+11,8,otc alterations permit,2007-01-10T00:00:00.000,914,2,2136,Beach,St,renew 200210017862 for final,complete,2007-01-25T00:00:00.000,2007-01-10T00:00:00.000,2007-01-10T00:00:00.000,2007-05-10T00:00:00.000Z,1,1,2 family dwelling,2 family dwelling,0,2,Marina,94123,"{'latitude': '37.80390028924285', 'longitude': '-122.44432506882231', 'human_address': '{""address"": """", ""city"": """", ""state"": """", ""zip"": """"}'}",1.08E+11,,3,3,2,2,5,wood frame (5),5,wood frame (5),2007-01-25T00:00:00.000,,,,,
5ea1fcc1c2aeecdcc61c53a8,2.01E+11,8,otc alterations permit,2007-01-10T00:00:00.000,914,2,2138,Beach,St,renew 200210017862 for final,complete,2007-01-25T00:00:00.000,2007-01-10T00:00:00.000,2007-01-10T00:00:00.000,2007-05-10T00:00:00.000Z,1,1,2 family dwelling,2 family dwelling,0,2,Marina,94123,"{'latitude': '37.80390028924285', 'longitude': '-122.44432506882231', 'human_address': '{""address"": """", ""city"": """", ""state"": """", ""zip"": """"}'}",1.08E+12,,3,3,2,2,5,wood frame (5),5,wood frame (5),2007-01-25T00:00:00.000,,,,,
5ea1fcc1c2aeecdcc61c53a9,M53622,8,otc alterations permit,2007-01-10T00:00:00.000,5526,7,1646,Alabama,St,street space permit,filed,2007-01-10T00:00:00.000,2007-01-10T00:00:00.000,,,,0,,,,9,Bernal Heights,94110,"{'latitude': '37.74613409138239', 'longitude': '-122.41087784717728', 'human_address': '{""address"": """", ""city"": """", ""state"": """", ""zip"": """"}'}",1.08E+12,,,,,,,,,,,,,,,
5ea1fcc1c2aeecdcc61c53aa,2.01E+11,8,otc alterations permit,2007-01-10T00:00:00.000,3727,120,1167,Mission,St,renew pa#200110039866 for final inspection.,complete,2007-05-08T00:00:00.000,2007-01-10T00:00:00.000,2007-01-10T00:00:00.000,2007-05-10T00:00:00.000Z,1,1,manufacturing,manufacturing,0,6,South of Market,94103,"{'latitude': '37.77774114291746', 'longitude': '-122.41219799754302', 'human_address': '{""address"": """", ""city"": """", ""state"": """", ""zip"": """"}'}",1.08E+12,,4,4,0,0,2,constr type 2,2,constr type 2,2007-05-08T00:00:00.000,,,,,
5ea1fcc1c2aeecdcc61c53ab,2.01E+11,8,otc alterations permit,2007-01-10T00:00:00.000,2771,66,680,Alvarado,St,replace broken window & replace door with similar kind window. replace damaged bathtub @ upper floor,complete,2007-05-16T00:00:00.000,2007-01-10T00:00:00.000,2007-01-10T00:00:00.000,2007-05-10T00:00:00.000Z,2900,2900,2 family dwelling,2 family dwelling,0,8,Noe Valley,94114,"{'latitude': '37.75381625592184', 'longitude': '-122.43600410805419', 'human_address': '{""address"": """", ""city"": """", ""state"": """", ""zip"": """"}'}",1.08E+12,,3,3,2,2,5,wood frame (5),5,wood frame (5),2007-05-16T00:00:00.000,,,,,
5ea1fcc1c2aeecdcc61c53ac,2.01E+11,8,otc alterations permit,2007-01-10T00:00:00.000,5720,57,190,Park,St,renew pa# 200406095892.,complete,2007-02-28T00:00:00.000,2007-01-10T00:00:00.000,2007-01-10T00:00:00.000,2007-05-10T00:00:00.000Z,2000,2000,1 family dwelling,2 family dwelling,0,9,Bernal Heights,94110,"{'latitude': '37.73632920930865', 'longitude': '-122.4212955044089', 'human_address': '{""address"": """", ""city"": """", ""state"": """", ""zip"": """"}'}",1.08E+12,,2,2,2,1,5,wood frame (5),5,wood frame (5),2007-02-28T00:00:00.000,,,,,
5ea1fcc1c2aeecdcc61c53ad,2.01E+11,8,otc alterations permit,2007-01-10T00:00:00.000,875,13,34,Steiner,St,"dry rot rrpair on rear stairs, repair replace in kind less that 50% not visabel form street",complete,2007-01-23T00:00:00.000,2007-01-10T00:00:00.000,2007-01-10T00:00:00.000,2007-07-10T00:00:00.000Z,6000,6000,apartments,apartments,0,8,Hayes Valley,94117,"{'latitude': '37.76989870874836', 'longitude': '-122.43141147166934', 'human_address': '{""address"": """", ""city"": """", ""state"": """", ""zip"": """"}'}",1.08E+12,,3,3,7,7,5,wood frame (5),5,wood frame (5),2007-01-23T00:00:00.000,,,,,
5ea1fcc1c2aeecdcc61c53ae,2.01E+11,8,otc alterations permit,2007-01-10T00:00:00.000,2141,4,2051,21st,Av,remodel 2nd floor kitchen. revision to approved pa# 2007/01/08/1220 in kind. (less than 50% voltage). replace counter top cabinets & sink only.,complete,2007-07-16T00:00:00.000,2007-01-10T00:00:00.000,2007-01-10T00:00:00.000,2007-07-10T00:00:00.000Z,7000,7000,1 family dwelling,1 family dwelling,0,4,Sunset/Parkside,94116,"{'latitude': '37.74943449716588', 'longitude': '-122.47861469125525', 'human_address': '{""address"": """", ""city"": """", ""state"": """", ""zip"": """"}'}",1.08E+12,,2,2,1,1,5,wood frame (5),5,wood frame (5),2007-07-16T00:00:00.000,,,,,
5ea1fcc1c2aeecdcc61c53af,2.01E+11,8,otc alterations permit,2007-01-10T00:00:00.000,1364,24,164,05th,Av,"renovate kitchen, split bathroom, reframe existing hallway ceiling in kind to accomodate carrier central heating duct work due to unit being located in middle flat of 3 unit bldg. relocate water heater in kitchen to rear porch which is located in adjacent room to kitchen, install new ducting for",complete,2007-05-09T00:00:00.000,2007-01-10T00:00:00.000,2007-01-10T00:00:00.000,2007-07-10T00:00:00.000Z,12000,12000,apartments,apartments,0,2,Inner Richmond,94118,"{'latitude': '37.78556477954677', 'longitude': '-122.46320680897367', 'human_address': '{""address"": """", ""city"": """", ""state"": """", ""zip"": """"}'}",1.08E+12,,3,3,3,3,5,wood frame (5),5,wood frame (5),2007-05-09T00:00:00.000,,,,,
5ea1fcc1c2aeecdcc61c53b0,M53642,8,otc alterations permit,2007-01-10T00:00:00.000,1426,35,240,08th,Av,streetspace and sidewalk,issued,2007-01-10T00:00:00.000,2007-01-10T00:00:00.000,2007-01-10T00:00:00.000,,,0,,,,1,Inner Richmond,94118,"{'latitude': '37.783954505269854', 'longitude': '-122.46631400384872', 'human_address': '{""address"": """", ""city"": """", ""state"": """", ""zip"": """"}'}",1.08E+11,,,,,,,,,,,,,,,
5ea1fcc1c2aeecdcc61c53b1,M53642,8,otc alterations permit,2007-01-10T00:00:00.000,1426,35,242,08th,Av,streetspace and sidewalk,issued,2007-01-10T00:00:00.000,2007-01-10T00:00:00.000,2007-01-10T00:00:00.000,,,0,,,,1,Inner Richmond,94118,"{'latitude': '37.783954505269854', 'longitude': '-122.46631400384872', 'human_address': '{""address"": """", ""city"": """", ""state"": """", ""zip"": """"}'}",1.08E+12,0,,,,,,,,,,,,,,
5ea1fcc1c2aeecdcc61c53b2,2.01E+11,8,otc alterations permit,2007-01-10T00:00:00.000,860,62,551,Haight,St,add1 smoke and 2 horn/strobe to existing fire alarm system moved some devices to . rev to pa#200605242399.r-1 comply with nov#200006795 & #200671742.,expired,2009-06-24T00:00:00.000,2007-01-10T00:00:00.000,2007-01-10T00:00:00.000,2007-05-10T00:00:00.000Z,1,1,apartments,apartments,2,5,Hayes Valley,94117,"{'latitude': '37.77180527600348', 'longitude': '-122.43131826239697', 'human_address': '{""address"": """", ""city"": """", ""state"": """", ""zip"": """"}'}",1.08E+11,,3,3,4,4,3,constr type 3,3,constr type 3,,,,,,
5ea1fcc1c2aeecdcc61c53b3,2.01E+11,8,otc alterations permit,2007-01-10T00:00:00.000,860,62,559,Haight,St,add1 smoke and 2 horn/strobe to existing fire alarm system moved some devices to . rev to pa#200605242399.r-1 comply with nov#200006795 & #200671742.,expired,2009-06-24T00:00:00.000,2007-01-10T00:00:00.000,2007-01-10T00:00:00.000,2007-05-10T00:00:00.000Z,1,1,apartments,apartments,2,5,Hayes Valley,94117,"{'latitude': '37.77180527600348', 'longitude': '-122.43131826239697', 'human_address': '{""address"": """", ""city"": """", ""state"": """", ""zip"": """"}'}",1.08E+12,,3,3,4,4,3,constr type 3,3,constr type 3,,,,,,
5ea1fcc1c2aeecdcc61c53b4,2.01E+11,2,new construction wood frame,2007-01-10T00:00:00.000,6621,30,497,Valley,St,to erect a new 3 story single family dwelling unit,complete,2016-06-13T00:00:00.000,2007-01-10T00:00:00.000,2013-07-22T00:00:00.000,2016-07-06T00:00:00.000Z,680000,807609,,1 family dwelling,2,8,Noe Valley,94131,"{'latitude': '37.743991613033565', 'longitude': '-122.43305245930195', 'human_address': '{""address"": """", ""city"": """", ""state"": """", ""zip"": """"}'}",1.08E+12,,,3,,1,,,5,wood frame (5),2016-06-13T00:00:00.000,,Y,,2014-05-09T00:00:00.000,
5ea1fcc1c2aeecdcc61c53b5,2.01E+11,2,new construction wood frame,2007-01-10T00:00:00.000,1334,40,107,24th,Av,"to erect 3 stories, single family resident building.",issued,2010-09-16T00:00:00.000,2007-01-10T00:00:00.000,2010-09-16T00:00:00.000,2013-08-31T00:00:00.000Z,700000,915000,,1 family dwelling,2,2,Seacliff,94121,"{'latitude': '37.78728293276914', 'longitude': '-122.4844254186266', 'human_address': '{""address"": """", ""city"": """", ""state"": """", ""zip"": """"}'}",1.16E+12,,,3,,1,,,5,wood frame (5),,,Y,,2010-09-16T00:00:00.000,
5ea1fcc2c2aeecdcc61c53b6,M53682,8,otc alterations permit,2007-01-11T00:00:00.000,618,4,1890,Clay,St,street space,issued,2007-01-11T00:00:00.000,2007-01-11T00:00:00.000,2007-01-11T00:00:00.000,,,0,,,,2,Pacific Heights,94109,"{'latitude': '37.792189466278046', 'longitude': '-122.42402443478369', 'human_address': '{""address"": """", ""city"": """", ""state"": """", ""zip"": """"}'}",1.08E+11,,,,,,,,,,,,,,,
5ea1fcc2c2aeecdcc61c53b7,M53662,8,otc alterations permit,2007-01-11T00:00:00.000,7018,43,990,Plymouth,Av,street space & sidewalk repair,issued,2007-01-11T00:00:00.000,2007-01-11T00:00:00.000,2007-01-11T00:00:00.000,,,0,,,,11,Oceanview/Merced/Ingleside,94112,"{'latitude': '37.719814236968524', 'longitude': '-122.4559727979612', 'human_address': '{""address"": """", ""city"": """", ""state"": """", ""zip"": """"}'}",1.08E+12,,,,,,,,,,,,,,,
5ea1fcc2c2aeecdcc61c53b8,2.01E+11,8,otc alterations permit,2007-01-11T00:00:00.000,3705,42,865,Market,St,relocate or add 46 fire sprinlers in a remodeled retail space on the 2nd floor only,issued,2007-01-11T00:00:00.000,2007-01-11T00:00:00.000,2007-01-11T00:00:00.000,2007-07-11T00:00:00.000Z,12000,12000,retail sales,retail sales,2,6,South of Market,94103,"{'latitude': '37.78394695457302', 'longitude': '-122.40715830829208', 'human_address': '{""address"": """", ""city"": """", ""state"": """", ""zip"": """"}'}",1.08E+12,,7,7,0,0,1,constr type 1,1,constr type 1,,,,,,
5ea1fcc2c2aeecdcc61c53b9,2.01E+11,8,otc alterations permit,2007-01-11T00:00:00.000,1602,4,727,42nd,Av,to renew 200604048168,issued,2007-01-11T00:00:00.000,2007-01-11T00:00:00.000,2007-01-11T00:00:00.000,2007-07-11T00:00:00.000Z,8000,8000,1 family dwelling,1 family dwelling,0,1,Outer Richmond,94121,"{'latitude': '37.774897888243736', 'longitude': '-122.50295406042888', 'human_address': '{""address"": """", ""city"": """", ""state"": """", ""zip"": """"}'}",1.08E+12,,4,4,1,1,5,wood frame (5),5,wood frame (5),,,,,,
5ea1fcc2c2aeecdcc61c53ba,2.01E+11,8,otc alterations permit,2007-01-11T00:00:00.000,293,5,126,Post,St,"tenant improvement-5th floor, relocate 18 fire sprinklers.",expired,2009-04-07T00:00:00.000,2007-01-11T00:00:00.000,2007-01-11T00:00:00.000,2007-05-11T00:00:00.000Z,4250,4250,office,office,2,3,Financial District/South Beach,94108,"{'latitude': '37.789101650295486', 'longitude': '-122.40429166209135', 'human_address': '{""address"": """", ""city"": """", ""state"": """", ""zip"": """"}'}",1.08E+11,,6,6,0,0,3,constr type 3,3,constr type 3,,,,,,
5ea1fcc2c2aeecdcc61c53bb,2.01E+11,8,otc alterations permit,2007-01-11T00:00:00.000,3717,21,150,Spear,St,oti-3 10th floor sp,complete,2007-08-21T00:00:00.000,2007-01-11T00:00:00.000,2007-01-11T00:00:00.000,2007-07-11T00:00:00.000Z,11000,11000,office,office,2,6,Financial District/South Beach,94105,"{'latitude': '37.79175339067497', 'longitude': '-122.39361386013451', 'human_address': '{""address"": """", ""city"": """", ""state"": """", ""zip"": """"}'}",1.08E+12,,17,17,0,0,1,constr type 1,1,constr type 1,2007-08-21T00:00:00.000,,,,,
5ea1fcc2c2aeecdcc61c53bc,2.01E+11,8,otc alterations permit,2007-01-11T00:00:00.000,4975,16,11,Gilroy,St,"address complaint #20078781-kitchen and bathroom remodel. no structural work. repair and replace kitchen, toilet, hardwood floor. wattage of kitchen lighting to be 50% fluorescent, bathroom lighting to be fluorescent or on motion detector",complete,2007-05-04T00:00:00.000,2007-01-11T00:00:00.000,2007-01-11T00:00:00.000,2007-07-11T00:00:00.000Z,8000,13500,1 family dwelling,1 family dwelling,0,10,Bayview Hunters Point,94124,"{'latitude': '37.71624900337328', 'longitude': '-122.38852755348928', 'human_address': '{""address"": """", ""city"": """", ""state"": """", ""zip"": """"}'}",1.08E+12,,1,1,1,1,5,wood frame (5),5,wood frame (5),2007-05-04T00:00:00.000,,,,,
5ea1fcc2c2aeecdcc61c53bd,2.01E+11,8,otc alterations permit,2007-01-11T00:00:00.000,1767,12,1345,12th,Av,install fire sprinkler heads (6) for garage only,issued,2007-01-11T00:00:00.000,2007-01-11T00:00:00.000,2007-01-11T00:00:00.000,2007-05-11T00:00:00.000Z,3200,3200,apartments,apartments,2,5,Inner Sunset,94122,"{'latitude': '37.76298608691113', 'longitude': '-122.46978868573704', 'human_address': '{""address"": """", ""city"": """", ""state"": """", ""zip"": """"}'}",1.08E+12,,2,2,3,3,5,wood frame (5),5,wood frame (5),,,,,,
5ea1fcc2c2aeecdcc61c53be,2.01E+11,8,otc alterations permit,2007-01-11T00:00:00.000,1076,34,1635,Divisadero,St,relocation of 2 existing lines in work area submitting as buits for 200609071577,issued,2007-01-11T00:00:00.000,2007-01-11T00:00:00.000,2007-01-11T00:00:00.000,2007-05-11T00:00:00.000Z,1,1,office,office,2,5,Japantown,94115,"{'latitude': '37.78473107445393', 'longitude': '-122.44038678313258', 'human_address': '{""address"": """", ""city"": """", ""state"": """", ""zip"": """"}'}",1.08E+11,,4,4,0,0,1,constr type 1,1,constr type 1,,,,,,
5ea1fcc2c2aeecdcc61c53bf,2.01E+11,3,additions alterations or repairs,2007-01-11T00:00:00.000,3730,102,64,Langton,St,"install a fire sprinkler to protect the entire building per nfpa 13r, fire sprinkler work only",complete,2009-03-03T00:00:00.000,2007-01-11T00:00:00.000,2007-03-22T00:00:00.000,2007-09-22T00:00:00.000Z,22250,22250,apartments,apartments,2,6,South of Market,94103,"{'latitude': '37.77665427596063', 'longitude': '-122.40907750423263', 'human_address': '{""address"": """", ""city"": """", ""state"": """", ""zip"": """"}'}",1.08E+12,,3,3,4,4,5,wood frame (5),5,wood frame (5),2009-03-03T00:00:00.000,,,,,
5ea1fcc2c2aeecdcc61c53c0,2.01E+11,3,additions alterations or repairs,2007-01-11T00:00:00.000,3730,102,66,Langton,St,"install a fire sprinkler to protect the entire building per nfpa 13r, fire sprinkler work only",complete,2009-03-03T00:00:00.000,2007-01-11T00:00:00.000,2007-03-22T00:00:00.000,2007-09-22T00:00:00.000Z,22250,22250,apartments,apartments,2,6,South of Market,94103,"{'latitude': '37.77665427596063', 'longitude': '-122.40907750423263', 'human_address': '{""address"": """", ""city"": """", ""state"": """", ""zip"": """"}'}",1.08E+12,,3,3,4,4,5,wood frame (5),5,wood frame (5),2009-03-03T00:00:00.000,,,,,
5ea1fcc2c2aeecdcc61c53c1,2.01E+11,3,additions alterations or repairs,2007-01-11T00:00:00.000,3730,102,68,Langton,St,"install a fire sprinkler to protect the entire building per nfpa 13r, fire sprinkler work only",complete,2009-03-03T00:00:00.000,2007-01-11T00:00:00.000,2007-03-22T00:00:00.000,2007-09-22T00:00:00.000Z,22250,22250,apartments,apartments,2,6,South of Market,94103,"{'latitude': '37.77665427596063', 'longitude': '-122.40907750423263', 'human_address': '{""address"": """", ""city"": """", ""state"": """", ""zip"": """"}'}",1.08E+12,,3,3,4,4,5,wood frame (5),5,wood frame (5),2009-03-03T00:00:00.000,,,,,
5ea1fcc2c2aeecdcc61c53c2,2.01E+11,3,additions alterations or repairs,2007-01-11T00:00:00.000,3730,102,70,Langton,St,"install a fire sprinkler to protect the entire building per nfpa 13r, fire sprinkler work only",complete,2009-03-03T00:00:00.000,2007-01-11T00:00:00.000,2007-03-22T00:00:00.000,2007-09-22T00:00:00.000Z,22250,22250,apartments,apartments,2,6,South of Market,94103,"{'latitude': '37.77665427596063', 'longitude': '-122.40907750423263', 'human_address': '{""address"": """", ""city"": """", ""state"": """", ""zip"": """"}'}",1.08E+12,,3,3,4,4,5,wood frame (5),5,wood frame (5),2009-03-03T00:00:00.000,,,,,
5ea1fcc2c2aeecdcc61c53c3,2.01E+11,8,otc alterations permit,2007-01-11T00:00:00.000,2355,001F,2327,26th,Av,revision to pa# 2006/07/13/6415: change extent of (n) wall seperate (e) garage from (n) addition: relocate (n) door & furnace & water heater. delete swing door from (e) family room to (n) addition (entertainment rm). request extension of completion date for construction work. (lerrter from owner).,complete,2007-08-03T00:00:00.000,2007-01-11T00:00:00.000,2007-01-11T00:00:00.000,2007-05-11T00:00:00.000Z,1,1,1 family dwelling,1 family dwelling,2,4,Sunset/Parkside,94116,"{'latitude': '37.74399789894487', 'longitude': '-122.48361037376898', 'human_address': '{""address"": """", ""city"": """", ""state"": """", ""zip"": """"}'}",1.08E+12,,2,2,1,1,5,wood frame (5),5,wood frame (5),2007-08-03T00:00:00.000,,,,,
5ea1fcc2c2aeecdcc61c53c4,2.01E+11,8,otc alterations permit,2007-01-11T00:00:00.000,633,001D,2001,Pierce,St,"remodel kitchen, bath in kind. no structural changes. plumbing & electrical code upgrades. no lighting change.",complete,2007-06-01T00:00:00.000,2007-01-11T00:00:00.000,2007-01-11T00:00:00.000,2007-07-11T00:00:00.000Z,13500,13500,apartments,apartments,0,2,Pacific Heights,94115,"{'latitude': '37.788751535693045', 'longitude': '-122.43743338152997', 'human_address': '{""address"": """", ""city"": """", ""state"": """", ""zip"": """"}'}",1.08E+12,,5,5,45,45,1,constr type 1,1,constr type 1,2007-06-01T00:00:00.000,,,,,
5ea1fcc2c2aeecdcc61c53c5,2.01E+11,8,otc alterations permit,2007-01-11T00:00:00.000,633,001D,2001,Pierce,St,"replace kitchen cabinet, counter top in kind. no structural changes. hook up sink & faucet. no door window or light work to be done.",issued,2007-01-11T00:00:00.000,2007-01-11T00:00:00.000,2007-01-11T00:00:00.000,2007-07-11T00:00:00.000Z,7300,7300,apartments,apartments,0,2,Pacific Heights,94115,"{'latitude': '37.788751535693045', 'longitude': '-122.43743338152997', 'human_address': '{""address"": """", ""city"": """", ""state"": """", ""zip"": """"}'}",1.08E+12,,5,5,45,45,1,constr type 1,1,constr type 1,,,,,,
5ea1fcc2c2aeecdcc61c53c6,2.01E+11,8,otc alterations permit,2007-01-11T00:00:00.000,668,2,1330,Bush,St,"unit 96:1 kitchen and 1 bath remodel in kind. no structural changes. plumbing and elec code upgrades. no windows, doors, or lighting",complete,2007-04-06T00:00:00.000,2007-01-11T00:00:00.000,2007-01-11T00:00:00.000,2007-07-11T00:00:00.000Z,9000,13500,apartments,apartments,0,3,Nob Hill,94109,"{'latitude': '37.789112947112365', 'longitude': '-122.41909261693445', 'human_address': '{""address"": """", ""city"": """", ""state"": """", ""zip"": """"}'}",1.08E+11,,12,12,117,117,1,constr type 1,1,constr type 1,2007-04-06T00:00:00.000,,,,,
5ea1fcc2c2aeecdcc61c53c7,2.01E+11,8,otc alterations permit,2007-01-11T00:00:00.000,633,001D,2001,Pierce,St,work @ unit# 55 only. replace kitchen cabinets counter tops in kind. hook up sink faucets & toilet. no structural change. no lighting.,complete,2007-06-01T00:00:00.000,2007-01-11T00:00:00.000,2007-01-11T00:00:00.000,2007-07-11T00:00:00.000Z,7300,7300,apartments,apartments,0,2,Pacific Heights,94115,"{'latitude': '37.788751535693045', 'longitude': '-122.43743338152997', 'human_address': '{""address"": """", ""city"": """", ""state"": """", ""zip"": """"}'}",1.08E+11,,5,5,45,45,1,constr type 1,1,constr type 1,2007-06-01T00:00:00.000,,,,,
5ea1fcc2c2aeecdcc61c53c8,2.01E+11,8,otc alterations permit,2007-01-11T00:00:00.000,129,29,755,Green,St,"1 kitchen, 1 bath remodel in kind. no structural changes, sink, faucets, shower valves, cabinet, counter tops & electrical code upgrades. no light changes.",issued,2007-01-11T00:00:00.000,2007-01-11T00:00:00.000,2007-01-11T00:00:00.000,2007-07-11T00:00:00.000Z,13500,13500,apartments,apartments,0,3,Chinatown,94133,"{'latitude': '37.798907237280126', 'longitude': '-122.41152666033851', 'human_address': '{""address"": """", ""city"": """", ""state"": """", ""zip"": """"}'}",1.08E+12,0,3,3,15,15,5,wood frame (5),5,wood frame (5),,,,,,
5ea1fcc2c2aeecdcc61c53c9,2.01E+11,8,otc alterations permit,2007-01-11T00:00:00.000,920,002H,3615,Scott,St,"remove old lath/plaster. new sheetrock. upgrade electrical/plumbing to code. kitchen remodel, existing. no change to partitions or windows",complete,2007-09-21T00:00:00.000,2007-01-11T00:00:00.000,2007-01-11T00:00:00.000,2007-07-11T00:00:00.000Z,10000,10000,2 family dwelling,2 family dwelling,0,2,Marina,94123,"{'latitude': '37.803213151349986', 'longitude': '-122.44207102172292', 'human_address': '{""address"": """", ""city"": """", ""state"": """", ""zip"": """"}'}",1.08E+11,,2,2,2,2,5,wood frame (5),5,wood frame (5),2007-09-21T00:00:00.000,,,,,
5ea1fcc2c2aeecdcc61c53ca,M53702,8,otc alterations permit,2007-01-11T00:00:00.000,494,22,47,Magnolia,St,street space permit.,issued,2007-01-11T00:00:00.000,2007-01-11T00:00:00.000,2007-01-11T00:00:00.000,,,0,,,,2,Marina,94123,"{'latitude': '37.80072515026727', 'longitude': '-122.4322037163521', 'human_address': '{""address"": """", ""city"": """", ""state"": """", ""zip"": """"}'}",1.08E+12,,,,,,,,,,,,,,,
5ea1fcc2c2aeecdcc61c53cb,2.01E+11,8,otc alterations permit,2007-01-11T00:00:00.000,3612,9,2900,21st,St,"renewal of pa# 2005/11/16/8238, pa# 2005/08/22/0859, pa# 2006/08/15/9471 & pa# 2006/08/15/9486 for final inspection only.",complete,2007-03-07T00:00:00.000,2007-01-11T00:00:00.000,2007-01-11T00:00:00.000,2007-05-11T00:00:00.000Z,1,1,apartments,apartments,0,9,Mission,94110,"{'latitude': '37.75764091875177', 'longitude': '-122.41258247302474', 'human_address': '{""address"": """", ""city"": """", ""state"": """", ""zip"": """"}'}",1.08E+12,,2,2,3,3,5,wood frame (5),5,wood frame (5),2007-03-07T00:00:00.000,,,,,
5ea1fcc2c2aeecdcc61c53cc,2.01E+11,8,otc alterations permit,2007-01-11T00:00:00.000,3612,9,2902,21st,St,"renewal of pa# 2005/11/16/8238, pa# 2005/08/22/0859, pa# 2006/08/15/9471 & pa# 2006/08/15/9486 for final inspection only.",complete,2007-03-07T00:00:00.000,2007-01-11T00:00:00.000,2007-01-11T00:00:00.000,2007-05-11T00:00:00.000Z,1,1,apartments,apartments,0,9,Mission,94110,"{'latitude': '37.75764091875177', 'longitude': '-122.41258247302474', 'human_address': '{""address"": """", ""city"": """", ""state"": """", ""zip"": """"}'}",1.08E+12,,2,2,3,3,5,wood frame (5),5,wood frame (5),2007-03-07T00:00:00.000,,,,,
5ea1fcc2c2aeecdcc61c53cd,2.01E+11,8,otc alterations permit,2007-01-11T00:00:00.000,3612,9,2904,21st,St,"renewal of pa# 2005/11/16/8238, pa# 2005/08/22/0859, pa# 2006/08/15/9471 & pa# 2006/08/15/9486 for final inspection only.",complete,2007-03-07T00:00:00.000,2007-01-11T00:00:00.000,2007-01-11T00:00:00.000,2007-05-11T00:00:00.000Z,1,1,apartments,apartments,0,9,Mission,94110,"{'latitude': '37.75764091875177', 'longitude': '-122.41258247302474', 'human_address': '{""address"": """", ""city"": """", ""state"": """", ""zip"": """"}'}",1.08E+12,,2,2,3,3,5,wood frame (5),5,wood frame (5),2007-03-07T00:00:00.000,,,,,
5ea1fcc2c2aeecdcc61c53ce,M53703,8,otc alterations permit,2007-01-11T00:00:00.000,4004,33,215,Arkansas,St,sidewalk repair,issued,2007-01-11T00:00:00.000,2007-01-11T00:00:00.000,2007-01-11T00:00:00.000,,,0,,,,10,Potrero Hill,94107,"{'latitude': '37.763420888970224', 'longitude': '-122.39824086836789', 'human_address': '{""address"": """", ""city"": """", ""state"": """", ""zip"": """"}'}",1.08E+12,,,,,,,,,,,,,,,
5ea1fcc2c2aeecdcc61c53cf,2.01E+11,8,otc alterations permit,2007-01-11T00:00:00.000,289,4,1,Sansome,St,oti-3  30th floor sp,complete,2007-03-23T00:00:00.000,2007-01-11T00:00:00.000,2007-01-11T00:00:00.000,2007-05-11T00:00:00.000Z,4000,4000,office,office,2,3,Financial District/South Beach,94104,"{'latitude': '37.79043181197283', 'longitude': '-122.40135901191479', 'human_address': '{""address"": """", ""city"": """", ""state"": """", ""zip"": """"}'}",1.08E+11,,43,43,0,0,1,constr type 1,1,constr type 1,2007-03-23T00:00:00.000,,,,,
5ea1fcc2c2aeecdcc61c53d0,M53704,8,otc alterations permit,2007-01-11T00:00:00.000,3636,1,2600,Mission,St,sidewalk repair,issued,2007-01-11T00:00:00.000,2007-01-11T00:00:00.000,2007-01-11T00:00:00.000,,,0,,,,9,Mission,94110,"{'latitude': '37.75527237416796', 'longitude': '-122.41909297026417', 'human_address': '{""address"": """", ""city"": """", ""state"": """", ""zip"": """"}'}",1.08E+12,,,,,,,,,,,,,,,
5ea1fcc2c2aeecdcc61c53d1,2.01E+11,8,otc alterations permit,2007-01-11T00:00:00.000,328,3,77,Ofarrell,St,"fire sprinkler system. 239 new speakers, 3rd & 4th floors.",complete,2007-12-07T00:00:00.000,2007-01-11T00:00:00.000,2007-01-11T00:00:00.000,2008-01-11T00:00:00.000Z,60000,60000,retail sales,retail sales,2,3,Financial District/South Beach,94108,"{'latitude': '37.78630347434889', 'longitude': '-122.40608977025623', 'human_address': '{""address"": """", ""city"": """", ""state"": """", ""zip"": """"}'}",1.08E+12,0,6,6,0,0,5,wood frame (5),5,wood frame (5),2007-12-07T00:00:00.000,,,,,
5ea1fcc2c2aeecdcc61c53d2,2.01E+11,8,otc alterations permit,2007-01-11T00:00:00.000,328,4,77,Ofarrell,St,"fire sprinkler system. 239 new speakers, 3rd & 4th floors.",complete,2007-12-07T00:00:00.000,2007-01-11T00:00:00.000,2007-01-11T00:00:00.000,2008-01-11T00:00:00.000Z,60000,60000,retail sales,retail sales,2,3,Financial District/South Beach,94108,"{'latitude': '37.78645873330659', 'longitude': '-122.4060990357068', 'human_address': '{""address"": """", ""city"": """", ""state"": """", ""zip"": """"}'}",1.08E+12,,6,6,0,0,5,wood frame (5),5,wood frame (5),2007-12-07T00:00:00.000,,,,,
5ea1fcc2c2aeecdcc61c53d3,2.01E+11,8,otc alterations permit,2007-01-11T00:00:00.000,2831,8,4120,24th,St,remodel of (e) apartment: addition of new forced air furnace in structure on roof and all required services and ducting; general repairs; full decoration.,complete,2008-12-18T00:00:00.000,2007-01-11T00:00:00.000,2007-01-11T00:00:00.000,2008-01-11T00:00:00.000Z,57000,57000,apartments,apartments,2,8,Noe Valley,94114,"{'latitude': '37.75150142047014', 'longitude': '-122.43474967375936', 'human_address': '{""address"": """", ""city"": """", ""state"": """", ""zip"": """"}'}",1.08E+12,,2,2,5,5,5,wood frame (5),5,wood frame (5),2008-12-18T00:00:00.000,,,,,
5ea1fcc2c2aeecdcc61c53d4,2.01E+11,8,otc alterations permit,2007-01-11T00:00:00.000,2831,8,4122,24th,St,remodel of (e) apartment: addition of new forced air furnace in structure on roof and all required services and ducting; general repairs; full decoration.,complete,2008-12-18T00:00:00.000,2007-01-11T00:00:00.000,2007-01-11T00:00:00.000,2008-01-11T00:00:00.000Z,57000,57000,apartments,apartments,2,8,Noe Valley,94114,"{'latitude': '37.75150142047014', 'longitude': '-122.43474967375936', 'human_address': '{""address"": """", ""city"": """", ""state"": """", ""zip"": """"}'}",1.08E+12,,2,2,5,5,5,wood frame (5),5,wood frame (5),2008-12-18T00:00:00.000,,,,,
5ea1fcc2c2aeecdcc61c53d5,2.01E+11,8,otc alterations permit,2007-01-11T00:00:00.000,2831,8,4124,24th,St,remodel of (e) apartment: addition of new forced air furnace in structure on roof and all required services and ducting; general repairs; full decoration.,complete,2008-12-18T00:00:00.000,2007-01-11T00:00:00.000,2007-01-11T00:00:00.000,2008-01-11T00:00:00.000Z,57000,57000,apartments,apartments,2,8,Noe Valley,94114,"{'latitude': '37.75150142047014', 'longitude': '-122.43474967375936', 'human_address': '{""address"": """", ""city"": """", ""state"": """", ""zip"": """"}'}",1.08E+12,0,2,2,5,5,5,wood frame (5),5,wood frame (5),2008-12-18T00:00:00.000,,,,,
5ea1fcc2c2aeecdcc61c53d6,2.01E+11,8,otc alterations permit,2007-01-11T00:00:00.000,2432,002I,2551,31st,Av,"kchn remodel. install new cnbys, new counter tops, sink, gas range , dichwaser, and sinks and faucets. 50% of lighting wattage to be flourescent",complete,2007-07-10T00:00:00.000,2007-01-11T00:00:00.000,2007-01-11T00:00:00.000,2007-07-11T00:00:00.000Z,15000,15000,1 family dwelling,1 family dwelling,0,4,Sunset/Parkside,94116,"{'latitude': '37.73963539735925', 'longitude': '-122.48867723319893', 'human_address': '{""address"": """", ""city"": """", ""state"": """", ""zip"": """"}'}",1.08E+12,,1,1,1,1,5,wood frame (5),5,wood frame (5),2007-07-10T00:00:00.000,,,,,
5ea1fcc2c2aeecdcc61c53d7,2.01E+11,8,otc alterations permit,2007-01-11T00:00:00.000,289,4,1,Sansome,St,oti-3  38th floor l/s,complete,2007-03-23T00:00:00.000,2007-01-11T00:00:00.000,2007-01-11T00:00:00.000,2007-07-11T00:00:00.000Z,20000,20000,office,office,2,3,Financial District/South Beach,94104,"{'latitude': '37.79043181197283', 'longitude': '-122.40135901191479', 'human_address': '{""address"": """", ""city"": """", ""state"": """", ""zip"": """"}'}",1.08E+11,,43,43,0,0,1,constr type 1,1,constr type 1,2007-03-23T00:00:00.000,,,,,
5ea1fcc2c2aeecdcc61c53d8,2.01E+11,8,otc alterations permit,2007-01-11T00:00:00.000,6614,25,1521,Sanchez,St,"replace 12 windows, size for size. wood to wood composite. visible from street. u-value 0.39.",expired,2007-07-12T00:00:00.000,2007-01-11T00:00:00.000,2007-01-11T00:00:00.000,2007-07-11T00:00:00.000Z,17900,17900,1 family dwelling,1 family dwelling,0,8,Noe Valley,94131,"{'latitude': '37.74478470819793', 'longitude': '-122.42868352299222', 'human_address': '{""address"": """", ""city"": """", ""state"": """", ""zip"": """"}'}",1.08E+12,,2,2,1,1,5,wood frame (5),5,wood frame (5),,,,,,
5ea1fcc2c2aeecdcc61c53d9,2.01E+11,8,otc alterations permit,2007-01-11T00:00:00.000,2192,1,1601,Quintara,St,"kitchen remodel, no structural work. replace cbnts, sink, dishwaser, faucet, hood, wndw to insulated. .67 uf and gas range and counter tops. 50% of lighing wattage to be flourescent",expired,2008-01-03T00:00:00.000,2007-01-11T00:00:00.000,2007-01-11T00:00:00.000,2007-07-11T00:00:00.000Z,15000,15000,1 family dwelling,1 family dwelling,0,4,Sunset/Parkside,94116,"{'latitude': '37.74820635950506', 'longitude': '-122.48278771599598', 'human_address': '{""address"": """", ""city"": """", ""state"": """", ""zip"": """"}'}",1.08E+12,,2,2,1,1,5,wood frame (5),5,wood frame (5),,,,,,
5ea1fcc2c2aeecdcc61c53da,2.01E+11,8,otc alterations permit,2007-01-11T00:00:00.000,1329,6,2800,Lake,St,"replace 22 windows, size for size. wood to wood composite. visible from street. u-value 0.39.",complete,2007-03-02T00:00:00.000,2007-01-11T00:00:00.000,2007-01-11T00:00:00.000,2008-01-11T00:00:00.000Z,37600,37600,1 family dwelling,1 family dwelling,0,2,Seacliff,94121,"{'latitude': '37.785302819695254', 'longitude': '-122.48962753498058', 'human_address': '{""address"": """", ""city"": """", ""state"": """", ""zip"": """"}'}",1.08E+11,,2,2,1,1,5,wood frame (5),5,wood frame (5),2007-03-02T00:00:00.000,,,,,
5ea1fcc2c2aeecdcc61c53db,2.01E+11,8,otc alterations permit,2007-01-11T00:00:00.000,729,44,1835,Ellis,St,"level 1 - tenant improvements. existing fire speaker system. 35 relocates, 9 new, 1 removed.",complete,2007-10-05T00:00:00.000,2007-01-11T00:00:00.000,2007-01-11T00:00:00.000,2007-07-11T00:00:00.000Z,7750,7750,theater,theater,2,5,Western Addition,94115,"{'latitude': '37.78135386569716', 'longitude': '-122.43652937212623', 'human_address': '{""address"": """", ""city"": """", ""state"": """", ""zip"": """"}'}",1.08E+12,,2,2,0,0,2,constr type 2,2,constr type 2,2007-10-05T00:00:00.000,,,,,
5ea1fcc2c2aeecdcc61c53dc,2.01E+11,8,otc alterations permit,2007-01-11T00:00:00.000,3578,28,487,Dolores,St,"replace 2-4x post in existing deck, less than 50% of structural comply with notice of violation #200682672",complete,2007-05-11T00:00:00.000,2007-01-11T00:00:00.000,2007-01-11T00:00:00.000,2007-05-11T00:00:00.000Z,1500,1500,apartments,apartments,0,8,Mission,94110,"{'latitude': '37.76167671334953', 'longitude': '-122.4257154752594', 'human_address': '{""address"": """", ""city"": """", ""state"": """", ""zip"": """"}'}",1.08E+12,,3,3,6,6,5,wood frame (5),5,wood frame (5),2007-05-11T00:00:00.000,,,,,
5ea1fcc2c2aeecdcc61c53dd,2.01E+11,8,otc alterations permit,2007-01-11T00:00:00.000,3578,28,489,Dolores,St,"replace 2-4x post in existing deck, less than 50% of structural comply with notice of violation #200682672",complete,2007-05-11T00:00:00.000,2007-01-11T00:00:00.000,2007-01-11T00:00:00.000,2007-05-11T00:00:00.000Z,1500,1500,apartments,apartments,0,8,Mission,94110,"{'latitude': '37.76167671334953', 'longitude': '-122.4257154752594', 'human_address': '{""address"": """", ""city"": """", ""state"": """", ""zip"": """"}'}",1.08E+12,,3,3,6,6,5,wood frame (5),5,wood frame (5),2007-05-11T00:00:00.000,,,,,
5ea1fcc2c2aeecdcc61c53de,2.01E+11,8,otc alterations permit,2007-01-11T00:00:00.000,2134A,7,2025,14th,Av,"kchn remodel, no structural work or walls removed. replace cbnts, counter tops, sink, faucet, dixh washer and gas range. 50% of lighting wattage to be flourescent",expired,2008-01-22T00:00:00.000,2007-01-11T00:00:00.000,2007-01-11T00:00:00.000,2007-07-11T00:00:00.000Z,15000,15000,1 family dwelling,1 family dwelling,0,7,Inner Sunset,94116,"{'latitude': '37.7502441387774', 'longitude': '-122.47122332945204', 'human_address': '{""address"": """", ""city"": """", ""state"": """", ""zip"": """"}'}",1.08E+12,,1,1,1,1,5,wood frame (5),5,wood frame (5),,,,,,
5ea1fcc2c2aeecdcc61c53df,2.01E+11,8,otc alterations permit,2007-01-11T00:00:00.000,6935,16,542,Faxon,Av,"two bedroom, full bathoom & laundry room to be added at ground floor.",complete,2007-05-17T00:00:00.000,2007-01-11T00:00:00.000,2007-01-11T00:00:00.000,2008-01-11T00:00:00.000Z,32000,32000,1 family dwelling,1 family dwelling,2,7,Oceanview/Merced/Ingleside,94112,"{'latitude': '37.72424684952734', 'longitude': '-122.45993874511964', 'human_address': '{""address"": """", ""city"": """", ""state"": """", ""zip"": """"}'}",1.08E+12,,2,2,1,1,5,wood frame (5),5,wood frame (5),2007-05-17T00:00:00.000,,,,,
5ea1fcc2c2aeecdcc61c53e0,2.01E+11,8,otc alterations permit,2007-01-11T00:00:00.000,259,26,555,California,St,"48th floor - tenant improvements. existing fire sprinkler system. 223 relocates, existing & new calc's.",complete,2007-05-08T00:00:00.000,2007-01-11T00:00:00.000,2007-01-11T00:00:00.000,2008-01-11T00:00:00.000Z,51000,51000,office,office,2,3,Financial District/South Beach,94104,"{'latitude': '37.79226164880319', 'longitude': '-122.40348595414692', 'human_address': '{""address"": """", ""city"": """", ""state"": """", ""zip"": """"}'}",1.08E+12,0,55,55,0,0,1,constr type 1,1,constr type 1,2007-05-08T00:00:00.000,,,,,
5ea1fcc2c2aeecdcc61c53e1,M53722,8,otc alterations permit,2007-01-11T00:00:00.000,926,9,3301,Broderick,St,street space & sidewalk permit only.,issued,2007-01-11T00:00:00.000,2007-01-11T00:00:00.000,2007-01-11T00:00:00.000,,,0,,,,2,Marina,94123,"{'latitude': '37.80082083954642', 'longitude': '-122.4450113916085', 'human_address': '{""address"": """", ""city"": """", ""state"": """", ""zip"": """"}'}",1.08E+11,,,,,,,,,,,,,,,
5ea1fcc2c2aeecdcc61c53e2,2.01E+11,8,otc alterations permit,2007-01-11T00:00:00.000,293,5,126,Post,St,tanner hecht: oti-2  5th floor el,expired,2009-06-29T00:00:00.000,2007-01-11T00:00:00.000,2007-01-11T00:00:00.000,2008-01-11T00:00:00.000Z,31800,31800,office,office,2,3,Financial District/South Beach,94108,"{'latitude': '37.789101650295486', 'longitude': '-122.40429166209135', 'human_address': '{""address"": """", ""city"": """", ""state"": """", ""zip"": """"}'}",1.08E+11,,6,6,0,0,3,constr type 3,3,constr type 3,,,,,,
5ea1fcc2c2aeecdcc61c53e3,2.01E+11,8,otc alterations permit,2007-01-11T00:00:00.000,1622,27,658,23rd,Av,"remodel replace fixtures in bathroom, sink, floors toilets.",issued,2007-01-11T00:00:00.000,2007-01-11T00:00:00.000,2007-01-11T00:00:00.000,2007-07-11T00:00:00.000Z,6000,6000,2 family dwelling,2 family dwelling,0,1,Outer Richmond,94121,"{'latitude': '37.77531028790537', 'longitude': '-122.48191151349963', 'human_address': '{""address"": """", ""city"": """", ""state"": """", ""zip"": """"}'}",1.08E+12,,2,2,2,2,5,wood frame (5),5,wood frame (5),,,,,,
5ea1fcc2c2aeecdcc61c53e4,2.01E+11,8,otc alterations permit,2007-01-11T00:00:00.000,814,20,100,Van Ness,Av,"renew: 9415883, 9415884 951145 for final inspection only",cancelled,2007-01-22T00:00:00.000,2007-01-11T00:00:00.000,2007-01-11T00:00:00.000,2007-05-11T00:00:00.000Z,1,1,office,office,0,6,Tenderloin,94102,"{'latitude': '37.776721112206374', 'longitude': '-122.41917732348324', 'human_address': '{""address"": """", ""city"": """", ""state"": """", ""zip"": """"}'}",1.08E+11,,28,28,0,0,2,constr type 2,2,constr type 2,,,,,,
5ea1fcc2c2aeecdcc61c53e5,M53723,8,otc alterations permit,2007-01-11T00:00:00.000,589,25,2209,Pacific,Av,street space permit,issued,2007-01-11T00:00:00.000,2007-01-11T00:00:00.000,2007-01-11T00:00:00.000,,,0,,,,2,Pacific Heights,94115,"{'latitude': '37.79343426231262', 'longitude': '-122.43191761910658', 'human_address': '{""address"": """", ""city"": """", ""state"": """", ""zip"": """"}'}",1.08E+12,0,,,,,,,,,,,,,,
5ea1fcc2c2aeecdcc61c53e6,2.01E+11,8,otc alterations permit,2007-01-11T00:00:00.000,177,1,935,Kearny,St,"renew appl#200107113379, 200512200723, 200502155514, 200502014480 to continue work.",issued,2007-01-11T00:00:00.000,2007-01-11T00:00:00.000,2007-01-11T00:00:00.000,2008-01-11T00:00:00.000Z,30000,30000,residential hotel,residential hotel,0,3,Chinatown,94133,"{'latitude': '37.79678685362231', 'longitude': '-122.40557965827051', 'human_address': '{""address"": """", ""city"": """", ""state"": """", ""zip"": """"}'}",10796802153,,3,3,149,149,3,constr type 3,3,constr type 3,,,,,,
5ea1fcc2c2aeecdcc61c53e7,2.01E+11,8,otc alterations permit,2007-01-11T00:00:00.000,3708,15,560,Mission,St,"oti-2, jp morgan, 3rd floor, ls",complete,2007-04-13T00:00:00.000,2007-01-11T00:00:00.000,2007-01-11T00:00:00.000,2008-01-11T00:00:00.000Z,26000,26000,office,office,2,,,,,1.08E+12,,31,31,0,0,1,constr type 1,1,constr type 1,2007-04-13T00:00:00.000,,,,,
5ea1fcc2c2aeecdcc61c53e8,2.01E+11,8,otc alterations permit,2007-01-11T00:00:00.000,814,20,100,Van Ness,Av,renew: 9415803 and 9415885 for final inspection,cancelled,2007-01-22T00:00:00.000,2007-01-11T00:00:00.000,2007-01-11T00:00:00.000,2007-05-11T00:00:00.000Z,1,1,office,office,0,6,Tenderloin,94102,"{'latitude': '37.776721112206374', 'longitude': '-122.41917732348324', 'human_address': '{""address"": """", ""city"": """", ""state"": """", ""zip"": """"}'}",1.08E+11,,28,28,0,0,2,constr type 2,2,constr type 2,,,,,,
5ea1fcc2c2aeecdcc61c53e9,2.01E+11,8,otc alterations permit,2007-01-11T00:00:00.000,96,3,2049,Hyde,St,"voluntary seismic strengthening anchor bolt extg concrete foundation per ubc 1806.6 using 3/4x12"" long. redhead exp. ab. placed at 6'-0 max o.c. to extg 4x sill plate for seismic safety",complete,2007-01-19T00:00:00.000,2007-01-11T00:00:00.000,2007-01-11T00:00:00.000,2007-05-11T00:00:00.000Z,4000,4000,apartments,apartments,0,2,Russian Hill,94109,"{'latitude': '37.79984715682498', 'longitude': '-122.41942353629767', 'human_address': '{""address"": """", ""city"": """", ""state"": """", ""zip"": """"}'}",1.08E+11,,3,3,3,3,5,wood frame (5),5,wood frame (5),2007-01-19T00:00:00.000,,,,,
5ea1fcc2c2aeecdcc61c53ea,2.01E+11,8,otc alterations permit,2007-01-11T00:00:00.000,96,3,2053,Hyde,St,"voluntary seismic strengthening anchor bolt extg concrete foundation per ubc 1806.6 using 3/4x12"" long. redhead exp. ab. placed at 6'-0 max o.c. to extg 4x sill plate for seismic safety",complete,2007-01-19T00:00:00.000,2007-01-11T00:00:00.000,2007-01-11T00:00:00.000,2007-05-11T00:00:00.000Z,4000,4000,apartments,apartments,0,2,Russian Hill,94109,"{'latitude': '37.79984715682498', 'longitude': '-122.41942353629767', 'human_address': '{""address"": """", ""city"": """", ""state"": """", ""zip"": """"}'}",1.08E+12,,3,3,3,3,5,wood frame (5),5,wood frame (5),2007-01-19T00:00:00.000,,,,,
5ea1fcc2c2aeecdcc61c53eb,2.01E+11,3,additions alterations or repairs,2007-01-11T00:00:00.000,259,29,315,Montgomery,St,"oti-1, jones lang lasalle, 9th fl, el, me, sp.",complete,2007-06-18T00:00:00.000,2007-01-11T00:00:00.000,2007-02-01T00:00:00.000,2008-02-01T00:00:00.000Z,275000,275000,office,office,2,3,Financial District/South Beach,94104,"{'latitude': '37.79226164880319', 'longitude': '-122.40348595414692', 'human_address': '{""address"": """", ""city"": """", ""state"": """", ""zip"": """"}'}",1.08E+11,,12,12,0,0,1,constr type 1,1,constr type 1,2007-06-18T00:00:00.000,,,,,
5ea1fcc2c2aeecdcc61c53ec,2.01E+11,8,otc alterations permit,2007-01-11T00:00:00.000,1803,35,1322,La Playa,,"1)bathroom: change wall, floor, tiles, add exhaust fan, change lighting fixture. shower, toilet, bathtub, sink, light replacement in kind. 2) kchn: change out kchn floor tiles. 3) change out room dresser door to sliding door. fireplace change and cosmetic change only",complete,2007-06-22T00:00:00.000,2007-01-11T00:00:00.000,2007-01-11T00:00:00.000,2007-07-11T00:00:00.000Z,6000,6000,1 family dwelling,1 family dwelling,0,4,Sunset/Parkside,94122,"{'latitude': '37.7616747889227', 'longitude': '-122.50890866835077', 'human_address': '{""address"": """", ""city"": """", ""state"": """", ""zip"": """"}'}",1.08E+12,,2,2,1,1,5,wood frame (5),5,wood frame (5),2007-06-22T00:00:00.000,,,,,
5ea1fcc2c2aeecdcc61c53ed,2.01E+11,3,additions alterations or repairs,2007-01-11T00:00:00.000,3721,11,500,Howard,St,"oti-2 - prosodie interactive, 4th floor, el, me.",issued,2007-04-19T00:00:00.000,2007-01-11T00:00:00.000,2007-04-19T00:00:00.000,2009-04-19T00:00:00.000Z,499900,499900,office,office,2,6,Financial District/South Beach,94105,"{'latitude': '37.788422712787614', 'longitude': '-122.39656873618254', 'human_address': '{""address"": """", ""city"": """", ""state"": """", ""zip"": """"}'}",1.08E+12,,10,10,0,0,1,constr type 1,1,constr type 1,,,,,,
5ea1fcc2c2aeecdcc61c53ee,2.01E+11,8,otc alterations permit,2007-01-11T00:00:00.000,3707,62,33,New Montgomery,St,"to renew pa# 2005/04/06/9266 (oti-1), pa# 2005/05/24/3218 (oti-2), pa# 2005/06/14/4994 (oti-3) & pa# 2005/05/27/3596 (oti-4) for final inspection only.",complete,2007-06-15T00:00:00.000,2007-01-11T00:00:00.000,2007-01-11T00:00:00.000,2007-05-11T00:00:00.000Z,1,1,office,office,0,6,Financial District/South Beach,94105,"{'latitude': '37.788655395540395', 'longitude': '-122.40133025178771', 'human_address': '{""address"": """", ""city"": """", ""state"": """", ""zip"": """"}'}",1.08E+12,,20,20,0,0,1,constr type 1,1,constr type 1,2007-06-15T00:00:00.000,,,,,
5ea1fcc2c2aeecdcc61c53ef,2.01E+11,3,additions alterations or repairs,2007-01-11T00:00:00.000,259,29,315,Montgomery,St,"business regent centers -oti-1 8th fl el,me,ls,sp",complete,2007-06-18T00:00:00.000,2007-01-11T00:00:00.000,2007-02-01T00:00:00.000,2008-02-01T00:00:00.000Z,275000,275000,office,office,2,3,Financial District/South Beach,94104,"{'latitude': '37.79226164880319', 'longitude': '-122.40348595414692', 'human_address': '{""address"": """", ""city"": """", ""state"": """", ""zip"": """"}'}",1.08E+11,,12,12,0,0,1,constr type 1,1,constr type 1,2007-06-18T00:00:00.000,,,,,
5ea1fcc2c2aeecdcc61c53f0,2.01E+11,8,otc alterations permit,2007-01-11T00:00:00.000,1456,1,405,24th,Av,repair the rear exterior winder. type stair. remove the dry rot and damage member. replace with new pressured treated or redwood lumber. comply to n.o.v. #200684036 less than 50% of total stairs,complete,2007-03-09T00:00:00.000,2007-01-11T00:00:00.000,2007-01-11T00:00:00.000,2007-05-11T00:00:00.000Z,5000,5000,apartments,apartments,0,1,Outer Richmond,94121,"{'latitude': '37.78181433223167', 'longitude': '-122.48396441403142', 'human_address': '{""address"": """", ""city"": """", ""state"": """", ""zip"": """"}'}",1.08E+12,,3,3,8,8,5,wood frame (5),5,wood frame (5),2007-03-09T00:00:00.000,,,,,
5ea1fcc2c2aeecdcc61c53f1,2.01E+11,8,otc alterations permit,2007-01-11T00:00:00.000,1465,001D,3215,Clement,St,"cap (e) foundation to bring above (e) grade. expoy #4 rebar at 16 inch into (e) foundation for 12 ft type 2 horizontal. #4 rebar to vertical rebar and poor 12""x12"". install new mud sill with j bolts at 4' oc fix stairs.",complete,2007-03-16T00:00:00.000,2007-01-11T00:00:00.000,2007-01-11T00:00:00.000,2007-05-11T00:00:00.000Z,2500,2500,apartments,apartments,2,1,Outer Richmond,94121,"{'latitude': '37.781361626876794', 'longitude': '-122.49378053986081', 'human_address': '{""address"": """", ""city"": """", ""state"": """", ""zip"": """"}'}",1.08E+12,0,3,3,12,12,5,wood frame (5),5,wood frame (5),2007-03-16T00:00:00.000,,,,,
5ea1fcc2c2aeecdcc61c53f2,M53742,8,otc alterations permit,2007-01-11T00:00:00.000,2307,19,3138,Santiago,St,street space permit,issued,2007-01-11T00:00:00.000,2007-01-11T00:00:00.000,2007-01-11T00:00:00.000,,,0,,,,4,Sunset/Parkside,94116,"{'latitude': '37.7440477317833', 'longitude': '-122.50118950238712', 'human_address': '{""address"": """", ""city"": """", ""state"": """", ""zip"": """"}'}",1.08E+12,,,,,,,,,,,,,,,
5ea1fcc2c2aeecdcc61c53f3,2.01E+11,8,otc alterations permit,2007-01-11T00:00:00.000,1729,023L,1274,22nd,Av,legalized the storage rooms and toilet room at g/f to complying with complaint 34161 and abate comply the abatement order 1822-a.,issued,2007-01-11T00:00:00.000,2007-01-11T00:00:00.000,2007-01-11T00:00:00.000,2007-07-11T00:00:00.000Z,12000,12000,1 family dwelling,1 family dwelling,2,4,Sunset/Parkside,94122,"{'latitude': '37.76392449914793', 'longitude': '-122.48004308990029', 'human_address': '{""address"": """", ""city"": """", ""state"": """", ""zip"": """"}'}",1.08E+12,,2,2,1,1,5,wood frame (5),5,wood frame (5),,,,,,
5ea1fcc2c2aeecdcc61c53f4,M53743,8,otc alterations permit,2007-01-11T00:00:00.000,1554,3,521,11th,Av,street space,issued,2007-01-11T00:00:00.000,2007-01-11T00:00:00.000,2007-01-11T00:00:00.000,,,0,,,,1,Inner Richmond,94118,"{'latitude': '37.77842302989954', 'longitude': '-122.46979368037285', 'human_address': '{""address"": """", ""city"": """", ""state"": """", ""zip"": """"}'}",1.08E+12,0,,,,,,,,,,,,,,
5ea1fcc2c2aeecdcc61c53f5,2.01E+11,8,otc alterations permit,2007-01-11T00:00:00.000,1174,11,21,Atalaya,Tr,"delmolish existing bath and replace with new tile, fixtures etc. non structural",complete,2007-07-24T00:00:00.000,2007-01-11T00:00:00.000,2007-01-11T00:00:00.000,2007-07-11T00:00:00.000Z,20000,20000,1 family dwelling,1 family dwelling,2,1,Lone Mountain/USF,94117,"{'latitude': '37.776213119420824', 'longitude': '-122.44776856202841', 'human_address': '{""address"": """", ""city"": """", ""state"": """", ""zip"": """"}'}",1.08E+11,,3,3,1,1,5,wood frame (5),5,wood frame (5),2007-07-24T00:00:00.000,,,,,
5ea1fcc2c2aeecdcc61c53f6,2.01E+11,8,otc alterations permit,2007-01-11T00:00:00.000,517,018C,3044,Webster,St,repair dry rot at rear stairs and decks. less than 50% of structure.,expired,2007-06-29T00:00:00.000,2007-01-11T00:00:00.000,2007-01-11T00:00:00.000,2007-05-11T00:00:00.000Z,3000,3000,2 family dwelling,2 family dwelling,0,2,Marina,94123,"{'latitude': '37.798980909481614', 'longitude': '-122.43393491788493', 'human_address': '{""address"": """", ""city"": """", ""state"": """", ""zip"": """"}'}",1.08E+11,,3,3,2,2,5,wood frame (5),5,wood frame (5),,,,,,
5ea1fcc2c2aeecdcc61c53f7,2.01E+11,8,otc alterations permit,2007-01-11T00:00:00.000,642,3,1625,Van Ness,Av,"relocate 109 existing sprinklers to new location, change existing 22 drops to upright due to demolish of ceiling per light haz. spacking.",complete,2007-05-08T00:00:00.000,2007-01-11T00:00:00.000,2007-01-11T00:00:00.000,2007-07-11T00:00:00.000Z,22000,22000,office,office,2,2,Pacific Heights,94109,"{'latitude': '37.79085330340229', 'longitude': '-122.42295883977695', 'human_address': '{""address"": """", ""city"": """", ""state"": """", ""zip"": """"}'}",1.08E+11,,4,4,0,0,3,constr type 3,3,constr type 3,2007-05-08T00:00:00.000,,,,,
5ea1fcc2c2aeecdcc61c53f8,2.01E+11,3,additions alterations or repairs,2007-01-11T00:00:00.000,230,28,1,Embarcadero Center,,"oti-2, bain & co, 35th floor, el, me.",complete,2008-01-09T00:00:00.000,2007-01-11T00:00:00.000,2007-02-01T00:00:00.000,2008-02-01T00:00:00.000Z,80000,80000,office,office,2,3,Financial District/South Beach,94111,"{'latitude': '37.79464865862657', 'longitude': '-122.39964659799554', 'human_address': '{""address"": """", ""city"": """", ""state"": """", ""zip"": """"}'}",1.08E+11,,40,40,0,0,1,constr type 1,1,constr type 1,2008-01-09T00:00:00.000,,,,,
5ea1fcc2c2aeecdcc61c53f9,2.01E+11,3,additions alterations or repairs,2007-01-11T00:00:00.000,233,44,4,Embarcadero Center,,pantera: life safety work 11 devices. work on floor 36th only.,cancelled,2008-01-07T00:00:00.000,2007-01-11T00:00:00.000,,,5500,5500,office,office,2,3,Financial District/South Beach,94111,"{'latitude': '37.79506002552974', 'longitude': '-122.39593224461805', 'human_address': '{""address"": """", ""city"": """", ""state"": """", ""zip"": """"}'}",1.08E+11,,44,44,0,0,1,constr type 1,1,constr type 1,,,,,,
5ea1fcc2c2aeecdcc61c53fa,2.01E+11,8,otc alterations permit,2007-01-11T00:00:00.000,4337,001A,1418,Florida,St,"termite and dry rotted work around windows. 1st floor remodel, add a storage. all (e) windows to be replaced w/dual pane wooden windows (typ). recessed a minimum of 3"" w/1/4 wd trim (typ).",expired,2008-04-16T00:00:00.000,2007-01-11T00:00:00.000,2007-01-11T00:00:00.000,2007-07-11T00:00:00.000Z,12000,12000,1 family dwelling,1 family dwelling,2,9,Mission,94110,"{'latitude': '37.74915938859649', 'longitude': '-122.41000254556074', 'human_address': '{""address"": """", ""city"": """", ""state"": """", ""zip"": """"}'}",1.08E+12,,2,2,1,1,5,wood frame (5),5,wood frame (5),,,,,,
5ea1fcc2c2aeecdcc61c53fb,M53762,8,otc alterations permit,2007-01-11T00:00:00.000,5526,7,1646,Alabama,St,street space,issued,2007-01-11T00:00:00.000,2007-01-11T00:00:00.000,2007-01-11T00:00:00.000,,,0,,,,9,Bernal Heights,94110,"{'latitude': '37.74613409138239', 'longitude': '-122.41087784717728', 'human_address': '{""address"": """", ""city"": """", ""state"": """", ""zip"": """"}'}",1.08E+12,,,,,,,,,,,,,,,
5ea1fcc2c2aeecdcc61c53fc,2.01E+11,8,otc alterations permit,2007-01-11T00:00:00.000,1157,13,752,Baker,St,rvision to application #200610064416:replace rear 1/2 permiter  foundation and add 2 piers to center for new beam 100 linear fi. approx.,complete,2008-03-19T00:00:00.000,2007-01-11T00:00:00.000,2007-01-11T00:00:00.000,2007-07-11T00:00:00.000Z,20000,20000,apartments,apartments,2,5,Western Addition,94115,"{'latitude': '37.778118431497774', 'longitude': '-122.44148401775165', 'human_address': '{""address"": """", ""city"": """", ""state"": """", ""zip"": """"}'}",1.08E+12,,3,3,3,3,5,wood frame (5),5,wood frame (5),2008-03-19T00:00:00.000,,,,,
5ea1fcc2c2aeecdcc61c53fd,2.01E+11,8,otc alterations permit,2007-01-11T00:00:00.000,1157,13,756,Baker,St,rvision to application #200610064416:replace rear 1/2 permiter  foundation and add 2 piers to center for new beam 100 linear fi. approx.,complete,2008-03-19T00:00:00.000,2007-01-11T00:00:00.000,2007-01-11T00:00:00.000,2007-07-11T00:00:00.000Z,20000,20000,apartments,apartments,2,5,Western Addition,94115,"{'latitude': '37.778118431497774', 'longitude': '-122.44148401775165', 'human_address': '{""address"": """", ""city"": """", ""state"": """", ""zip"": """"}'}",1.08E+12,,3,3,3,3,5,wood frame (5),5,wood frame (5),2008-03-19T00:00:00.000,,,,,
5ea1fcc2c2aeecdcc61c53fe,2.01E+11,8,otc alterations permit,2007-01-11T00:00:00.000,1050,17,1824,Divisadero,St,reroofing,expired,2011-04-20T00:00:00.000,2007-01-11T00:00:00.000,2007-01-11T00:00:00.000,2007-07-11T00:00:00.000Z,5500,5500,2 family dwelling,2 family dwelling,0,2,Pacific Heights,94115,"{'latitude': '37.786628503966504', 'longitude': '-122.4398583698828', 'human_address': '{""address"": """", ""city"": """", ""state"": """", ""zip"": """"}'}",1.08E+11,,,,,,,,,,,,,,,
5ea1fcc2c2aeecdcc61c53ff,2.01E+11,8,otc alterations permit,2007-01-11T00:00:00.000,1050,17,1830,Divisadero,St,reroofing,expired,2011-04-20T00:00:00.000,2007-01-11T00:00:00.000,2007-01-11T00:00:00.000,2007-07-11T00:00:00.000Z,5500,5500,2 family dwelling,2 family dwelling,0,2,Pacific Heights,94115,"{'latitude': '37.786628503966504', 'longitude': '-122.4398583698828', 'human_address': '{""address"": """", ""city"": """", ""state"": """", ""zip"": """"}'}",1.08E+12,,,,,,,,,,,,,,,
5ea1fcc2c2aeecdcc61c5400,2.01E+11,8,otc alterations permit,2007-01-11T00:00:00.000,8709,7,1700,Owens,St,"oti-1 5/f alexandria real estate el, me, sp, ls",complete,2007-10-10T00:00:00.000,2007-01-11T00:00:00.000,2007-01-11T00:00:00.000,2007-07-11T00:00:00.000Z,25000,25000,office,office,2,6,Mission Bay,94158,"{'latitude': '37.767059407789866', 'longitude': '-122.39366420349594', 'human_address': '{""address"": """", ""city"": """", ""state"": """", ""zip"": """"}'}",1.08E+12,,5,5,0,0,1,constr type 1,1,constr type 1,2007-10-10T00:00:00.000,,,,,
5ea1fcc2c2aeecdcc61c5401,M53763,8,otc alterations permit,2007-01-11T00:00:00.000,210,43,815,Washington,St,street space permit,issued,2007-01-11T00:00:00.000,2007-01-11T00:00:00.000,2007-01-11T00:00:00.000,,,0,,,,3,Chinatown,94108,"{'latitude': '37.79495266259033', 'longitude': '-122.40676097985464', 'human_address': '{""address"": """", ""city"": """", ""state"": """", ""zip"": """"}'}",1.08E+11,,,,,,,,,,,,,,,
5ea1fcc2c2aeecdcc61c5402,M53763,8,otc alterations permit,2007-01-11T00:00:00.000,210,43,817,Washington,St,street space permit,issued,2007-01-11T00:00:00.000,2007-01-11T00:00:00.000,2007-01-11T00:00:00.000,,,0,,,,3,Chinatown,94108,"{'latitude': '37.79495266259033', 'longitude': '-122.40676097985464', 'human_address': '{""address"": """", ""city"": """", ""state"": """", ""zip"": """"}'}",1.08E+12,,,,,,,,,,,,,,,
5ea1fcc3c2aeecdcc61c5403,2.01E+11,8,otc alterations permit,2007-01-11T00:00:00.000,8709,7,1700,Owens,St,"oti-2 alexandria real estate 5th floor, el, me",complete,2007-10-10T00:00:00.000,2007-01-11T00:00:00.000,2007-01-11T00:00:00.000,2007-07-11T00:00:00.000Z,25000,25000,office,office,2,6,Mission Bay,94158,"{'latitude': '37.767059407789866', 'longitude': '-122.39366420349594', 'human_address': '{""address"": """", ""city"": """", ""state"": """", ""zip"": """"}'}",1.08E+12,,5,5,0,0,1,constr type 1,1,constr type 1,2007-10-10T00:00:00.000,,,,,
5ea1fcc3c2aeecdcc61c5404,2.01E+11,8,otc alterations permit,2007-01-11T00:00:00.000,7010,30,434,Bright,St,"install 4 replacement windows. 2 visible from street, u-value 0.38 - 0.52.",expired,2010-01-13T00:00:00.000,2007-01-11T00:00:00.000,2007-01-11T00:00:00.000,2007-05-11T00:00:00.000Z,3000,3000,1 family dwelling,1 family dwelling,0,11,Oceanview/Merced/Ingleside,94132,"{'latitude': '37.71858275196858', 'longitude': '-122.46327292351062', 'human_address': '{""address"": """", ""city"": """", ""state"": """", ""zip"": """"}'}",1.08E+12,,2,2,1,1,5,wood frame (5),5,wood frame (5),,,,,,
5ea1fcc3c2aeecdcc61c5405,2.01E+11,8,otc alterations permit,2007-01-11T00:00:00.000,5353,5,160,Maddux,Av,install 8 replacement windows. 2 visible from street. vinyl windows. u-value 0.38 - 0.52.,expired,2007-11-09T00:00:00.000,2007-01-11T00:00:00.000,2007-01-11T00:00:00.000,2007-07-11T00:00:00.000Z,5300,5300,1 family dwelling,1 family dwelling,0,10,Bayview Hunters Point,94124,"{'latitude': '37.73298052378386', 'longitude': '-122.39963756992803', 'human_address': '{""address"": """", ""city"": """", ""state"": """", ""zip"": """"}'}",1.08E+12,,2,2,1,1,5,wood frame (5),5,wood frame (5),,,,,,
5ea1fcc3c2aeecdcc61c5406,2.01E+11,8,otc alterations permit,2007-01-11T00:00:00.000,6902,9,390,Moncada,Wy,install 10 wood replacement windows & 1 wood replacement door.,expired,2010-03-30T00:00:00.000,2007-01-11T00:00:00.000,2007-01-11T00:00:00.000,2008-01-11T00:00:00.000Z,34876,34876,1 family dwelling,1 family dwelling,0,7,West of Twin Peaks,94127,"{'latitude': '37.7300125514345', 'longitude': '-122.4713622255982', 'human_address': '{""address"": """", ""city"": """", ""state"": """", ""zip"": """"}'}",1.08E+12,,2,2,1,1,5,wood frame (5),5,wood frame (5),,,,,,
5ea1fcc3c2aeecdcc61c5407,M53782,8,otc alterations permit,2007-01-11T00:00:00.000,2847,84,140,Portola,Dr,street space and sidewalk repair,issued,2007-01-11T00:00:00.000,2007-01-11T00:00:00.000,2007-01-11T00:00:00.000,,,0,,,,8,Twin Peaks,94131,"{'latitude': '37.748842285043075', 'longitude': '-122.44432158009799', 'human_address': '{""address"": """", ""city"": """", ""state"": """", ""zip"": """"}'}",1.08E+12,0,,,,,,,,,,,,,,
5ea1fcc3c2aeecdcc61c5408,2.01E+11,8,otc alterations permit,2007-01-11T00:00:00.000,819,22,536,Linden,St,renew app #200106201942 for final inspection,expired,2008-10-17T00:00:00.000,2007-01-11T00:00:00.000,2007-01-11T00:00:00.000,2007-05-11T00:00:00.000Z,1,1,2 family dwelling,2 family dwelling,0,5,Hayes Valley,94102,"{'latitude': '37.77612642787762', 'longitude': '-122.42684907467029', 'human_address': '{""address"": """", ""city"": """", ""state"": """", ""zip"": """"}'}",1.08E+12,,2,2,2,2,5,wood frame (5),5,wood frame (5),,,,,,
5ea1fcc3c2aeecdcc61c5409,2.01E+11,8,otc alterations permit,2007-01-11T00:00:00.000,819,22,538,Linden,St,renew app #200106201942 for final inspection,expired,2008-10-17T00:00:00.000,2007-01-11T00:00:00.000,2007-01-11T00:00:00.000,2007-05-11T00:00:00.000Z,1,1,2 family dwelling,2 family dwelling,0,5,Hayes Valley,94102,"{'latitude': '37.77612642787762', 'longitude': '-122.42684907467029', 'human_address': '{""address"": """", ""city"": """", ""state"": """", ""zip"": """"}'}",1.08E+12,,2,2,2,2,5,wood frame (5),5,wood frame (5),,,,,,
5ea1fcc3c2aeecdcc61c540a,2.01E+11,8,otc alterations permit,2007-01-11T00:00:00.000,819,22,633,Hayes,St,renew app #200106201942 for final inspection,expired,2008-10-17T00:00:00.000,2007-01-11T00:00:00.000,2007-01-11T00:00:00.000,2007-05-11T00:00:00.000Z,1,1,2 family dwelling,2 family dwelling,0,5,Hayes Valley,94102,"{'latitude': '37.77612642787762', 'longitude': '-122.42684907467029', 'human_address': '{""address"": """", ""city"": """", ""state"": """", ""zip"": """"}'}",1.08E+12,,2,2,2,2,5,wood frame (5),5,wood frame (5),,,,,,
5ea1fcc3c2aeecdcc61c540b,2.01E+11,8,otc alterations permit,2007-01-11T00:00:00.000,4084,5,820,Alabama,St,"to comply with nov# 200673092. handrail to be put on at exterior stairs at front. 1.25"" - 2"" rail & 1.5"" away from way 28"" - 34"" from f.f. repair stairs & landing steps.",complete,2007-05-31T00:00:00.000,2007-01-11T00:00:00.000,2007-01-11T00:00:00.000,2007-05-11T00:00:00.000Z,1500,1500,apartments,apartments,0,9,Mission,94110,"{'latitude': '37.7584444669862', 'longitude': '-122.4117923619643', 'human_address': '{""address"": """", ""city"": """", ""state"": """", ""zip"": """"}'}",1.08E+12,,2,2,3,3,5,wood frame (5),5,wood frame (5),2007-05-31T00:00:00.000,,,,,
5ea1fcc3c2aeecdcc61c540c,2.01E+11,8,otc alterations permit,2007-01-11T00:00:00.000,6448,26,1166,Munich,St,"to comply with nov# 200677807 by removing illegal kitchen, bath, & 4 bedrooms per plan.",issued,2007-01-11T00:00:00.000,2007-01-11T00:00:00.000,2007-01-11T00:00:00.000,2007-05-11T00:00:00.000Z,2000,2000,1 family dwelling,1 family dwelling,2,11,Excelsior,94112,"{'latitude': '37.71102878648957', 'longitude': '-122.43729978563087', 'human_address': '{""address"": """", ""city"": """", ""state"": """", ""zip"": """"}'}",1.08E+12,,2,2,1,1,5,wood frame (5),5,wood frame (5),,,,,,
5ea1fcc3c2aeecdcc61c540d,2.01E+11,8,otc alterations permit,2007-01-11T00:00:00.000,1875,29,1546,30th,Av,"revise approved app #200612139780, relocate room door, reduce the hallway, relocate full bath for extg sewer stack",complete,2007-06-27T00:00:00.000,2007-01-11T00:00:00.000,2007-01-11T00:00:00.000,2007-05-11T00:00:00.000Z,1,1,1 family dwelling,1 family dwelling,2,4,Sunset/Parkside,94122,"{'latitude': '37.75843429462371', 'longitude': '-122.48825730623359', 'human_address': '{""address"": """", ""city"": """", ""state"": """", ""zip"": """"}'}",1.08E+12,,2,2,1,1,5,wood frame (5),5,wood frame (5),2007-06-27T00:00:00.000,,,,,
5ea1fcc3c2aeecdcc61c540e,2.01E+11,8,otc alterations permit,2007-01-11T00:00:00.000,1599,035A,722,46th,Av,"revision to appl#200701081154 correct plans to label ""basement entrance"" instead of ""main entrance"".",complete,2007-02-15T00:00:00.000,2007-01-11T00:00:00.000,2007-01-11T00:00:00.000,2007-05-11T00:00:00.000Z,1,1,1 family dwelling,1 family dwelling,2,1,Outer Richmond,94121,"{'latitude': '37.77479966502466', 'longitude': '-122.5065935591276', 'human_address': '{""address"": """", ""city"": """", ""state"": """", ""zip"": """"}'}",1.08E+12,,2,2,1,1,5,wood frame (5),5,wood frame (5),2007-02-15T00:00:00.000,,,,,
5ea1fcc3c2aeecdcc61c540f,2.01E+11,3,additions alterations or repairs,2007-01-11T00:00:00.000,3705,49,845,Market,St,"revision to approved  pa#'s 200603318070 and  200604048186 as built changes to ""ruehl"" spaces#251 (2nd floor) no structural changes.",issued,2007-02-13T00:00:00.000,2007-01-11T00:00:00.000,2007-02-13T00:00:00.000,2007-08-13T00:00:00.000Z,13600,13600,retail sales,retail sales,2,6,South of Market,94103,"{'latitude': '37.78410015716841', 'longitude': '-122.40609807725492', 'human_address': '{""address"": """", ""city"": """", ""state"": """", ""zip"": """"}'}",1.08E+12,,9,9,0,0,1,constr type 1,1,constr type 1,,,,,,
5ea1fcc3c2aeecdcc61c5410,2.01E+11,3,additions alterations or repairs,2007-01-11T00:00:00.000,2623,47,9,Douglass,St,vertical addition to rear portion of house for new master bedroom suite and interior renovation. site permit only. not for constructions.,withdrawn,2009-10-26T00:00:00.000,2007-01-11T00:00:00.000,2007-11-08T00:00:00.000,2008-11-08T00:00:00.000Z,160000,225000,1 family dwelling,1 family dwelling,2,8,Castro/Upper Market,94114,"{'latitude': '37.76334943469128', 'longitude': '-122.43931431105877', 'human_address': '{""address"": """", ""city"": """", ""state"": """", ""zip"": """"}'}",1.08E+12,,2,3,1,1,5,wood frame (5),5,wood frame (5),,Y,Y,,,
5ea1fcc3c2aeecdcc61c5411,2.01E+11,8,otc alterations permit,2007-01-11T00:00:00.000,4101,39,1431,20th,St,"repair dryrot on the side of property approx 20-30 square feet. in garage. re,pve dryrotted portion at base of single post towards front of garage. raise concrete footing above slab level. install post base. all work not visible from the street",complete,2007-01-31T00:00:00.000,2007-01-11T00:00:00.000,2007-01-11T00:00:00.000,2007-05-11T00:00:00.000Z,1300,1300,1 family dwelling,1 family dwelling,0,10,Potrero Hill,94107,"{'latitude': '37.7598198001088', 'longitude': '-122.39590895289385', 'human_address': '{""address"": """", ""city"": """", ""state"": """", ""zip"": """"}'}",1.08E+12,,2,2,1,1,5,wood frame (5),5,wood frame (5),2007-01-31T00:00:00.000,,,,,
5ea1fcc3c2aeecdcc61c5412,2.01E+11,8,otc alterations permit,2007-01-11T00:00:00.000,807,001B,539,Octavia,St,connection of fire alarm monitoring panel for sprinkler monitoring.,complete,2007-01-25T00:00:00.000,2007-01-11T00:00:00.000,2007-01-11T00:00:00.000,2007-05-11T00:00:00.000Z,800,800,apartments,apartments,2,5,Hayes Valley,94102,"{'latitude': '37.77725730736001', 'longitude': '-122.42495728120139', 'human_address': '{""address"": """", ""city"": """", ""state"": """", ""zip"": """"}'}",1.08E+12,,3,3,30,30,5,wood frame (5),5,wood frame (5),2007-01-25T00:00:00.000,,,,,
5ea1fcc3c2aeecdcc61c5413,2.01E+11,3,additions alterations or repairs,2007-01-11T00:00:00.000,2608,21,118,Buena Vista,Tr,"3/fl addition to 2 story house.add rearyard decks&exit stair,new 3/fl contain bedroom,bathrm,study&front, rear decks. interior alterations @ 2/fl to incl renovation (e)bathrms(2),& expansion of (e)bedrm at (e)roof deck. partialrenovation of 1/fl. elec,mech,plumb appl under separate permit.",complete,2009-08-18T00:00:00.000,2007-01-11T00:00:00.000,2007-08-20T00:00:00.000,2009-08-20T00:00:00.000Z,450000,450000,1 family dwelling,1 family dwelling,2,8,Castro/Upper Market,94117,"{'latitude': '37.766953645829304', 'longitude': '-122.43853499055228', 'human_address': '{""address"": """", ""city"": """", ""state"": """", ""zip"": """"}'}",1.08E+12,,2,3,1,1,5,wood frame (5),5,wood frame (5),2009-08-18T00:00:00.000,Y,Y,,,
5ea1fcc3c2aeecdcc61c5414,2.01E+11,3,additions alterations or repairs,2007-01-11T00:00:00.000,1361,20,3923,California,St,omply with 3r-4481,filed,2007-01-11T00:00:00.000,2007-01-11T00:00:00.000,,,7000,,2 family dwelling,2 family dwelling,0,1,Inner Richmond,94118,"{'latitude': '37.78537172683489', 'longitude': '-122.46005593994607', 'human_address': '{""address"": """", ""city"": """", ""state"": """", ""zip"": """"}'}",1.08E+11,,3,3,2,2,5,wood frame (5),5,wood frame (5),,,,,,
5ea1fcc3c2aeecdcc61c5415,M53802,8,otc alterations permit,2007-01-11T00:00:00.000,5891,35,178,Ney,St,street space & sidewalk permit,issued,2007-01-11T00:00:00.000,2007-01-11T00:00:00.000,2007-01-11T00:00:00.000,,,0,,,,11,Excelsior,94112,"{'latitude': '37.72989385331528', 'longitude': '-122.42654122960529', 'human_address': '{""address"": """", ""city"": """", ""state"": """", ""zip"": """"}'}",1.08E+12,,,,,,,,,,,,,,,
5ea1fcc3c2aeecdcc61c5416,M53822,8,otc alterations permit,2007-01-11T00:00:00.000,1429,23,332,Clement,St,street space & sidewalk permit only.,issued,2007-01-11T00:00:00.000,2007-01-11T00:00:00.000,2007-01-11T00:00:00.000,,,0,,,,1,Inner Richmond,94118,"{'latitude': '37.78326434492771', 'longitude': '-122.46292137345685', 'human_address': '{""address"": """", ""city"": """", ""state"": """", ""zip"": """"}'}",1.08E+11,,,,,,,,,,,,,,,
5ea1fcc3c2aeecdcc61c5417,M53823,8,otc alterations permit,2007-01-11T00:00:00.000,3561,68,245,Castro,St,street space permit and sidewalk repair,issued,2007-01-11T00:00:00.000,2007-01-11T00:00:00.000,2007-01-11T00:00:00.000,,,0,,,,8,Castro/Upper Market,94114,"{'latitude': '37.765066039663736', 'longitude': '-122.43509192216244', 'human_address': '{""address"": """", ""city"": """", ""state"": """", ""zip"": """"}'}",1.08E+12,,,,,,,,,,,,,,,
5ea1fcc3c2aeecdcc61c5418,2.01E+11,8,otc alterations permit,2007-01-11T00:00:00.000,859,27,459,Haight,St,repair dryrot sidding at rear of building with like kind.,issued,2007-01-11T00:00:00.000,2007-01-11T00:00:00.000,2007-01-11T00:00:00.000,2007-05-11T00:00:00.000Z,3000,3000,apartments,apartments,0,5,Hayes Valley,94117,"{'latitude': '37.7718814652616', 'longitude': '-122.42965979225858', 'human_address': '{""address"": """", ""city"": """", ""state"": """", ""zip"": """"}'}",1.08E+12,,3,3,3,3,5,wood frame (5),5,wood frame (5),,,,,,
5ea1fcc3c2aeecdcc61c5419,2.01E+11,8,otc alterations permit,2007-01-11T00:00:00.000,4080,11,720,York,St,"unit #210-tear out (e) 1 kitchen, 1 bath and update design. extend mezzanini approx 3' to push stairs out to accomodate new kitchen.",complete,2007-11-08T00:00:00.000,2007-01-11T00:00:00.000,2007-01-11T00:00:00.000,2008-01-11T00:00:00.000Z,38000,38000,apartments,apartments,2,10,Mission,94110,"{'latitude': '37.759709668121424', 'longitude': '-122.40968183296171', 'human_address': '{""address"": """", ""city"": """", ""state"": """", ""zip"": """"}'}",1.08E+12,,2,2,20,20,3,constr type 3,3,constr type 3,2007-11-08T00:00:00.000,,,,,
5ea1fcc3c2aeecdcc61c541a,M53824,8,otc alterations permit,2007-01-11T00:00:00.000,959,11,2770,Broadway,,street space permit,issued,2007-01-11T00:00:00.000,2007-01-11T00:00:00.000,2007-01-11T00:00:00.000,,,0,,,,2,Pacific Heights,94123,"{'latitude': '37.79360887022625', 'longitude': '-122.44257279287072', 'human_address': '{""address"": """", ""city"": """", ""state"": """", ""zip"": """"}'}",1.08E+11,,,,,,,,,,,,,,,
5ea1fcc3c2aeecdcc61c541b,2.01E+11,8,otc alterations permit,2007-01-11T00:00:00.000,2117,14,1990,18th,Av,"replace 11 windows, size for size, back of house.",complete,2007-01-25T00:00:00.000,2007-01-11T00:00:00.000,2007-01-11T00:00:00.000,2007-07-11T00:00:00.000Z,6533,6533,1 family dwelling,1 family dwelling,0,7,Inner Sunset,94116,"{'latitude': '37.750805131753744', 'longitude': '-122.47484751575905', 'human_address': '{""address"": """", ""city"": """", ""state"": """", ""zip"": """"}'}",1.08E+12,,2,2,1,1,5,wood frame (5),5,wood frame (5),2007-01-25T00:00:00.000,,,,,
5ea1fcc3c2aeecdcc61c541c,2.01E+11,8,otc alterations permit,2007-01-11T00:00:00.000,241,25,650,California,St,"renewal of pa# 2005/09/29/4271, pa# 2005/10/31/6940 & pa# 2005/10/31/6935 for final inspection.",complete,2007-03-19T00:00:00.000,2007-01-11T00:00:00.000,2007-01-11T00:00:00.000,2007-05-11T00:00:00.000Z,1,1,office,office,0,3,Chinatown,94108,"{'latitude': '37.793029020021095', 'longitude': '-122.40520964058072', 'human_address': '{""address"": """", ""city"": """", ""state"": """", ""zip"": """"}'}",1.08E+12,0,34,34,0,0,1,constr type 1,1,constr type 1,2007-03-19T00:00:00.000,,,,,
5ea1fcc3c2aeecdcc61c541d,2.01E+11,8,otc alterations permit,2007-01-11T00:00:00.000,241,25,650,California,St,"renewal of pa# 2005/12/20/0691, pa# 2005/12/20/0689 & pa# 2005/11/22/8794 for final inspection.",complete,2007-03-20T00:00:00.000,2007-01-11T00:00:00.000,2007-01-11T00:00:00.000,2007-05-11T00:00:00.000Z,1,1,office,office,0,3,Chinatown,94108,"{'latitude': '37.793029020021095', 'longitude': '-122.40520964058072', 'human_address': '{""address"": """", ""city"": """", ""state"": """", ""zip"": """"}'}",1.08E+12,0,34,34,0,0,1,constr type 1,1,constr type 1,2007-03-20T00:00:00.000,,,,,
5ea1fcc3c2aeecdcc61c541e,2.01E+11,8,otc alterations permit,2007-01-11T00:00:00.000,149,21,1644,Taylor,St,renew appl#200607247402 for final.,complete,2007-06-01T00:00:00.000,2007-01-11T00:00:00.000,2007-01-11T00:00:00.000,2007-05-11T00:00:00.000Z,1,1,apartments,apartments,0,3,Nob Hill,94133,"{'latitude': '37.7975906577099', 'longitude': '-122.41342306391715', 'human_address': '{""address"": """", ""city"": """", ""state"": """", ""zip"": """"}'}",1.08E+12,0,4,4,17,17,5,wood frame (5),5,wood frame (5),2007-06-01T00:00:00.000,,,,,
5ea1fcc3c2aeecdcc61c541f,2.01E+11,3,additions alterations or repairs,2007-01-11T00:00:00.000,7243,8,258,Denslowe,Dr,horizontal addition to create maser bedroom with bathroom,complete,2009-08-27T00:00:00.000,2007-01-11T00:00:00.000,2007-08-06T00:00:00.000,2008-08-06T00:00:00.000Z,37000,37000,1 family dwelling,1 family dwelling,2,7,West of Twin Peaks,94132,"{'latitude': '37.72027927298699', 'longitude': '-122.47477723724327', 'human_address': '{""address"": """", ""city"": """", ""state"": """", ""zip"": """"}'}",1.08E+12,,2,2,1,1,5,wood frame (5),5,wood frame (5),2009-08-27T00:00:00.000,Y,Y,,2007-08-06T00:00:00.000,
5ea1fcc3c2aeecdcc61c5420,2.01E+11,8,otc alterations permit,2007-01-11T00:00:00.000,288,32,333,Bush,St,renewal for pa# 2006/02/27/5462.,expired,2008-06-17T00:00:00.000,2007-01-11T00:00:00.000,2007-01-11T00:00:00.000,2007-05-11T00:00:00.000Z,1,1,office,office,0,3,Financial District/South Beach,94108,"{'latitude': '37.79057472898199', 'longitude': '-122.4031096060195', 'human_address': '{""address"": """", ""city"": """", ""state"": """", ""zip"": """"}'}",1.08E+11,,34,34,0,0,1,constr type 1,1,constr type 1,,,,,,
5ea1fcc3c2aeecdcc61c5421,2.01E+11,3,additions alterations or repairs,2007-01-11T00:00:00.000,3706,74,50,03rd,St,"1st fl - renovations to lobby; lounge, restaurant, bar & port cochere. 3rd fl-renovation to meeting rooms, corridors and pre-function areas. exterior-modify marquere canopy, install decorative glass on facade over (e) facade. replace (e) marble w/cement fiber panels, glass/alum storefront.",expired,2013-10-23T00:00:00.000,2007-01-11T00:00:00.000,2007-03-21T00:00:00.000,2009-09-21T00:00:00.000Z,1500000,1800000,tourist hotel/motel,tourist hotel/motel,2,6,Financial District/South Beach,94103,"{'latitude': '37.78652508124445', 'longitude': '-122.40309239617214', 'human_address': '{""address"": """", ""city"": """", ""state"": """", ""zip"": """"}'}",1.08E+12,,36,36,669,676,1,constr type 1,1,constr type 1,,,,,,
5ea1fcc3c2aeecdcc61c5422,2.01E+11,8,otc alterations permit,2007-01-11T00:00:00.000,288,32,333,Bush,St,"renewal of pa# 2006/05/04/0737, pa# 2006/05/19/2001 & pa# 2006/01/18/2363 for final inspection.",complete,2007-03-21T00:00:00.000,2007-01-11T00:00:00.000,2007-01-11T00:00:00.000,2007-05-11T00:00:00.000Z,1,1,office,office,0,3,Financial District/South Beach,94108,"{'latitude': '37.79057472898199', 'longitude': '-122.4031096060195', 'human_address': '{""address"": """", ""city"": """", ""state"": """", ""zip"": """"}'}",1.08E+11,,34,34,0,0,1,constr type 1,1,constr type 1,2007-03-21T00:00:00.000,,,,,
5ea1fcc3c2aeecdcc61c5423,2.01E+11,8,otc alterations permit,2007-01-11T00:00:00.000,2771,58,650,Alvarado,St,replace termite damaged wood in kind at noted locations. replace certain beams and exterior load-bearing stud walls as shown on plans. finishes to  match existing.,expired,2008-11-05T00:00:00.000,2007-01-11T00:00:00.000,2007-01-11T00:00:00.000,2007-07-11T00:00:00.000Z,7500,7500,1 family dwelling,1 family dwelling,2,8,Noe Valley,94114,"{'latitude': '37.75400106963332', 'longitude': '-122.43553393745766', 'human_address': '{""address"": """", ""city"": """", ""state"": """", ""zip"": """"}'}",1.08E+12,,3,3,27,27,5,wood frame (5),5,wood frame (5),,,,,,
5ea1fcc3c2aeecdcc61c5424,2.01E+11,8,otc alterations permit,2007-01-11T00:00:00.000,1141,22,672,Arguello,Bl,add 1 bath on 2nd floor delete partition wall in garage. maintain 3' clear extg way change ceiling height and maintain 40' maximum height per planing code. reconfigure bathrooms on 2nd floor per plan. ref #200502145404,complete,2010-06-07T00:00:00.000,2007-01-11T00:00:00.000,2007-01-11T00:00:00.000,2007-05-11T00:00:00.000Z,3800,3800,1 family dwelling,1 family dwelling,2,1,Lone Mountain/USF,94118,"{'latitude': '37.777671944607', 'longitude': '-122.45826870134962', 'human_address': '{""address"": """", ""city"": """", ""state"": """", ""zip"": """"}'}",1.08E+11,,4,4,1,1,5,wood frame (5),5,wood frame (5),2010-06-07T00:00:00.000,,,,,
5ea1fcc3c2aeecdcc61c5425,M53842,8,otc alterations permit,2007-01-11T00:00:00.000,689,16,1409,Sutter,St,street space permit only.,issued,2007-01-11T00:00:00.000,2007-01-11T00:00:00.000,2007-01-11T00:00:00.000,,,0,,,,2,Western Addition,94109,"{'latitude': '37.78699713231729', 'longitude': '-122.42382315123456', 'human_address': '{""address"": """", ""city"": """", ""state"": """", ""zip"": """"}'}",1.08E+11,,,,,,,,,,,,,,,
5ea1fcc3c2aeecdcc61c5426,2.01E+11,8,otc alterations permit,2007-01-11T00:00:00.000,1403,6,335,30th,Av,comply with complaint #200684997 new windows and bathroom repair - upper level.,complete,2007-03-05T00:00:00.000,2007-01-11T00:00:00.000,2007-01-11T00:00:00.000,2007-05-11T00:00:00.000Z,3000,3000,1 family dwelling,1 family dwelling,0,1,Outer Richmond,94121,"{'latitude': '37.78293703730282', 'longitude': '-122.49064325504841', 'human_address': '{""address"": """", ""city"": """", ""state"": """", ""zip"": """"}'}",1.08E+11,,2,2,1,1,5,wood frame (5),5,wood frame (5),2007-03-05T00:00:00.000,,,,,
5ea1fcc3c2aeecdcc61c5427,2.01E+11,8,otc alterations permit,2007-01-11T00:00:00.000,163,5,909,Montgomery,St,provide 2 new heat pumps. relocate 2 heat pumps. replace 6 existing heat pumps. miscellaneous ducting for th enew heat pump configuration. 8 new hp total. mechanical work only. ref to appl #200612220485 city approved permit. 1 new fire demper (fsd).,complete,2008-03-21T00:00:00.000,2007-01-11T00:00:00.000,2007-01-11T00:00:00.000,2008-01-11T00:00:00.000Z,30000,30000,office,office,2,3,North Beach,94133,"{'latitude': '37.797509439407904', 'longitude': '-122.40406962115884', 'human_address': '{""address"": """", ""city"": """", ""state"": """", ""zip"": """"}'}",1.08E+12,0,6,6,0,0,2,constr type 2,2,constr type 2,2008-03-21T00:00:00.000,,,,,
5ea1fcc3c2aeecdcc61c5428,2.01E+11,3,additions alterations or repairs,2007-01-11T00:00:00.000,2799,13,950,Corbett,Av,plan check comments for full spklr system. revision to plan checking #200612139741,cancelled,2007-06-27T00:00:00.000,2007-01-11T00:00:00.000,,,1,,apartments,apartments,2,8,Twin Peaks,94131,"{'latitude': '37.751845280725696', 'longitude': '-122.44372472154133', 'human_address': '{""address"": """", ""city"": """", ""state"": """", ""zip"": """"}'}",1.08E+12,,4,4,3,3,5,wood frame (5),5,wood frame (5),,,,,,
5ea1fcc3c2aeecdcc61c5429,2.01E+11,8,otc alterations permit,2007-01-11T00:00:00.000,977,001B,2815,Pacific,Av,remove & replace stucco & replace flashing at the rear of the building to repair water leak.,expired,2008-06-26T00:00:00.000,2007-01-11T00:00:00.000,2007-01-11T00:00:00.000,2008-01-11T00:00:00.000Z,42000,42000,1 family dwelling,1 family dwelling,0,2,Pacific Heights,94115,"{'latitude': '37.79225448327885', 'longitude': '-122.44163997677352', 'human_address': '{""address"": """", ""city"": """", ""state"": """", ""zip"": """"}'}",1.08E+11,,2,2,1,1,5,wood frame (5),5,wood frame (5),,,,,,
5ea1fcc3c2aeecdcc61c542a,2.01E+11,8,otc alterations permit,2007-01-11T00:00:00.000,3730,7,262,07th,St,"new countertop, sink and refrigerator in staff break areas on mezzanine & ground level.",complete,2008-09-29T00:00:00.000,2007-01-11T00:00:00.000,2007-01-11T00:00:00.000,2007-07-11T00:00:00.000Z,10000,10000,workshop commercial,workshop commercial,2,6,South of Market,94103,"{'latitude': '37.77698554482191', 'longitude': '-122.40873675759948', 'human_address': '{""address"": """", ""city"": """", ""state"": """", ""zip"": """"}'}",1.08E+12,,1,1,0,0,3,constr type 3,3,constr type 3,2008-09-29T00:00:00.000,,,,,
5ea1fcc3c2aeecdcc61c542b,2.01E+11,8,otc alterations permit,2007-01-11T00:00:00.000,4070,25,536,Wisconsin,St,remodel 2 bathrooms. install new plumbing valves in (e) locations. new shower pan. tile pan & walls & floor. shower drain in (e) location. no change.,complete,2007-03-06T00:00:00.000,2007-01-11T00:00:00.000,2007-01-11T00:00:00.000,2007-07-11T00:00:00.000Z,6000,6000,apartments,apartments,0,10,Potrero Hill,94107,"{'latitude': '37.76045905948295', 'longitude': '-122.39972399644871', 'human_address': '{""address"": """", ""city"": """", ""state"": """", ""zip"": """"}'}",1.08E+12,,4,4,80,80,5,wood frame (5),5,wood frame (5),2007-03-06T00:00:00.000,,,,,
5ea1fcc3c2aeecdcc61c542c,2.01E+11,8,otc alterations permit,2007-01-11T00:00:00.000,2840,1,62,Castenada,Av,"remodel 2 bathrooms, change tile. replace sink, toilet and faucet.",complete,2007-04-11T00:00:00.000,2007-01-11T00:00:00.000,2007-01-11T00:00:00.000,2007-07-11T00:00:00.000Z,9000,9000,1 family dwelling,1 family dwelling,0,7,West of Twin Peaks,94116,"{'latitude': '37.75001835706547', 'longitude': '-122.46223606071992', 'human_address': '{""address"": """", ""city"": """", ""state"": """", ""zip"": """"}'}",1.08E+12,,2,2,1,1,5,wood frame (5),5,wood frame (5),2007-04-11T00:00:00.000,,,,,
5ea1fcc3c2aeecdcc61c542d,2.01E+11,8,otc alterations permit,2007-01-11T00:00:00.000,7146,9,24,Regent,St,remodel (e) porch at front of house consisting of infilling (e) opening at side wall of porch. put paint w/stucco coat to exterior of porch. comply w/nov# 200684771.,complete,2007-02-07T00:00:00.000,2007-01-11T00:00:00.000,2007-01-11T00:00:00.000,2007-05-11T00:00:00.000Z,1000,1000,1 family dwelling,1 family dwelling,0,11,Outer Mission,94112,"{'latitude': '37.709558406259575', 'longitude': '-122.45597043246995', 'human_address': '{""address"": """", ""city"": """", ""state"": """", ""zip"": """"}'}",1.08E+12,,3,3,1,1,5,wood frame (5),5,wood frame (5),2007-02-07T00:00:00.000,,,,,
5ea1fcc3c2aeecdcc61c542e,2.01E+11,4,sign - erect,2007-01-11T00:00:00.000,3760,119,65,Oak Grove,St,"sign permit - wall, single faced.",issued,2007-01-11T00:00:00.000,2007-01-11T00:00:00.000,2007-01-11T00:00:00.000,2008-01-11T00:00:00.000Z,,25506.78,office,,2,6,South of Market,94107,"{'latitude': '37.77755020000258', 'longitude': '-122.40164355791248', 'human_address': '{""address"": """", ""city"": """", ""state"": """", ""zip"": """"}'}",1.08E+12,,2,,0,,5,wood frame (5),,,,,,,,
5ea1fcc3c2aeecdcc61c542f,2.01E+11,8,otc alterations permit,2007-01-11T00:00:00.000,6618,10,210,29th,St,"replace 13 windows, size for size, visable from street. aluminum to vinyl.",complete,2007-02-02T00:00:00.000,2007-01-11T00:00:00.000,2007-01-11T00:00:00.000,2007-07-11T00:00:00.000Z,10000,10000,2 family dwelling,2 family dwelling,0,8,Noe Valley,94131,"{'latitude': '37.74403911297648', 'longitude': '-122.42509418553365', 'human_address': '{""address"": """", ""city"": """", ""state"": """", ""zip"": """"}'}",1.08E+12,,2,2,2,2,5,wood frame (5),5,wood frame (5),2007-02-02T00:00:00.000,,,,,
5ea1fcc3c2aeecdcc61c5430,2.01E+11,8,otc alterations permit,2007-01-11T00:00:00.000,2771,58,650,Alvarado,St,replacement of termite damaged wood in kind at noted locations. replace certain beams and load-bearing stud walls. finishes to match (e). refer to plans.,expired,2008-11-05T00:00:00.000,2007-01-11T00:00:00.000,2007-01-11T00:00:00.000,2007-07-11T00:00:00.000Z,7500,7500,apartments,apartments,2,8,Noe Valley,94114,"{'latitude': '37.75400106963332', 'longitude': '-122.43553393745766', 'human_address': '{""address"": """", ""city"": """", ""state"": """", ""zip"": """"}'}",1.08E+12,,3,3,27,27,5,wood frame (5),5,wood frame (5),,,,,,
5ea1fcc3c2aeecdcc61c5431,2.01E+11,8,otc alterations permit,2007-01-11T00:00:00.000,6618,10,212,29th,St,"replace 13 windows, size for size, visable from street. aluminum to vinyl.",complete,2007-02-02T00:00:00.000,2007-01-11T00:00:00.000,2007-01-11T00:00:00.000,2007-07-11T00:00:00.000Z,10000,10000,2 family dwelling,2 family dwelling,0,8,Noe Valley,94131,"{'latitude': '37.74403911297648', 'longitude': '-122.42509418553365', 'human_address': '{""address"": """", ""city"": """", ""state"": """", ""zip"": """"}'}",1.08E+12,,2,2,2,2,5,wood frame (5),5,wood frame (5),2007-02-02T00:00:00.000,,,,,
5ea1fcc3c2aeecdcc61c5432,M53862,8,otc alterations permit,2007-01-11T00:00:00.000,519,19,3004,Laguna,St,sidewalk permit,issued,2007-01-11T00:00:00.000,2007-01-11T00:00:00.000,2007-01-11T00:00:00.000,,,0,,,,2,Marina,94123,"{'latitude': '37.79891260067376', 'longitude': '-122.43057142499232', 'human_address': '{""address"": """", ""city"": """", ""state"": """", ""zip"": """"}'}",1.08E+11,,,,,,,,,,,,,,,
5ea1fcc3c2aeecdcc61c5433,2.01E+11,8,otc alterations permit,2007-01-11T00:00:00.000,6514,18,257,San Jose,Av,reroofing,complete,2007-01-24T00:00:00.000,2007-01-11T00:00:00.000,2007-01-11T00:00:00.000,2007-07-11T00:00:00.000Z,11000,11000,apartments,apartments,0,8,Mission,94110,"{'latitude': '37.75120322081861', 'longitude': '-122.42123723209518', 'human_address': '{""address"": """", ""city"": """", ""state"": """", ""zip"": """"}'}",1.08E+12,,2,2,8,8,5,wood frame (5),5,wood frame (5),2007-01-24T00:00:00.000,,,,,
5ea1fcc3c2aeecdcc61c5434,2.01E+11,8,otc alterations permit,2007-01-11T00:00:00.000,6513,34,1201,Guerrero,St,replace approx 60% of rear stairway in kind due to dry rot. used as 2nd means of egress for residential units. stair serves residential only.,complete,2007-06-14T00:00:00.000,2007-01-11T00:00:00.000,2007-01-11T00:00:00.000,2007-07-11T00:00:00.000Z,6500,6500,apartments,apartments,2,8,Mission,94110,"{'latitude': '37.7518361952855', 'longitude': '-122.42261967728669', 'human_address': '{""address"": """", ""city"": """", ""state"": """", ""zip"": """"}'}",1.08E+12,,3,3,3,3,5,wood frame (5),5,wood frame (5),2007-06-14T00:00:00.000,Y,,,,
5ea1fcc3c2aeecdcc61c5435,2.01E+11,8,otc alterations permit,2007-01-11T00:00:00.000,6421,2,287,South Hill,Bl,reroofing,complete,2007-01-22T00:00:00.000,2007-01-11T00:00:00.000,2007-01-11T00:00:00.000,2007-07-11T00:00:00.000Z,5250,5250,1 family dwelling,1 family dwelling,0,11,Excelsior,94112,"{'latitude': '37.70920756336609', 'longitude': '-122.4298448889036', 'human_address': '{""address"": """", ""city"": """", ""state"": """", ""zip"": """"}'}",1.08E+12,,,,,,,,,,2007-01-22T00:00:00.000,,,,,
5ea1fcc3c2aeecdcc61c5436,M53882,8,otc alterations permit,2007-01-11T00:00:00.000,120,24,933,Union,St,street space permit,issued,2007-01-11T00:00:00.000,2007-01-11T00:00:00.000,2007-01-11T00:00:00.000,,,0,,,,3,Russian Hill,94133,"{'latitude': '37.799574476142936', 'longitude': '-122.41470776144207', 'human_address': '{""address"": """", ""city"": """", ""state"": """", ""zip"": """"}'}",1.08E+12,0,,,,,,,,,,,,,,
5ea1fcc3c2aeecdcc61c5437,M53882,8,otc alterations permit,2007-01-11T00:00:00.000,120,24,935,Union,St,street space permit,issued,2007-01-11T00:00:00.000,2007-01-11T00:00:00.000,2007-01-11T00:00:00.000,,,0,,,,3,Russian Hill,94133,"{'latitude': '37.799574476142936', 'longitude': '-122.41470776144207', 'human_address': '{""address"": """", ""city"": """", ""state"": """", ""zip"": """"}'}",1.08E+12,,,,,,,,,,,,,,,
5ea1fcc3c2aeecdcc61c5438,2.01E+11,3,additions alterations or repairs,2007-01-11T00:00:00.000,180,45,977,Pacific,Av,"star fire installed without permit. we are taking job over. work remaining is riser tie-ins, test & inspections. owner is installing new system under voluntary conditions.",complete,2007-10-12T00:00:00.000,2007-01-11T00:00:00.000,2007-03-15T00:00:00.000,2007-09-15T00:00:00.000Z,5000,17000,apartments,apartments,2,3,Chinatown,94133,"{'latitude': '37.79619229981552', 'longitude': '-122.41126490532365', 'human_address': '{""address"": """", ""city"": """", ""state"": """", ""zip"": """"}'}",1.08E+12,0,3,3,6,6,5,wood frame (5),5,wood frame (5),2007-10-12T00:00:00.000,,,,,
5ea1fcc3c2aeecdcc61c5439,2.01E+11,8,otc alterations permit,2007-01-11T00:00:00.000,813,6,1390,Market,St,"remodel kitchen tops. no window or door work. cabinets, kit, sink, dishwasher, bathroom, tile sorround. vanity sink. on units# 1424, # 1815.",complete,2007-03-14T00:00:00.000,2007-01-11T00:00:00.000,2007-01-11T00:00:00.000,2007-07-11T00:00:00.000Z,24000,24000,apartments,apartments,0,6,Tenderloin,94102,"{'latitude': '37.777142649690035', 'longitude': '-122.41722112719671', 'human_address': '{""address"": """", ""city"": """", ""state"": """", ""zip"": """"}'}",1.08E+11,,29,29,448,448,1,constr type 1,1,constr type 1,2007-03-14T00:00:00.000,,,,,
5ea1fcc3c2aeecdcc61c543a,M53883,8,otc alterations permit,2007-01-11T00:00:00.000,0460A,7,1624,Bay,St,street space permit,issued,2007-01-11T00:00:00.000,2007-01-11T00:00:00.000,2007-01-11T00:00:00.000,,,0,,,,2,Marina,94123,"{'latitude': '37.803315023636905', 'longitude': '-122.4338947907168', 'human_address': '{""address"": """", ""city"": """", ""state"": """", ""zip"": """"}'}",1.08E+12,0,,,,,,,,,,,,,,
5ea1fcc3c2aeecdcc61c543b,2.01E+11,3,additions alterations or repairs,2007-01-11T00:00:00.000,5730,8,246,Putnam,St,"temporary shoring-common property lines, ref. 2004/07/08/8338s1, other permit for new shoring by hawk lee.",issued,2007-02-09T00:00:00.000,2007-01-11T00:00:00.000,2007-02-09T00:00:00.000,2007-08-09T00:00:00.000Z,10000,15000,1 family dwelling,1 family dwelling,2,9,Bernal Heights,94110,"{'latitude': '37.7363482046823', 'longitude': '-122.41124014077778', 'human_address': '{""address"": """", ""city"": """", ""state"": """", ""zip"": """"}'}",1.08E+12,,3,3,1,1,5,wood frame (5),5,wood frame (5),,,,,,
5ea1fcc3c2aeecdcc61c543c,2.01E+11,8,otc alterations permit,2007-01-11T00:00:00.000,813,6,1390,Market,St,"remodel kitchen tops. no window or door work. cabinets, kit, sink, dishwasher, bathroom, tile sorround. vanity sink. on units# 1520, # 1619, # 1622, # 2027 & # 2125.",complete,2007-02-07T00:00:00.000,2007-01-11T00:00:00.000,2007-01-11T00:00:00.000,2008-01-11T00:00:00.000Z,60000,60000,apartments,apartments,0,6,Tenderloin,94102,"{'latitude': '37.777142649690035', 'longitude': '-122.41722112719671', 'human_address': '{""address"": """", ""city"": """", ""state"": """", ""zip"": """"}'}",1.08E+11,,29,29,448,448,1,constr type 1,1,constr type 1,2007-02-07T00:00:00.000,,,,,
5ea1fcc3c2aeecdcc61c543d,2.01E+11,8,otc alterations permit,2007-01-11T00:00:00.000,5518,004A,45,Powers,Av,"in-fill e sub sidewalk coal chut einfill e sub-sidewalk coal chute, including appro 3' concrete footing and stemwall, mudsill, replace approx 20sf sidewalk",expired,2007-05-16T00:00:00.000,2007-01-11T00:00:00.000,2007-01-11T00:00:00.000,2007-05-11T00:00:00.000Z,2000,2000,2 family dwelling,2 family dwelling,2,9,Bernal Heights,94110,"{'latitude': '37.74593308725132', 'longitude': '-122.41844514362744', 'human_address': '{""address"": """", ""city"": """", ""state"": """", ""zip"": """"}'}",1.08E+12,,3,3,2,2,5,wood frame (5),5,wood frame (5),,,,,,
5ea1fcc3c2aeecdcc61c543e,2.01E+11,3,additions alterations or repairs,2007-01-11T00:00:00.000,4912,1,2814,Jennings,St,"make corr req'd on nov compt #200449960 &legalize(e)2/fl residences.(e)residences will be remodeled&(e)comm'l units on main fl(1/fl)will be brought up to code&new ada/handicap bathrooms will be constructed.new electrical,1/fl comm'l wk under separate permit.occupancy class change from r-3 to r-1.",cancelled,2012-02-15T00:00:00.000,2007-01-11T00:00:00.000,,,40000,210000,1 family dwelling,apartments,2,10,Bayview Hunters Point,94124,"{'latitude': '37.722568832010346', 'longitude': '-122.39298549952167', 'human_address': '{""address"": """", ""city"": """", ""state"": """", ""zip"": """"}'}",1.08E+12,,2,2,1,3,5,wood frame (5),5,wood frame (5),,,,,,
5ea1fcc3c2aeecdcc61c543f,2.01E+11,3,additions alterations or repairs,2007-01-11T00:00:00.000,4912,1,2824,Jennings,St,"make corr req'd on nov compt #200449960 &legalize(e)2/fl residences.(e)residences will be remodeled&(e)comm'l units on main fl(1/fl)will be brought up to code&new ada/handicap bathrooms will be constructed.new electrical,1/fl comm'l wk under separate permit.occupancy class change from r-3 to r-1.",cancelled,2012-02-15T00:00:00.000,2007-01-11T00:00:00.000,,,40000,210000,1 family dwelling,apartments,2,10,Bayview Hunters Point,94124,"{'latitude': '37.722568832010346', 'longitude': '-122.39298549952167', 'human_address': '{""address"": """", ""city"": """", ""state"": """", ""zip"": """"}'}",1.08E+12,,2,2,1,3,5,wood frame (5),5,wood frame (5),,,,,,
5ea1fcc3c2aeecdcc61c5440,M53884,8,otc alterations permit,2007-01-11T00:00:00.000,2626,7,40,Ord,St,street space permit,issued,2007-01-11T00:00:00.000,2007-01-11T00:00:00.000,2007-01-11T00:00:00.000,,,0,,,,8,Castro/Upper Market,94114,"{'latitude': '37.76298756423048', 'longitude': '-122.44058462659083', 'human_address': '{""address"": """", ""city"": """", ""state"": """", ""zip"": """"}'}",1.08E+12,,,,,,,,,,,,,,,
5ea1fcc3c2aeecdcc61c5441,M53884,8,otc alterations permit,2007-01-11T00:00:00.000,2626,7,42,Ord,St,street space permit,issued,2007-01-11T00:00:00.000,2007-01-11T00:00:00.000,2007-01-11T00:00:00.000,,,0,,,,8,Castro/Upper Market,94114,"{'latitude': '37.76298756423048', 'longitude': '-122.44058462659083', 'human_address': '{""address"": """", ""city"": """", ""state"": """", ""zip"": """"}'}",1.08E+12,,,,,,,,,,,,,,,
5ea1fcc3c2aeecdcc61c5442,2.01E+11,8,otc alterations permit,2007-01-11T00:00:00.000,505,001A,2941,Gough,St,renew:200408101073 for final inspection,complete,2007-01-29T00:00:00.000,2007-01-11T00:00:00.000,2007-01-11T00:00:00.000,2007-05-11T00:00:00.000Z,1,1,apartments,apartments,0,2,Marina,94123,"{'latitude': '37.800493734116294', 'longitude': '-122.42810703989977', 'human_address': '{""address"": """", ""city"": """", ""state"": """", ""zip"": """"}'}",1.08E+12,,3,3,8,8,5,wood frame (5),5,wood frame (5),2007-01-29T00:00:00.000,,,,,
5ea1fcc3c2aeecdcc61c5443,2.01E+11,8,otc alterations permit,2007-01-11T00:00:00.000,5661,21,803,Cortland,Av,"remove the stucco and change the rotten wood behind the stucco, then replace the stucco in front of the bldg.",complete,2007-03-13T00:00:00.000,2007-01-11T00:00:00.000,2007-01-11T00:00:00.000,2007-05-11T00:00:00.000Z,400,400,1 family dwelling,1 family dwelling,0,9,Bernal Heights,94110,"{'latitude': '37.73908037561144', 'longitude': '-122.41446129262727', 'human_address': '{""address"": """", ""city"": """", ""state"": """", ""zip"": """"}'}",1.08E+12,,2,2,1,1,5,wood frame (5),5,wood frame (5),2007-03-13T00:00:00.000,,,,,
5ea1fcc3c2aeecdcc61c5444,2.01E+11,8,otc alterations permit,2007-01-11T00:00:00.000,5661,21,805,Cortland,Av,"remove the stucco and change the rotten wood behind the stucco, then replace the stucco in front of the bldg.",complete,2007-03-13T00:00:00.000,2007-01-11T00:00:00.000,2007-01-11T00:00:00.000,2007-05-11T00:00:00.000Z,400,400,1 family dwelling,1 family dwelling,0,9,Bernal Heights,94110,"{'latitude': '37.73908037561144', 'longitude': '-122.41446129262727', 'human_address': '{""address"": """", ""city"": """", ""state"": """", ""zip"": """"}'}",1.08E+12,,2,2,1,1,5,wood frame (5),5,wood frame (5),2007-03-13T00:00:00.000,,,,,
5ea1fcc3c2aeecdcc61c5445,2.01E+11,3,additions alterations or repairs,2007-01-11T00:00:00.000,5730,8,246,Putnam,St,"temporary shoring at rear yard, ref. #2004/07/08/8338s1, see other permit for side shoring by sure engineering.",expired,2009-08-10T00:00:00.000,2007-01-11T00:00:00.000,2007-08-28T00:00:00.000,2008-02-28T00:00:00.000Z,10000,15000,1 family dwelling,1 family dwelling,2,9,Bernal Heights,94110,"{'latitude': '37.7363482046823', 'longitude': '-122.41124014077778', 'human_address': '{""address"": """", ""city"": """", ""state"": """", ""zip"": """"}'}",1.08E+12,,3,3,1,1,5,wood frame (5),5,wood frame (5),,,,,,
5ea1fcc3c2aeecdcc61c5446,2.01E+11,8,otc alterations permit,2007-01-11T00:00:00.000,1031,25,3171,California,St,"replace windows in units 3171-3181, replace 26 windows size for size, visable from street. wood to wood.",complete,2007-05-30T00:00:00.000,2007-01-11T00:00:00.000,2007-01-11T00:00:00.000,2007-07-11T00:00:00.000Z,21499,21499,apartments,apartments,0,2,Presidio Heights,94115,"{'latitude': '37.787058645641906', 'longitude': '-122.44633845181045', 'human_address': '{""address"": """", ""city"": """", ""state"": """", ""zip"": """"}'}",1.08E+11,,3,3,6,6,5,wood frame (5),5,wood frame (5),2007-05-30T00:00:00.000,,,,,
5ea1fcc3c2aeecdcc61c5447,2.01E+11,8,otc alterations permit,2007-01-11T00:00:00.000,1031,25,3181,California,St,"replace windows in units 3171-3181, replace 26 windows size for size, visable from street. wood to wood.",complete,2007-05-30T00:00:00.000,2007-01-11T00:00:00.000,2007-01-11T00:00:00.000,2007-07-11T00:00:00.000Z,21499,21499,apartments,apartments,0,2,Presidio Heights,94115,"{'latitude': '37.787058645641906', 'longitude': '-122.44633845181045', 'human_address': '{""address"": """", ""city"": """", ""state"": """", ""zip"": """"}'}",1.08E+12,,3,3,6,6,5,wood frame (5),5,wood frame (5),2007-05-30T00:00:00.000,,,,,
5ea1fcc3c2aeecdcc61c5448,2.01E+11,8,otc alterations permit,2007-01-11T00:00:00.000,104,32,19,Harwood,Al,"remodel 2 kchn (included cabinets sinks, faucets, flooring and tiles) and 2 bathroom (included toilets, sinks, tubs and lights). replace drywalls in kchn and bthrms only. lighting to comply with title 24",complete,2007-09-19T00:00:00.000,2007-01-11T00:00:00.000,2007-01-11T00:00:00.000,2008-01-11T00:00:00.000Z,30000,30000,2 family dwelling,2 family dwelling,0,3,North Beach,94133,"{'latitude': '37.80134210674627', 'longitude': '-122.40754332835843', 'human_address': '{""address"": """", ""city"": """", ""state"": """", ""zip"": """"}'}",1.08E+12,,2,2,2,2,5,wood frame (5),5,wood frame (5),2007-09-19T00:00:00.000,,,,,
5ea1fcc3c2aeecdcc61c5449,2.01E+11,8,otc alterations permit,2007-01-11T00:00:00.000,104,32,21,Harwood,Al,"remodel 2 kchn (included cabinets sinks, faucets, flooring and tiles) and 2 bathroom (included toilets, sinks, tubs and lights). replace drywalls in kchn and bthrms only. lighting to comply with title 24",complete,2007-09-19T00:00:00.000,2007-01-11T00:00:00.000,2007-01-11T00:00:00.000,2008-01-11T00:00:00.000Z,30000,30000,2 family dwelling,2 family dwelling,0,3,North Beach,94133,"{'latitude': '37.80134210674627', 'longitude': '-122.40754332835843', 'human_address': '{""address"": """", ""city"": """", ""state"": """", ""zip"": """"}'}",1.08E+12,,2,2,2,2,5,wood frame (5),5,wood frame (5),2007-09-19T00:00:00.000,,,,,
5ea1fcc3c2aeecdcc61c544a,2.01E+11,8,otc alterations permit,2007-01-11T00:00:00.000,5254,33,650,Mendell,St,"replace 6 windows, size for size, visable from street. aluminum to wood.",issued,2007-01-11T00:00:00.000,2007-01-11T00:00:00.000,2007-01-11T00:00:00.000,2007-07-11T00:00:00.000Z,6808,6808,1 family dwelling,1 family dwelling,0,10,Bayview Hunters Point,94124,"{'latitude': '37.73932283729826', 'longitude': '-122.38638826212252', 'human_address': '{""address"": """", ""city"": """", ""state"": """", ""zip"": """"}'}",1.08E+12,,2,2,1,1,5,wood frame (5),5,wood frame (5),,,,,,
5ea1fcc3c2aeecdcc61c544b,2.01E+11,8,otc alterations permit,2007-01-11T00:00:00.000,6051,14,558,Brussels,St,"replace 7 windows, size for size, visable from street. aluminum to vinyl.",complete,2007-01-22T00:00:00.000,2007-01-11T00:00:00.000,2007-01-11T00:00:00.000,2007-07-11T00:00:00.000Z,5762,5762,1 family dwelling,1 family dwelling,0,9,Portola,94134,"{'latitude': '37.72507563423487', 'longitude': '-122.4050633160922', 'human_address': '{""address"": """", ""city"": """", ""state"": """", ""zip"": """"}'}",1.08E+12,,2,2,1,1,5,wood frame (5),5,wood frame (5),2007-01-22T00:00:00.000,,,,,
5ea1fcc3c2aeecdcc61c544c,2.01E+11,3,additions alterations or repairs,2007-01-11T00:00:00.000,1227,31,2049,Oak,St,addition of rear deck with firewall.,complete,2007-08-01T00:00:00.000,2007-01-11T00:00:00.000,2007-05-03T00:00:00.000,2007-11-03T00:00:00.000Z,5000,8400,apartments,apartments,2,5,Haight Ashbury,94117,"{'latitude': '37.77085012986973', 'longitude': '-122.4530762047247', 'human_address': '{""address"": """", ""city"": """", ""state"": """", ""zip"": """"}'}",1.08E+11,,3,3,4,4,5,wood frame (5),5,wood frame (5),2007-08-01T00:00:00.000,Y,,,,
5ea1fcc3c2aeecdcc61c544d,M53902,8,otc alterations permit,2007-01-11T00:00:00.000,1740,14,1265,10th,Av,street space & sidewalk repair,issued,2007-01-11T00:00:00.000,2007-01-11T00:00:00.000,2007-01-11T00:00:00.000,,,0,,,,5,Inner Sunset,94122,"{'latitude': '37.76460203303238', 'longitude': '-122.46775370218185', 'human_address': '{""address"": """", ""city"": """", ""state"": """", ""zip"": """"}'}",1.08E+12,,,,,,,,,,,,,,,
5ea1fcc3c2aeecdcc61c544e,2.01E+11,8,otc alterations permit,2007-01-11T00:00:00.000,7012,39,68,Ashton,Av,"replace 5 windows, size for size, visable from street. wood to wood.",complete,2007-02-22T00:00:00.000,2007-01-11T00:00:00.000,2007-01-11T00:00:00.000,2007-07-11T00:00:00.000Z,6880,6880,1 family dwelling,1 family dwelling,0,11,Oceanview/Merced/Ingleside,94112,"{'latitude': '37.71942218654307', 'longitude': '-122.4619398817953', 'human_address': '{""address"": """", ""city"": """", ""state"": """", ""zip"": """"}'}",1.08E+12,,2,2,1,1,5,wood frame (5),5,wood frame (5),2007-02-22T00:00:00.000,,,,,
5ea1fcc3c2aeecdcc61c544f,2.01E+11,8,otc alterations permit,2007-01-11T00:00:00.000,1451,16,379,19th,Av,"legalize bathroom remodel. replace plumbing fixtures, toilet sink, floor covering and electrical fixtures. add a heating duct. restore wall original state where new window was constructed illegally.",complete,2007-03-02T00:00:00.000,2007-01-11T00:00:00.000,2007-01-11T00:00:00.000,2007-05-11T00:00:00.000Z,4100,4100,1 family dwelling,1 family dwelling,0,1,Outer Richmond,94121,"{'latitude': '37.780863136650815', 'longitude': '-122.47858995492511', 'human_address': '{""address"": """", ""city"": """", ""state"": """", ""zip"": """"}'}",1.08E+12,,2,2,1,1,5,wood frame (5),5,wood frame (5),2007-03-02T00:00:00.000,,,,,
5ea1fcc3c2aeecdcc61c5450,2.01E+11,8,otc alterations permit,2007-01-11T00:00:00.000,5655,22,165,Nevada,St,"replace 5 windows, size for size, visable from street. aluminum to wood.",complete,2007-03-05T00:00:00.000,2007-01-11T00:00:00.000,2007-01-11T00:00:00.000,2007-07-11T00:00:00.000Z,10486,10486,1 family dwelling,1 family dwelling,0,9,Bernal Heights,94110,"{'latitude': '37.74036197916233', 'longitude': '-122.4110606171795', 'human_address': '{""address"": """", ""city"": """", ""state"": """", ""zip"": """"}'}",1.08E+12,,2,2,1,1,5,wood frame (5),5,wood frame (5),2007-03-05T00:00:00.000,,,,,
5ea1fcc3c2aeecdcc61c5451,2.01E+11,8,otc alterations permit,2007-01-11T00:00:00.000,3053,8,45,Brentwood,Av,"repair water-damaged walls (approx 18lf). reapir bed framing & sheating. new r-13 in walls. new trim, stucco, paint. repair only existing- no change to footprint or sf).",expired,2007-10-17T00:00:00.000,2007-01-11T00:00:00.000,2007-01-11T00:00:00.000,2007-07-11T00:00:00.000Z,6000,6000,1 family dwelling,1 family dwelling,0,7,West of Twin Peaks,94127,"{'latitude': '37.73374164817996', 'longitude': '-122.4551714935185', 'human_address': '{""address"": """", ""city"": """", ""state"": """", ""zip"": """"}'}",1.08E+12,,2,2,1,1,5,wood frame (5),5,wood frame (5),,,,,,
5ea1fcc3c2aeecdcc61c5452,2.01E+11,8,otc alterations permit,2007-01-11T00:00:00.000,5805,5,20,Arnold,Av,"replace 4 windows, size for size, back of house.",complete,2007-03-05T00:00:00.000,2007-01-11T00:00:00.000,2007-01-11T00:00:00.000,2007-07-11T00:00:00.000Z,10635,10635,1 family dwelling,1 family dwelling,0,9,Bernal Heights,94110,"{'latitude': '37.73470716884618', 'longitude': '-122.41984475884566', 'human_address': '{""address"": """", ""city"": """", ""state"": """", ""zip"": """"}'}",1.08E+12,,2,2,1,1,5,wood frame (5),5,wood frame (5),2007-03-05T00:00:00.000,,,,,
5ea1fcc3c2aeecdcc61c5453,2.01E+11,8,otc alterations permit,2007-01-11T00:00:00.000,200,14,440,Davis,St,"concrete spall repair on facade, include painting, deck coatings and caulking.",expired,2008-05-13T00:00:00.000,2007-01-11T00:00:00.000,2007-01-11T00:00:00.000,2008-01-11T00:00:00.000Z,90000,90000,apartments,apartments,2,3,Financial District/South Beach,94111,"{'latitude': '37.79669693582685', 'longitude': '-122.39777129258873', 'human_address': '{""address"": """", ""city"": """", ""state"": """", ""zip"": """"}'}",1.08E+12,,22,22,418,418,1,constr type 1,1,constr type 1,,,,,,
5ea1fcc3c2aeecdcc61c5454,2.01E+11,8,otc alterations permit,2007-01-11T00:00:00.000,1473,8,400,42nd,Av,"replace 4 windows, size for size, back of house.",complete,2007-01-22T00:00:00.000,2007-01-11T00:00:00.000,2007-01-11T00:00:00.000,2007-05-11T00:00:00.000Z,3800,3800,1 family dwelling,1 family dwelling,0,1,Outer Richmond,94121,"{'latitude': '37.78105609318353', 'longitude': '-122.50281154987255', 'human_address': '{""address"": """", ""city"": """", ""state"": """", ""zip"": """"}'}",1.08E+12,,2,2,1,1,5,wood frame (5),5,wood frame (5),2007-01-22T00:00:00.000,,,,,
5ea1fcc3c2aeecdcc61c5455,2.01E+11,8,otc alterations permit,2007-01-11T00:00:00.000,3054,17,58,Brentwood,Av,replace damaged framing of front bay window. upgrade 5 windows of front bay window. new r-13. replace vb & stucco as needed. (repair of existing only - no change in footprint or sf).,complete,2007-07-25T00:00:00.000,2007-01-11T00:00:00.000,2007-01-11T00:00:00.000,2007-07-11T00:00:00.000Z,6000,6000,1 family dwelling,1 family dwelling,0,7,West of Twin Peaks,94127,"{'latitude': '37.73411379569348', 'longitude': '-122.45495014388297', 'human_address': '{""address"": """", ""city"": """", ""state"": """", ""zip"": """"}'}",1.08E+12,,2,2,1,1,5,wood frame (5),5,wood frame (5),2007-07-25T00:00:00.000,,,,,
5ea1fcc3c2aeecdcc61c5456,2.01E+11,8,otc alterations permit,2007-01-11T00:00:00.000,517,018C,3046,Webster,St,repair dry rot at rear stairs and decks. less than 50% of structure.,expired,2007-06-29T00:00:00.000,2007-01-11T00:00:00.000,2007-01-11T00:00:00.000,2007-05-11T00:00:00.000Z,3000,3000,2 family dwelling,2 family dwelling,0,2,Marina,94123,"{'latitude': '37.798980909481614', 'longitude': '-122.43393491788493', 'human_address': '{""address"": """", ""city"": """", ""state"": """", ""zip"": """"}'}",1.08E+12,,3,3,2,2,5,wood frame (5),5,wood frame (5),,,,,,
5ea1fcc3c2aeecdcc61c5457,M53843,8,otc alterations permit,2007-01-11T00:00:00.000,3604,24,3770,21st,St,street space & sidewalk permit only.,issued,2007-01-12T00:00:00.000,2007-01-11T00:00:00.000,2007-01-12T00:00:00.000,,,0,,,,8,Castro/Upper Market,94114,"{'latitude': '37.75651443923049', 'longitude': '-122.43162117318597', 'human_address': '{""address"": """", ""city"": """", ""state"": """", ""zip"": """"}'}",1.08E+12,,,,,,,,,,,,,,,
5ea20727c2aeecdcc61c5459,2.01E+11,8,otc alterations permit,2007-01-02T00:00:00.000,7062,39,151,Caine,Av,reroofing.,issued,2007-01-02T00:00:00.000,2007-01-02T00:00:00.000,2007-01-02T00:00:00.000,2007-05-02T00:00:00.000Z,1800,1800,1 family dwelling,1 family dwelling,0,11,Oceanview/Merced/Ingleside,94112,"{'latitude': '37.71561123366462', 'longitude': '-122.45164319371077', 'human_address': '{""address"": """", ""city"": """", ""state"": """", ""zip"": """"}'}",1.08E+12,,,,,,,,,,,,,,,
5ea20727c2aeecdcc61c545a,M52523,8,otc alterations permit,2007-01-02T00:00:00.000,1261,15,862,Shrader,St,street space permit only.,issued,2007-01-02T00:00:00.000,2007-01-02T00:00:00.000,2007-01-02T00:00:00.000,,,0,,,,5,Haight Ashbury,94117,"{'latitude': '37.76675934137657', 'longitude': '-122.45104895161684', 'human_address': '{""address"": """", ""city"": """", ""state"": """", ""zip"": """"}'}",1.08E+11,,,,,,,,,,,,,,,
5ea20727c2aeecdcc61c545b,M52363,8,otc alterations permit,2007-01-02T00:00:00.000,5615,101,190,Coleridge,St,streetspace,issued,2007-01-02T00:00:00.000,2007-01-02T00:00:00.000,2007-01-02T00:00:00.000,,,0,,,,9,Bernal Heights,94110,"{'latitude': '37.74334516006968', 'longitude': '-122.42062266393302', 'human_address': '{""address"": """", ""city"": """", ""state"": """", ""zip"": """"}'}",1.08E+12,,,,,,,,,,,,,,,
5ea20727c2aeecdcc61c545c,M52302,8,otc alterations permit,2007-01-02T00:00:00.000,305,36,620,Jones,St,street space,issued,2007-01-02T00:00:00.000,2007-01-02T00:00:00.000,2007-01-02T00:00:00.000,,,0,,,,3,Tenderloin,94102,"{'latitude': '37.78716029095172', 'longitude': '-122.41288961192863', 'human_address': '{""address"": """", ""city"": """", ""state"": """", ""zip"": """"}'}",1.08E+12,,,,,,,,,,,,,,,
5ea20727c2aeecdcc61c545d,M52303,8,otc alterations permit,2007-01-02T00:00:00.000,579,5,2140,Pacific,Av,street space,issued,2007-01-02T00:00:00.000,2007-01-02T00:00:00.000,2007-01-02T00:00:00.000,,,0,,,,2,Pacific Heights,94115,"{'latitude': '37.79415354566644', 'longitude': '-122.43056248329931', 'human_address': '{""address"": """", ""city"": """", ""state"": """", ""zip"": """"}'}",1.08E+12,0,,,,,,,,,,,,,,
5ea20727c2aeecdcc61c545e,2.01E+11,8,otc alterations permit,2007-01-02T00:00:00.000,3722,82,125,03rd,St,"renew 200503167704, 200504190318, 200505132374 for final inspection",expired,2009-01-06T00:00:00.000,2007-01-02T00:00:00.000,2007-01-02T00:00:00.000,2007-05-02T00:00:00.000Z,1,1,apartments,apartments,0,6,Financial District/South Beach,94105,"{'latitude': '37.78629133947409', 'longitude': '-122.40137524914559', 'human_address': '{""address"": """", ""city"": """", ""state"": """", ""zip"": """"}'}",1.08E+12,,40,40,361,361,1,constr type 1,1,constr type 1,,,,,,
5ea20727c2aeecdcc61c545f,2.01E+11,8,otc alterations permit,2007-01-02T00:00:00.000,261,18,345,California,St,add 2 smoke detectors - one inside elevator lobby one outside of elevator lobby (north) due to addition of won door (33rd floor),expired,2011-07-28T00:00:00.000,2007-01-02T00:00:00.000,2007-01-02T00:00:00.000,2007-07-02T00:00:00.000Z,6000,6000,office,office,2,3,Financial District/South Beach,94104,"{'latitude': '37.79264572504777', 'longitude': '-122.40043673900044', 'human_address': '{""address"": """", ""city"": """", ""state"": """", ""zip"": """"}'}",1.08E+11,,36,36,0,0,1,constr type 1,1,constr type 1,,,,,,
5ea20727c2aeecdcc61c5460,2.01E+11,8,otc alterations permit,2007-01-02T00:00:00.000,261,19,345,California,St,add 2 smoke detectors - one inside elevator lobby one outside of elevator lobby (north) due to addition of won door (33rd floor),expired,2011-07-28T00:00:00.000,2007-01-02T00:00:00.000,2007-01-02T00:00:00.000,2007-07-02T00:00:00.000Z,6000,6000,office,office,2,3,Financial District/South Beach,94104,"{'latitude': '37.79264572504777', 'longitude': '-122.40043673900044', 'human_address': '{""address"": """", ""city"": """", ""state"": """", ""zip"": """"}'}",1.08E+11,,36,36,0,0,1,constr type 1,1,constr type 1,,,,,,
5ea20727c2aeecdcc61c5461,2.01E+11,8,otc alterations permit,2007-01-02T00:00:00.000,261,20,345,California,St,add 2 smoke detectors - one inside elevator lobby one outside of elevator lobby (north) due to addition of won door (33rd floor),expired,2011-07-28T00:00:00.000,2007-01-02T00:00:00.000,2007-01-02T00:00:00.000,2007-07-02T00:00:00.000Z,6000,6000,office,office,2,3,Financial District/South Beach,94104,"{'latitude': '37.79264572504777', 'longitude': '-122.40043673900044', 'human_address': '{""address"": """", ""city"": """", ""state"": """", ""zip"": """"}'}",1.08E+11,,36,36,0,0,1,constr type 1,1,constr type 1,,,,,,
5ea20727c2aeecdcc61c5462,2.01E+11,8,otc alterations permit,2007-01-02T00:00:00.000,7001,35,154,Beverly,St,retro fit 8 windows in kind. white vinyl. no structural changes. 4 visable from the street. window trim detail to remain as is.,complete,2007-04-16T00:00:00.000,2007-01-02T00:00:00.000,2007-01-02T00:00:00.000,2007-05-02T00:00:00.000Z,4000,4000,1 family dwelling,1 family dwelling,0,11,Oceanview/Merced/Ingleside,94132,"{'latitude': '37.7188721275952', 'longitude': '-122.47136997293713', 'human_address': '{""address"": """", ""city"": """", ""state"": """", ""zip"": """"}'}",1.08E+12,,2,2,1,1,5,wood frame (5),5,wood frame (5),2007-04-16T00:00:00.000,,,,,
5ea20727c2aeecdcc61c5463,2.01E+11,8,otc alterations permit,2007-01-02T00:00:00.000,3722,82,125,03rd,St,"renew 2000/09/18/0806, 2001/10/17/1094, 2002/01/17/7180",complete,2007-08-01T00:00:00.000,2007-01-02T00:00:00.000,2007-01-02T00:00:00.000,2007-05-02T00:00:00.000Z,1,1,apartments,apartments,0,6,Financial District/South Beach,94105,"{'latitude': '37.78629133947409', 'longitude': '-122.40137524914559', 'human_address': '{""address"": """", ""city"": """", ""state"": """", ""zip"": """"}'}",1.08E+12,,40,40,361,361,1,constr type 1,1,constr type 1,2007-08-01T00:00:00.000,,,,,
5ea20727c2aeecdcc61c5464,2.01E+11,8,otc alterations permit,2007-01-02T00:00:00.000,3713,6,1,Market,St,"install pre-action detection on 39th floor mdf room, no increase in office space",complete,2007-05-15T00:00:00.000,2007-01-02T00:00:00.000,2007-01-02T00:00:00.000,2007-05-02T00:00:00.000Z,3000,3000,office,office,2,6,Financial District/South Beach,94105,"{'latitude': '37.79381892740162', 'longitude': '-122.39479728741493', 'human_address': '{""address"": """", ""city"": """", ""state"": """", ""zip"": """"}'}",1.08E+12,,43,43,0,0,1,constr type 1,1,constr type 1,2007-05-15T00:00:00.000,,,,,
5ea20727c2aeecdcc61c5465,2.01E+11,8,otc alterations permit,2007-01-02T00:00:00.000,290,11,1,Bush,St,"6th floor-fire alarm t.i. adding the following: 5 smoke detectors, 4 door holders & 13 speaker strobe.",complete,2007-02-23T00:00:00.000,2007-01-02T00:00:00.000,2007-01-02T00:00:00.000,2007-07-02T00:00:00.000Z,7000,7000,office,office,2,3,Financial District/South Beach,94104,"{'latitude': '37.79085084403596', 'longitude': '-122.40010383030618', 'human_address': '{""address"": """", ""city"": """", ""state"": """", ""zip"": """"}'}",1.08E+12,0,19,19,0,0,1,constr type 1,1,constr type 1,2007-02-23T00:00:00.000,,,,,
5ea20727c2aeecdcc61c5466,2.01E+11,8,otc alterations permit,2007-01-02T00:00:00.000,3722,82,125,03rd,St,"renew 2002/09/19/6884, 2004/0226/7207, 2004/03/31/0069 for final inspection",complete,2007-08-01T00:00:00.000,2007-01-02T00:00:00.000,2007-01-02T00:00:00.000,2007-05-02T00:00:00.000Z,1,1,apartments,apartments,0,6,Financial District/South Beach,94105,"{'latitude': '37.78629133947409', 'longitude': '-122.40137524914559', 'human_address': '{""address"": """", ""city"": """", ""state"": """", ""zip"": """"}'}",1.08E+12,,40,40,361,361,1,constr type 1,1,constr type 1,2007-08-01T00:00:00.000,,,,,
5ea20727c2aeecdcc61c5467,2.01E+11,8,otc alterations permit,2007-01-02T00:00:00.000,1439,4,321,07th,Av,"installation of new fire alarm system (1) facp (2) smokes, (1) heat (1) pull (13) mini horns (4) horn/strobes cost per contract supplied.",complete,2007-08-31T00:00:00.000,2007-01-02T00:00:00.000,2007-01-02T00:00:00.000,2007-07-02T00:00:00.000Z,7500,7500,apartments,apartments,2,1,Inner Richmond,94118,"{'latitude': '37.78239595227128', 'longitude': '-122.46578583891869', 'human_address': '{""address"": """", ""city"": """", ""state"": """", ""zip"": """"}'}",1.08E+11,,3,3,3,3,5,wood frame (5),5,wood frame (5),2007-08-31T00:00:00.000,,,,,
5ea20727c2aeecdcc61c5468,2.01E+11,8,otc alterations permit,2007-01-02T00:00:00.000,1439,4,323,07th,Av,"installation of new fire alarm system (1) facp (2) smokes, (1) heat (1) pull (13) mini horns (4) horn/strobes cost per contract supplied.",complete,2007-08-31T00:00:00.000,2007-01-02T00:00:00.000,2007-01-02T00:00:00.000,2007-07-02T00:00:00.000Z,7500,7500,apartments,apartments,2,1,Inner Richmond,94118,"{'latitude': '37.78239595227128', 'longitude': '-122.46578583891869', 'human_address': '{""address"": """", ""city"": """", ""state"": """", ""zip"": """"}'}",1.08E+12,,3,3,3,3,5,wood frame (5),5,wood frame (5),2007-08-31T00:00:00.000,,,,,
5ea20727c2aeecdcc61c5469,2.01E+11,8,otc alterations permit,2007-01-02T00:00:00.000,341,7,34,Mason,St,monitor water flow & tamper by adding communicator to (e) local control panel.,expired,2008-02-08T00:00:00.000,2007-01-02T00:00:00.000,2007-01-02T00:00:00.000,2007-05-02T00:00:00.000Z,3000,3000,food/beverage hndlng,food/beverage hndlng,2,6,Tenderloin,94102,"{'latitude': '37.78397622014096', 'longitude': '-122.4089810343802', 'human_address': '{""address"": """", ""city"": """", ""state"": """", ""zip"": """"}'}",1.08E+11,,3,3,0,0,3,constr type 3,3,constr type 3,,,,,,
5ea20727c2aeecdcc61c546a,2.01E+11,8,otc alterations permit,2007-01-02T00:00:00.000,3722,82,125,03rd,St,"renew 200505162566, 200509263863, 200510115286 for final inspection",complete,2007-08-01T00:00:00.000,2007-01-02T00:00:00.000,2007-01-02T00:00:00.000,2007-05-02T00:00:00.000Z,1,1,apartments,apartments,0,6,Financial District/South Beach,94105,"{'latitude': '37.78629133947409', 'longitude': '-122.40137524914559', 'human_address': '{""address"": """", ""city"": """", ""state"": """", ""zip"": """"}'}",1.08E+12,,40,40,361,361,1,constr type 1,1,constr type 1,2007-08-01T00:00:00.000,,,,,
5ea20727c2aeecdcc61c546b,2.01E+11,8,otc alterations permit,2007-01-02T00:00:00.000,239,13,456,Montgomery,St,renew pa#200605091152 & #200605302782 for final inspection.,complete,2007-03-05T00:00:00.000,2007-01-02T00:00:00.000,2007-01-02T00:00:00.000,2007-05-02T00:00:00.000Z,1,1,office,office,0,3,Financial District/South Beach,94104,"{'latitude': '37.79356646218892', 'longitude': '-122.40268591053162', 'human_address': '{""address"": """", ""city"": """", ""state"": """", ""zip"": """"}'}",1.08E+11,,26,26,0,0,1,constr type 1,1,constr type 1,2007-03-05T00:00:00.000,,,,,
5ea20727c2aeecdcc61c546c,2.01E+11,8,otc alterations permit,2007-01-02T00:00:00.000,694,4,1001,Polk,St,"install 1 horn/strobe, relocate 2 strobes (2nd floor)",expired,2011-02-08T00:00:00.000,2007-01-02T00:00:00.000,2007-01-02T00:00:00.000,2007-05-02T00:00:00.000Z,2500,2500,office,office,2,6,Tenderloin,94109,"{'latitude': '37.78611645043707', 'longitude': '-122.42004904856013', 'human_address': '{""address"": """", ""city"": """", ""state"": """", ""zip"": """"}'}",1.08E+12,,4,4,0,0,3,constr type 3,3,constr type 3,,,,,,
5ea20727c2aeecdcc61c546d,M52322,8,otc alterations permit,2007-01-02T00:00:00.000,3164,20,634,Miramar,Av,street space & sidewalk repair,issued,2007-01-02T00:00:00.000,2007-01-02T00:00:00.000,2007-01-02T00:00:00.000,,,0,,,,7,West of Twin Peaks,94112,"{'latitude': '37.72830187664554', 'longitude': '-122.45790841607504', 'human_address': '{""address"": """", ""city"": """", ""state"": """", ""zip"": """"}'}",1.08E+12,,,,,,,,,,,,,,,
5ea20727c2aeecdcc61c546e,2.01E+11,8,otc alterations permit,2007-01-02T00:00:00.000,2075,6,1883,38th,Av,"renew 200604128795, 200604128797",complete,2007-01-08T00:00:00.000,2007-01-02T00:00:00.000,2007-01-02T00:00:00.000,2007-05-02T00:00:00.000Z,1,1,1 family dwelling,1 family dwelling,0,4,Sunset/Parkside,94122,"{'latitude': '37.75181600453339', 'longitude': '-122.49696967238347', 'human_address': '{""address"": """", ""city"": """", ""state"": """", ""zip"": """"}'}",1.08E+12,,2,2,1,1,5,wood frame (5),5,wood frame (5),2007-01-08T00:00:00.000,,,,,
5ea20727c2aeecdcc61c546f,2.01E+11,8,otc alterations permit,2007-01-02T00:00:00.000,1527,12,447,17th,Av,to comply with nov# 200679730. this application is to legalize an already (e) storage room. reoom was constructed underneath (e) permitted sunroom. foundation corner posts & ceiling were already there. construction required to close in walls.,expired,2011-03-29T00:00:00.000,2007-01-02T00:00:00.000,2007-01-02T00:00:00.000,2007-05-02T00:00:00.000Z,5000,5000,1 family dwelling,1 family dwelling,2,1,Outer Richmond,94121,"{'latitude': '37.77950712193683', 'longitude': '-122.4764256256765', 'human_address': '{""address"": """", ""city"": """", ""state"": """", ""zip"": """"}'}",1.08E+12,,3,3,1,1,5,wood frame (5),5,wood frame (5),,,,,,
5ea20727c2aeecdcc61c5470,2.01E+11,8,otc alterations permit,2007-01-02T00:00:00.000,6524,23,2973,Folsom,St,reroofing,expired,2009-05-21T00:00:00.000,2007-01-02T00:00:00.000,2007-01-02T00:00:00.000,2007-07-02T00:00:00.000Z,12000,12000,apartments,apartments,0,9,Mission,94110,"{'latitude': '37.749782122818054', 'longitude': '-122.41348414964104', 'human_address': '{""address"": """", ""city"": """", ""state"": """", ""zip"": """"}'}",1.08E+12,,,,,,,,,,,,,,,
5ea20727c2aeecdcc61c5471,M52342,8,otc alterations permit,2007-01-02T00:00:00.000,976,4,2900,Jackson,St,street space permit,issued,2007-01-02T00:00:00.000,2007-01-02T00:00:00.000,2007-01-02T00:00:00.000,,,0,,,,2,Pacific Heights,94115,"{'latitude': '37.79162459221065', 'longitude': '-122.4430478074895', 'human_address': '{""address"": """", ""city"": """", ""state"": """", ""zip"": """"}'}",1.08E+11,,,,,,,,,,,,,,,
5ea20727c2aeecdcc61c5472,2.01E+11,8,otc alterations permit,2007-01-02T00:00:00.000,6013,23,4447,Mission,St,remodel bathroom & kitchen in unit# 4447 & unit# 4449. total 2 kitchens & 2 bathrooms. no lighting change.,expired,2008-05-21T00:00:00.000,2007-01-02T00:00:00.000,2007-01-02T00:00:00.000,2008-01-02T00:00:00.000Z,26000,26000,2 family dwelling,2 family dwelling,0,11,Excelsior,94112,"{'latitude': '37.726930675044564', 'longitude': '-122.43276370174196', 'human_address': '{""address"": """", ""city"": """", ""state"": """", ""zip"": """"}'}",1.08E+12,,2,2,2,2,5,wood frame (5),5,wood frame (5),,,,,,
5ea20727c2aeecdcc61c5473,2.01E+11,8,otc alterations permit,2007-01-02T00:00:00.000,6013,23,4449,Mission,St,remodel bathroom & kitchen in unit# 4447 & unit# 4449. total 2 kitchens & 2 bathrooms. no lighting change.,expired,2008-05-21T00:00:00.000,2007-01-02T00:00:00.000,2007-01-02T00:00:00.000,2008-01-02T00:00:00.000Z,26000,26000,2 family dwelling,2 family dwelling,0,11,Excelsior,94112,"{'latitude': '37.726930675044564', 'longitude': '-122.43276370174196', 'human_address': '{""address"": """", ""city"": """", ""state"": """", ""zip"": """"}'}",1.08E+12,,2,2,2,2,5,wood frame (5),5,wood frame (5),,,,,,
5ea20727c2aeecdcc61c5474,2.01E+11,8,otc alterations permit,2007-01-02T00:00:00.000,6944,43,1111,Ocean,Av,repairing dry wall: and kitchen cabinets repair,issued,2007-01-02T00:00:00.000,2007-01-02T00:00:00.000,2007-01-02T00:00:00.000,2007-05-02T00:00:00.000Z,1000,1000,2 family dwelling,2 family dwelling,0,7,Oceanview/Merced/Ingleside,94112,"{'latitude': '37.72325688649659', 'longitude': '-122.45438712189853', 'human_address': '{""address"": """", ""city"": """", ""state"": """", ""zip"": """"}'}",1.08E+12,,2,2,2,2,5,wood frame (5),5,wood frame (5),,,,,,
5ea20727c2aeecdcc61c5475,M52362,8,otc alterations permit,2007-01-02T00:00:00.000,214,16,1360,Jones,St,street space & sidewalk permit only.,issued,2007-01-02T00:00:00.000,2007-01-02T00:00:00.000,2007-01-02T00:00:00.000,,,0,,,,3,Nob Hill,94108,"{'latitude': '37.7939919131956', 'longitude': '-122.41438442097898', 'human_address': '{""address"": """", ""city"": """", ""state"": """", ""zip"": """"}'}",1.08E+11,,,,,,,,,,,,,,,
5ea20728c2aeecdcc61c5476,2.01E+11,8,otc alterations permit,2007-01-02T00:00:00.000,2931,11,191,Wawona,St,reroofing.,complete,2007-01-05T00:00:00.000,2007-01-02T00:00:00.000,2007-01-02T00:00:00.000,2007-07-02T00:00:00.000Z,12950,12950,1 family dwelling,1 family dwelling,0,7,West of Twin Peaks,94127,"{'latitude': '37.74008743199627', 'longitude': '-122.46754133651746', 'human_address': '{""address"": """", ""city"": """", ""state"": """", ""zip"": """"}'}",1.08E+12,,,,,,,,,,2007-01-05T00:00:00.000,,,,,
5ea20728c2aeecdcc61c5477,M52364,8,otc alterations permit,2007-01-02T00:00:00.000,640,006C,1946,California,St,street space,issued,2007-01-02T00:00:00.000,2007-01-02T00:00:00.000,2007-01-02T00:00:00.000,,,0,,,,2,Pacific Heights,94109,"{'latitude': '37.79013113547946', 'longitude': '-122.42653277011581', 'human_address': '{""address"": """", ""city"": """", ""state"": """", ""zip"": """"}'}",1.08E+11,,,,,,,,,,,,,,,
5ea20728c2aeecdcc61c5478,M52364,8,otc alterations permit,2007-01-02T00:00:00.000,640,006C,1948,California,St,street space,issued,2007-01-02T00:00:00.000,2007-01-02T00:00:00.000,2007-01-02T00:00:00.000,,,0,,,,2,Pacific Heights,94109,"{'latitude': '37.79013113547946', 'longitude': '-122.42653277011581', 'human_address': '{""address"": """", ""city"": """", ""state"": """", ""zip"": """"}'}",1.08E+12,,,,,,,,,,,,,,,
5ea20728c2aeecdcc61c5479,2.01E+11,8,otc alterations permit,2007-01-02T00:00:00.000,1159,21,2077,Golden Gate,Av,to renew pa#2006/05/15/1594,issued,2007-01-02T00:00:00.000,2007-01-02T00:00:00.000,2007-01-02T00:00:00.000,2007-05-02T00:00:00.000Z,3000,2500,apartments,apartments,0,5,Lone Mountain/USF,94115,"{'latitude': '37.777705024016335', 'longitude': '-122.44473604069539', 'human_address': '{""address"": """", ""city"": """", ""state"": """", ""zip"": """"}'}",1.08E+12,,3,3,3,3,5,wood frame (5),5,wood frame (5),,,,,,
5ea20728c2aeecdcc61c547a,2.01E+11,3,additions alterations or repairs,2007-01-02T00:00:00.000,1700,1,55,Concourse,Dr,"installation of emergency generator only at b2 level. 1500 kw diesel. fuel oile permit approved under 200605091140, original app 200403249505.",complete,2008-05-07T00:00:00.000,2007-01-02T00:00:00.000,2007-07-25T00:00:00.000,2008-07-25T00:00:00.000Z,50000,50000,museum,museum,2,1,Golden Gate Park,94122,"{'latitude': '37.76948375043359', 'longitude': '-122.47581711966075', 'human_address': '{""address"": """", ""city"": """", ""state"": """", ""zip"": """"}'}",1.08E+12,,3,3,0,0,1,constr type 1,1,constr type 1,2008-05-07T00:00:00.000,,,,,
5ea20728c2aeecdcc61c547b,2.01E+11,8,otc alterations permit,2007-01-02T00:00:00.000,4079,20,721,York,St,revision to app3200407209286  on 1st flr. converting den/living area. to bedrooms (n) french door on 2nd fl. convertiing den/dining room to bedroom suite.,issued,2007-01-02T00:00:00.000,2007-01-02T00:00:00.000,2007-01-02T00:00:00.000,2007-05-02T00:00:00.000Z,1,1,2 family dwelling,2 family dwelling,2,10,Mission,94110,"{'latitude': '37.75970868629748', 'longitude': '-122.4086394262038', 'human_address': '{""address"": """", ""city"": """", ""state"": """", ""zip"": """"}'}",1.08E+12,,2,2,2,2,5,wood frame (5),5,wood frame (5),,,,,,
5ea20728c2aeecdcc61c547c,M52382,8,otc alterations permit,2007-01-02T00:00:00.000,3609,006A,2442,Mission,St,street space & sidewalk permit,issued,2007-01-02T00:00:00.000,2007-01-02T00:00:00.000,2007-01-02T00:00:00.000,,,0,,,,9,Mission,94110,"{'latitude': '37.757865129406895', 'longitude': '-122.4192783538136', 'human_address': '{""address"": """", ""city"": """", ""state"": """", ""zip"": """"}'}",1.08E+12,,,,,,,,,,,,,,,
5ea20728c2aeecdcc61c547d,M52383,8,otc alterations permit,2007-01-02T00:00:00.000,3609,4,2422,Mission,St,street space & sidewalk permit,issued,2007-01-02T00:00:00.000,2007-01-02T00:00:00.000,2007-01-02T00:00:00.000,,,0,,,,9,Mission,94110,"{'latitude': '37.75815266643947', 'longitude': '-122.41930587987387', 'human_address': '{""address"": """", ""city"": """", ""state"": """", ""zip"": """"}'}",1.08E+12,,,,,,,,,,,,,,,
5ea20728c2aeecdcc61c547e,M52384,8,otc alterations permit,2007-01-02T00:00:00.000,3636,6,2640,Mission,St,street space & sidewalk permit,issued,2007-01-02T00:00:00.000,2007-01-02T00:00:00.000,2007-01-02T00:00:00.000,,,0,,,,9,Mission,94110,"{'latitude': '37.75469673550794', 'longitude': '-122.41903786840484', 'human_address': '{""address"": """", ""city"": """", ""state"": """", ""zip"": """"}'}",1.08E+12,,,,,,,,,,,,,,,
5ea20728c2aeecdcc61c547f,2.01E+11,8,otc alterations permit,2007-01-02T00:00:00.000,6795D,30,527,Cayuga,Av,existing light well on 2nd story will be made a sunroom and the windows facing it will be removed.,expired,2007-12-27T00:00:00.000,2007-01-02T00:00:00.000,2007-01-02T00:00:00.000,2007-05-02T00:00:00.000Z,5000,5000,1 family dwelling,1 family dwelling,2,11,Outer Mission,94112,"{'latitude': '37.72877659126792', 'longitude': '-122.43531227489036', 'human_address': '{""address"": """", ""city"": """", ""state"": """", ""zip"": """"}'}",1.08E+12,,2,2,1,1,5,wood frame (5),5,wood frame (5),,,,,,
5ea20728c2aeecdcc61c5480,2.01E+11,8,otc alterations permit,2007-01-02T00:00:00.000,7249,28,3745,Ocean,Av,reroofing.,complete,2007-05-22T00:00:00.000,2007-01-02T00:00:00.000,2007-01-02T00:00:00.000,2007-07-02T00:00:00.000Z,6800,6800,1 family dwelling,1 family dwelling,0,7,Sunset/Parkside,94132,"{'latitude': '37.7321262190071', 'longitude': '-122.48513510509699', 'human_address': '{""address"": """", ""city"": """", ""state"": """", ""zip"": """"}'}",1.08E+12,,2,2,1,1,5,wood frame (5),5,wood frame (5),2007-05-22T00:00:00.000,,,,,
5ea20728c2aeecdcc61c5481,2.01E+11,8,otc alterations permit,2007-01-02T00:00:00.000,927,28,2271,Bay,St,to renew expired permit applic. 32004/12/30/2371 to continue work,expired,2008-03-11T00:00:00.000,2007-01-02T00:00:00.000,2007-01-02T00:00:00.000,2008-01-02T00:00:00.000Z,150000,150000,1 family dwelling,1 family dwelling,0,2,Marina,94123,"{'latitude': '37.801458418521364', 'longitude': '-122.44436514251392', 'human_address': '{""address"": """", ""city"": """", ""state"": """", ""zip"": """"}'}",1.08E+11,,2,2,1,1,5,wood frame (5),5,wood frame (5),,,,,,
5ea20728c2aeecdcc61c5482,2.01E+11,3,additions alterations or repairs,2007-01-02T00:00:00.000,6578,43,3825,Cesar Chavez,St,to comply with 3r-4492. kitchen remodel/and installation of furnace in unit#3827.,complete,2007-08-20T00:00:00.000,2007-01-02T00:00:00.000,2007-05-10T00:00:00.000,2007-11-10T00:00:00.000Z,10000,10000,apartments,apartments,0,8,Noe Valley,94131,"{'latitude': '37.74754510838333', 'longitude': '-122.42547062894664', 'human_address': '{""address"": """", ""city"": """", ""state"": """", ""zip"": """"}'}",1.08E+12,0,4,4,3,3,5,wood frame (5),5,wood frame (5),2007-08-20T00:00:00.000,,,,,
5ea20728c2aeecdcc61c5483,2.01E+11,3,additions alterations or repairs,2007-01-02T00:00:00.000,6578,43,3827,Cesar Chavez,St,to comply with 3r-4492. kitchen remodel/and installation of furnace in unit#3827.,complete,2007-08-20T00:00:00.000,2007-01-02T00:00:00.000,2007-05-10T00:00:00.000,2007-11-10T00:00:00.000Z,10000,10000,apartments,apartments,0,8,Noe Valley,94131,"{'latitude': '37.74754510838333', 'longitude': '-122.42547062894664', 'human_address': '{""address"": """", ""city"": """", ""state"": """", ""zip"": """"}'}",1.08E+12,,4,4,3,3,5,wood frame (5),5,wood frame (5),2007-08-20T00:00:00.000,,,,,
5ea20728c2aeecdcc61c5484,2.01E+11,3,additions alterations or repairs,2007-01-02T00:00:00.000,6578,43,3829,Cesar Chavez,St,to comply with 3r-4492. kitchen remodel/and installation of furnace in unit#3827.,complete,2007-08-20T00:00:00.000,2007-01-02T00:00:00.000,2007-05-10T00:00:00.000,2007-11-10T00:00:00.000Z,10000,10000,apartments,apartments,0,8,Noe Valley,94131,"{'latitude': '37.74754510838333', 'longitude': '-122.42547062894664', 'human_address': '{""address"": """", ""city"": """", ""state"": """", ""zip"": """"}'}",1.08E+12,0,4,4,3,3,5,wood frame (5),5,wood frame (5),2007-08-20T00:00:00.000,,,,,
5ea20728c2aeecdcc61c5485,M52402,8,otc alterations permit,2007-01-02T00:00:00.000,638,17,2201,Sacramento,St,street space permit only.,issued,2007-01-02T00:00:00.000,2007-01-02T00:00:00.000,2007-01-02T00:00:00.000,,,0,,,,2,Pacific Heights,94115,"{'latitude': '37.79020106234751', 'longitude': '-122.429281032396', 'human_address': '{""address"": """", ""city"": """", ""state"": """", ""zip"": """"}'}",1.08E+12,,,,,,,,,,,,,,,
5ea20728c2aeecdcc61c5486,M52403,8,otc alterations permit,2007-01-02T00:00:00.000,1423,9,233,10th,Av,street space permit only.,issued,2007-01-02T00:00:00.000,2007-01-02T00:00:00.000,2007-01-02T00:00:00.000,,,0,,,,1,Inner Richmond,94118,"{'latitude': '37.783908047719954', 'longitude': '-122.46911479514957', 'human_address': '{""address"": """", ""city"": """", ""state"": """", ""zip"": """"}'}",1.08E+11,,,,,,,,,,,,,,,
5ea20728c2aeecdcc61c5487,M52404,8,otc alterations permit,2007-01-02T00:00:00.000,1352,34,93,06th,Av,street space permit only.,issued,2007-01-02T00:00:00.000,2007-01-02T00:00:00.000,2007-01-02T00:00:00.000,,,0,,,,2,Inner Richmond,94118,"{'latitude': '37.78683930587217', 'longitude': '-122.46498001950198', 'human_address': '{""address"": """", ""city"": """", ""state"": """", ""zip"": """"}'}",1.08E+11,,,,,,,,,,,,,,,
5ea20728c2aeecdcc61c5488,2.01E+11,8,otc alterations permit,2007-01-02T00:00:00.000,1352,34,93,06th,Av,"remove & replace kitchen cabinets, appliances & re-tile floor. paint entire kitchen. no structural work. 50% of wattage of new lighting to be fluorescant.",complete,2007-03-28T00:00:00.000,2007-01-02T00:00:00.000,2007-01-02T00:00:00.000,2008-01-02T00:00:00.000Z,50000,50000,apartments,apartments,0,2,Inner Richmond,94118,"{'latitude': '37.78683930587217', 'longitude': '-122.46498001950198', 'human_address': '{""address"": """", ""city"": """", ""state"": """", ""zip"": """"}'}",1.08E+11,,3,3,6,6,5,wood frame (5),5,wood frame (5),2007-03-28T00:00:00.000,,,,,
5ea20728c2aeecdcc61c5489,2.01E+11,8,otc alterations permit,2007-01-02T00:00:00.000,859,30,429,Haight,St,"application for planing notice of violation dated august 31,2006 to bring subject property into compliance w/planning code. to only re-instate the ground fl residential unit. to replace store & frig in original location.",complete,2007-01-18T00:00:00.000,2007-01-02T00:00:00.000,2007-01-02T00:00:00.000,2007-05-02T00:00:00.000Z,1,600,2 family dwelling,2 family dwelling,2,5,Hayes Valley,94117,"{'latitude': '37.771967282076766', 'longitude': '-122.42928585565708', 'human_address': '{""address"": """", ""city"": """", ""state"": """", ""zip"": """"}'}",1.08E+11,,2,2,2,2,5,wood frame (5),5,wood frame (5),2007-01-18T00:00:00.000,,,,,
5ea20728c2aeecdcc61c548a,2.01E+11,8,otc alterations permit,2007-01-02T00:00:00.000,4570,23,200,Jennings,St,fire alarm monitoring for new building at this address.,complete,2007-04-09T00:00:00.000,2007-01-02T00:00:00.000,2007-01-02T00:00:00.000,2007-05-02T00:00:00.000Z,2000,2000,"warehouse,no frnitur","warehouse,no frnitur",2,10,Bayview Hunters Point,94124,"{'latitude': '37.73900941555662', 'longitude': '-122.3786820354205', 'human_address': '{""address"": """", ""city"": """", ""state"": """", ""zip"": """"}'}",1.08E+12,,1,1,1,1,2,constr type 2,2,constr type 2,2007-04-09T00:00:00.000,,,,,
5ea20728c2aeecdcc61c548b,2.01E+11,8,otc alterations permit,2007-01-02T00:00:00.000,859,31,413,Haight,St,"to bring #413 & 419 haight st into compliance, re: dei notice of violation#200669969 dated: 21 jul,06 to convert illegal residentail space back to it's original commerical space",complete,2007-02-05T00:00:00.000,2007-01-02T00:00:00.000,2007-01-02T00:00:00.000,2007-05-02T00:00:00.000Z,1,1,apartments,apartments,2,5,Hayes Valley,94117,"{'latitude': '37.77209707469256', 'longitude': '-122.42916749824555', 'human_address': '{""address"": """", ""city"": """", ""state"": """", ""zip"": """"}'}",1.08E+11,,3,3,10,10,5,wood frame (5),5,wood frame (5),2007-02-05T00:00:00.000,,,,,
5ea20728c2aeecdcc61c548c,2.01E+11,8,otc alterations permit,2007-01-02T00:00:00.000,1261,15,862,Shrader,St,add one bath at 3rd floor unit #862. new enlarged openings at 3rd floor unit 862,expired,2009-01-07T00:00:00.000,2007-01-02T00:00:00.000,2007-01-02T00:00:00.000,2008-01-02T00:00:00.000Z,75000,75000,apartments,apartments,2,5,Haight Ashbury,94117,"{'latitude': '37.76675934137657', 'longitude': '-122.45104895161684', 'human_address': '{""address"": """", ""city"": """", ""state"": """", ""zip"": """"}'}",1.08E+12,,3,3,4,4,5,wood frame (5),5,wood frame (5),,,,,,
5ea20728c2aeecdcc61c548d,2.01E+11,8,otc alterations permit,2007-01-02T00:00:00.000,1261,15,868,Shrader,St,add one bath at 3rd floor unit #862. new enlarged openings at 3rd floor unit 862,expired,2009-01-07T00:00:00.000,2007-01-02T00:00:00.000,2007-01-02T00:00:00.000,2008-01-02T00:00:00.000Z,75000,75000,apartments,apartments,2,5,Haight Ashbury,94117,"{'latitude': '37.76675934137657', 'longitude': '-122.45104895161684', 'human_address': '{""address"": """", ""city"": """", ""state"": """", ""zip"": """"}'}",1.08E+12,,3,3,4,4,5,wood frame (5),5,wood frame (5),,,,,,
5ea20728c2aeecdcc61c548e,2.01E+11,8,otc alterations permit,2007-01-02T00:00:00.000,2618,025A,473,Roosevelt,Wy,revise permit #1106397. remodel 2 bathrooms and repair dryrot unit #473. change non-bearing walls in bath #2. no structural changes.,complete,2007-05-09T00:00:00.000,2007-01-02T00:00:00.000,2007-01-02T00:00:00.000,2007-07-02T00:00:00.000Z,10000,10000,apartments,apartments,2,8,Castro/Upper Market,94114,"{'latitude': '37.76356246211054', 'longitude': '-122.44275388530596', 'human_address': '{""address"": """", ""city"": """", ""state"": """", ""zip"": """"}'}",1.08E+12,0,3,3,3,3,5,wood frame (5),5,wood frame (5),2007-05-09T00:00:00.000,,,,,
5ea20728c2aeecdcc61c548f,2.01E+11,8,otc alterations permit,2007-01-02T00:00:00.000,859,31,419,Haight,St,"to bring #413 & 419 haight st into compliance, re: dei notice of violation#200669969 dated: 21 jul,06 to convert illegal residentail space back to it's original commerical space",complete,2007-02-05T00:00:00.000,2007-01-02T00:00:00.000,2007-01-02T00:00:00.000,2007-05-02T00:00:00.000Z,1,1,apartments,apartments,2,5,Hayes Valley,94117,"{'latitude': '37.77209707469256', 'longitude': '-122.42916749824555', 'human_address': '{""address"": """", ""city"": """", ""state"": """", ""zip"": """"}'}",1.08E+12,,3,3,10,10,5,wood frame (5),5,wood frame (5),2007-02-05T00:00:00.000,,,,,
5ea20728c2aeecdcc61c5490,M52422,8,otc alterations permit,2007-01-02T00:00:00.000,3617,53,24,Hill,St,sidewalk permit only.,issued,2007-01-02T00:00:00.000,2007-01-02T00:00:00.000,2007-01-02T00:00:00.000,,,0,,,,8,Mission,94110,"{'latitude': '37.756275648567495', 'longitude': '-122.42222534865844', 'human_address': '{""address"": """", ""city"": """", ""state"": """", ""zip"": """"}'}",1.08E+12,,,,,,,,,,,,,,,
5ea20728c2aeecdcc61c5491,2.01E+11,8,otc alterations permit,2007-01-02T00:00:00.000,859,1,411,Haight,St,"to bring 411 haight st. into compliance, to comply w/nov #200670798. re. d.b.i notice of violation#200670798 date: 18 jul 06. to revert from residential unit to commerical.",issued,2007-01-02T00:00:00.000,2007-01-02T00:00:00.000,2007-01-02T00:00:00.000,2007-05-02T00:00:00.000Z,1,1,apartments,apartments,2,5,Hayes Valley,94117,"{'latitude': '37.77212098519333', 'longitude': '-122.4289796075449', 'human_address': '{""address"": """", ""city"": """", ""state"": """", ""zip"": """"}'}",1.08E+12,0,3,3,9,9,5,wood frame (5),5,wood frame (5),,,,,,
5ea20728c2aeecdcc61c5492,M52423,8,otc alterations permit,2007-01-02T00:00:00.000,6536,15,3940,25th,St,sidewalk permit only.,issued,2007-01-02T00:00:00.000,2007-01-02T00:00:00.000,2007-01-02T00:00:00.000,,,0,,,,8,Noe Valley,94114,"{'latitude': '37.75024780496369', 'longitude': '-122.4281758414784', 'human_address': '{""address"": """", ""city"": """", ""state"": """", ""zip"": """"}'}",1.08E+12,,,,,,,,,,,,,,,
5ea20728c2aeecdcc61c5493,M52425,8,otc alterations permit,2007-01-02T00:00:00.000,1255,076A,1339,Waller,St,sidewalk permit only.,issued,2007-01-02T00:00:00.000,2007-01-02T00:00:00.000,2007-01-02T00:00:00.000,,,0,,,,5,Haight Ashbury,94117,"{'latitude': '37.7690119286054', 'longitude': '-122.44576467121483', 'human_address': '{""address"": """", ""city"": """", ""state"": """", ""zip"": """"}'}",1.08E+11,,,,,,,,,,,,,,,
5ea20728c2aeecdcc61c5494,M52425,8,otc alterations permit,2007-01-02T00:00:00.000,1255,076A,1343,Waller,St,sidewalk permit only.,issued,2007-01-02T00:00:00.000,2007-01-02T00:00:00.000,2007-01-02T00:00:00.000,,,0,,,,5,Haight Ashbury,94117,"{'latitude': '37.7690119286054', 'longitude': '-122.44576467121483', 'human_address': '{""address"": """", ""city"": """", ""state"": """", ""zip"": """"}'}",1.08E+12,,,,,,,,,,,,,,,
5ea20728c2aeecdcc61c5495,M52426,8,otc alterations permit,2007-01-02T00:00:00.000,3636,8,2654,Mission,St,sidewalk permit only.,issued,2007-01-02T00:00:00.000,2007-01-02T00:00:00.000,2007-01-02T00:00:00.000,,,0,,,,9,Mission,94110,"{'latitude': '37.7545735054494', 'longitude': '-122.41902607233183', 'human_address': '{""address"": """", ""city"": """", ""state"": """", ""zip"": """"}'}",1.08E+12,,,,,,,,,,,,,,,
5ea20728c2aeecdcc61c5496,2.01E+11,8,otc alterations permit,2007-01-02T00:00:00.000,1844,2,1417,09th,Av,"remove exist bearing wall at 2nd floor. to install new steel beam under 3rd floor joists (span 21') use wood post. transmit to new footings (2' to 3' x 4'4""). and relocation kitchen per plan & add a new bathroom.",expired,2008-01-15T00:00:00.000,2007-01-02T00:00:00.000,2007-01-02T00:00:00.000,2007-07-02T00:00:00.000Z,18000,18000,apartments,apartments,2,7,Inner Sunset,94122,"{'latitude': '37.761742989599654', 'longitude': '-122.46648043059396', 'human_address': '{""address"": """", ""city"": """", ""state"": """", ""zip"": """"}'}",1.08E+12,0,2,2,3,3,5,wood frame (5),5,wood frame (5),,,,,,
5ea20728c2aeecdcc61c5497,2.01E+11,8,otc alterations permit,2007-01-02T00:00:00.000,5742,17,503,Crescent,Av,install subdrain system between 503 and 505 crescent ave. remove and replace walking on 503 property to correct drainage problem cited in nov. 200557343,complete,2007-06-08T00:00:00.000,2007-01-02T00:00:00.000,2007-01-02T00:00:00.000,2007-07-02T00:00:00.000Z,10000,10000,1 family dwelling,1 family dwelling,2,9,Bernal Heights,94110,"{'latitude': '37.73503707790747', 'longitude': '-122.41596416074883', 'human_address': '{""address"": """", ""city"": """", ""state"": """", ""zip"": """"}'}",1.08E+12,,2,2,1,1,5,wood frame (5),5,wood frame (5),2007-06-08T00:00:00.000,,,,,
5ea20728c2aeecdcc61c5498,M52427,8,otc alterations permit,2007-01-02T00:00:00.000,6570,5,3045,Mission,St,sidewalk permit only.,issued,2007-01-02T00:00:00.000,2007-01-02T00:00:00.000,2007-01-02T00:00:00.000,,,0,,,,9,Mission,94110,"{'latitude': '37.74843330214948', 'longitude': '-122.41775926793083', 'human_address': '{""address"": """", ""city"": """", ""state"": """", ""zip"": """"}'}",1.08E+12,,,,,,,,,,,,,,,
5ea20728c2aeecdcc61c5499,M52427,8,otc alterations permit,2007-01-02T00:00:00.000,6570,5,3049,Mission,St,sidewalk permit only.,issued,2007-01-02T00:00:00.000,2007-01-02T00:00:00.000,2007-01-02T00:00:00.000,,,0,,,,9,Mission,94110,"{'latitude': '37.74843330214948', 'longitude': '-122.41775926793083', 'human_address': '{""address"": """", ""city"": """", ""state"": """", ""zip"": """"}'}",1.08E+12,,,,,,,,,,,,,,,
5ea20728c2aeecdcc61c549a,M52429,8,otc alterations permit,2007-01-02T00:00:00.000,1392,12,201,32nd,Av,street space & sidewalk permit only.,issued,2007-01-02T00:00:00.000,2007-01-02T00:00:00.000,2007-01-02T00:00:00.000,,,0,,,,2,Seacliff,94121,"{'latitude': '37.78523879338199', 'longitude': '-122.4929907947534', 'human_address': '{""address"": """", ""city"": """", ""state"": """", ""zip"": """"}'}",1.08E+11,,,,,,,,,,,,,,,
5ea20728c2aeecdcc61c549b,M52428,8,otc alterations permit,2007-01-02T00:00:00.000,6571,18,3390,Cesar Chavez,St,street space & sidewalk permit only.,issued,2007-01-02T00:00:00.000,2007-01-02T00:00:00.000,2007-01-02T00:00:00.000,,,0,,,,9,Mission,94110,"{'latitude': '37.74837226873848', 'longitude': '-122.41760816244388', 'human_address': '{""address"": """", ""city"": """", ""state"": """", ""zip"": """"}'}",1.08E+12,,,,,,,,,,,,,,,
5ea20728c2aeecdcc61c549c,M52424,8,otc alterations permit,2007-01-02T00:00:00.000,3590,30,2243,Mission,St,sidewalk permit only.,issued,2007-01-02T00:00:00.000,2007-01-02T00:00:00.000,2007-01-02T00:00:00.000,,,0,,,,9,Mission,94110,"{'latitude': '37.761124797163426', 'longitude': '-122.4189355924377', 'human_address': '{""address"": """", ""city"": """", ""state"": """", ""zip"": """"}'}",1.08E+12,,,,,,,,,,,,,,,
5ea20728c2aeecdcc61c549d,M52430,8,otc alterations permit,2007-01-02T00:00:00.000,3590,29,2247,Mission,St,sidewalk permit only.,issued,2007-01-02T00:00:00.000,2007-01-02T00:00:00.000,2007-01-02T00:00:00.000,,,0,,,,9,Mission,94110,"{'latitude': '37.76104264388172', 'longitude': '-122.41892772743921', 'human_address': '{""address"": """", ""city"": """", ""state"": """", ""zip"": """"}'}",1.08E+12,,,,,,,,,,,,,,,
5ea20728c2aeecdcc61c549e,M52431,8,otc alterations permit,2007-01-02T00:00:00.000,3636,8,2654,Mission,St,sidewalk,issued,2007-01-02T00:00:00.000,2007-01-02T00:00:00.000,2007-01-02T00:00:00.000,,,0,,,,9,Mission,94110,"{'latitude': '37.7545735054494', 'longitude': '-122.41902607233183', 'human_address': '{""address"": """", ""city"": """", ""state"": """", ""zip"": """"}'}",1.08E+12,,,,,,,,,,,,,,,
5ea20728c2aeecdcc61c549f,2.01E+11,8,otc alterations permit,2007-01-02T00:00:00.000,2714,43,17,Seward,St,"remodel kitchen w/ new cabinets, counter tops. remodel master bathroom. install powder room in laundry closet. no structural changes. 50% of kitchen light wattage must be fluorescent, provide fluorescent or 0.5 in bathrooms. nov 200683011 pid-unrelated area/in building.",expired,2009-01-13T00:00:00.000,2007-01-02T00:00:00.000,2007-01-02T00:00:00.000,2008-01-02T00:00:00.000Z,30000,30000,2 family dwelling,2 family dwelling,2,8,Twin Peaks,94114,"{'latitude': '37.75766734979003', 'longitude': '-122.43949892036952', 'human_address': '{""address"": """", ""city"": """", ""state"": """", ""zip"": """"}'}",1.08E+12,,3,3,2,2,5,wood frame (5),5,wood frame (5),,,,,,
5ea20728c2aeecdcc61c54a0,M52442,8,otc alterations permit,2007-01-02T00:00:00.000,1281,6,1131,Cole,St,street space and sidewalk permit,issued,2007-01-02T00:00:00.000,2007-01-02T00:00:00.000,2007-01-02T00:00:00.000,,,0,,,,5,Haight Ashbury,94117,"{'latitude': '37.763534754805384', 'longitude': '-122.44980295107291', 'human_address': '{""address"": """", ""city"": """", ""state"": """", ""zip"": """"}'}",1.08E+11,,,,,,,,,,,,,,,
5ea20728c2aeecdcc61c54a1,M52442,8,otc alterations permit,2007-01-02T00:00:00.000,1281,6,1135,Cole,St,street space and sidewalk permit,issued,2007-01-02T00:00:00.000,2007-01-02T00:00:00.000,2007-01-02T00:00:00.000,,,0,,,,5,Haight Ashbury,94117,"{'latitude': '37.763534754805384', 'longitude': '-122.44980295107291', 'human_address': '{""address"": """", ""city"": """", ""state"": """", ""zip"": """"}'}",1.08E+12,,,,,,,,,,,,,,,
5ea20728c2aeecdcc61c54a2,M52443,8,otc alterations permit,2007-01-02T00:00:00.000,1312,25,880,El Camino Del Mar,,street space and sidewalk permit,issued,2007-01-02T00:00:00.000,2007-01-02T00:00:00.000,2007-01-02T00:00:00.000,,,0,,,,2,Lincoln Park,94121,"{'latitude': '37.787101614841035', 'longitude': '-122.4934453410517', 'human_address': '{""address"": """", ""city"": """", ""state"": """", ""zip"": """"}'}",1.08E+11,,,,,,,,,,,,,,,
5ea20728c2aeecdcc61c54a3,M52444,8,otc alterations permit,2007-01-02T00:00:00.000,489,30,2269,Chestnut,St,street space,issued,2007-01-02T00:00:00.000,2007-01-02T00:00:00.000,2007-01-02T00:00:00.000,,,0,,,,2,Marina,94123,"{'latitude': '37.79998014165884', 'longitude': '-122.440578620928', 'human_address': '{""address"": """", ""city"": """", ""state"": """", ""zip"": """"}'}",1.08E+11,,,,,,,,,,,,,,,
5ea20728c2aeecdcc61c54a4,M52445,8,otc alterations permit,2007-01-02T00:00:00.000,506,39,3132,Laguna,St,street space and sidewalk permit,issued,2007-01-02T00:00:00.000,2007-01-02T00:00:00.000,2007-01-02T00:00:00.000,,,0,,,,2,Marina,94123,"{'latitude': '37.80009191923437', 'longitude': '-122.43073188052868', 'human_address': '{""address"": """", ""city"": """", ""state"": """", ""zip"": """"}'}",1.08E+11,,,,,,,,,,,,,,,
5ea20728c2aeecdcc61c54a5,M52446,8,otc alterations permit,2007-01-02T00:00:00.000,755,11,1110,Steiner,St,streetspace and sidewalk,issued,2007-01-02T00:00:00.000,2007-01-02T00:00:00.000,2007-01-02T00:00:00.000,,,0,,,,5,Western Addition,94115,"{'latitude': '37.77976907245018', 'longitude': '-122.43348924901952', 'human_address': '{""address"": """", ""city"": """", ""state"": """", ""zip"": """"}'}",1.08E+11,,,,,,,,,,,,,,,
5ea20728c2aeecdcc61c54a6,2.01E+11,8,otc alterations permit,2007-01-02T00:00:00.000,7234,001B,708,Junipero Serra,Bl,reroofing,issued,2007-01-02T00:00:00.000,2007-01-02T00:00:00.000,2007-01-02T00:00:00.000,2007-07-02T00:00:00.000Z,11000,11000,1 family dwelling,1 family dwelling,0,7,West of Twin Peaks,94132,"{'latitude': '37.726378683869854', 'longitude': '-122.47265769223495', 'human_address': '{""address"": """", ""city"": """", ""state"": """", ""zip"": """"}'}",1.08E+12,,,,,,,,,,,,,,,
5ea20728c2aeecdcc61c54a7,2.01E+11,3,additions alterations or repairs,2007-01-02T00:00:00.000,173,2,649,Front,St,install 2 new roof top package heat pumps and convert to (e) duct work. sd's for each heat pump will be insulated on seperate permit application.,complete,2007-03-14T00:00:00.000,2007-01-02T00:00:00.000,2007-01-11T00:00:00.000,2007-07-11T00:00:00.000Z,16480,16480,office,office,2,3,Financial District/South Beach,94111,"{'latitude': '37.797478012762085', 'longitude': '-122.39998063644178', 'human_address': '{""address"": """", ""city"": """", ""state"": """", ""zip"": """"}'}",1.08E+12,,3,3,0,0,3,constr type 3,3,constr type 3,2007-03-14T00:00:00.000,,,,,
5ea20728c2aeecdcc61c54a8,M52447,8,otc alterations permit,2007-01-02T00:00:00.000,3587,76,12,Oakwood,St,street space permit,issued,2007-01-02T00:00:00.000,2007-01-02T00:00:00.000,2007-01-02T00:00:00.000,,,0,,,,8,Mission,94110,"{'latitude': '37.761282082616965', 'longitude': '-122.42513586650253', 'human_address': '{""address"": """", ""city"": """", ""state"": """", ""zip"": """"}'}",1.08E+12,0,,,,,,,,,,,,,,
5ea20728c2aeecdcc61c54a9,2.01E+11,8,otc alterations permit,2007-01-02T00:00:00.000,3612,9,2900,21st,St,"construction of bridge into rear yard (per variance #2006.025v) from 2nd flr of main bldng.  to roof of garage accesible by units 2 &3,  approved per pre-applic. meeting w/ ron tom & mario ballard",expired,2008-04-24T00:00:00.000,2007-01-02T00:00:00.000,2007-01-02T00:00:00.000,2007-07-02T00:00:00.000Z,8600,8600,apartments,apartments,2,9,Mission,94110,"{'latitude': '37.75764091875177', 'longitude': '-122.41258247302474', 'human_address': '{""address"": """", ""city"": """", ""state"": """", ""zip"": """"}'}",1.08E+12,,2,2,3,3,5,wood frame (5),5,wood frame (5),,,,,,
5ea20728c2aeecdcc61c54aa,2.01E+11,8,otc alterations permit,2007-01-02T00:00:00.000,3612,9,2904,21st,St,"construction of bridge into rear yard (per variance #2006.025v) from 2nd flr of main bldng.  to roof of garage accesible by units 2 &3,  approved per pre-applic. meeting w/ ron tom & mario ballard",expired,2008-04-24T00:00:00.000,2007-01-02T00:00:00.000,2007-01-02T00:00:00.000,2007-07-02T00:00:00.000Z,8600,8600,apartments,apartments,2,9,Mission,94110,"{'latitude': '37.75764091875177', 'longitude': '-122.41258247302474', 'human_address': '{""address"": """", ""city"": """", ""state"": """", ""zip"": """"}'}",1.08E+12,,2,2,3,3,5,wood frame (5),5,wood frame (5),,,,,,
5ea20728c2aeecdcc61c54ab,2.01E+11,8,otc alterations permit,2007-01-02T00:00:00.000,6778,28,1775,San Jose,Av,"remove all kitchen cabinets & counters tops & install new , install new vinyl floor covering. remove & installkitcen sink at same location.",complete,2007-04-13T00:00:00.000,2007-01-02T00:00:00.000,2007-01-02T00:00:00.000,2007-07-02T00:00:00.000Z,14000,14000,1 family dwelling,1 family dwelling,0,11,Outer Mission,94112,"{'latitude': '37.72912671619186', 'longitude': '-122.43915581159477', 'human_address': '{""address"": """", ""city"": """", ""state"": """", ""zip"": """"}'}",1.08E+12,,2,2,1,1,5,wood frame (5),5,wood frame (5),2007-04-13T00:00:00.000,,,,,
5ea20728c2aeecdcc61c54ac,M52449,8,otc alterations permit,2007-01-02T00:00:00.000,1339,007A,1816,Lake,St,street space permit,issued,2007-01-02T00:00:00.000,2007-01-02T00:00:00.000,2007-01-02T00:00:00.000,,,0,,,,2,Seacliff,94121,"{'latitude': '37.786267641346235', 'longitude': '-122.47911200378202', 'human_address': '{""address"": """", ""city"": """", ""state"": """", ""zip"": """"}'}",1.08E+11,,,,,,,,,,,,,,,
5ea20728c2aeecdcc61c54ad,2.01E+11,3,additions alterations or repairs,2007-01-02T00:00:00.000,2936A,16,49,Rockaway,Av,rev. to applic. #2006/04/03/8099: straightening out rear facade as well as additional square footage on the first floor.,complete,2008-05-08T00:00:00.000,2007-01-02T00:00:00.000,2008-03-27T00:00:00.000,2008-07-27T00:00:00.000Z,5000,5000,1 family dwelling,1 family dwelling,2,7,West of Twin Peaks,94127,"{'latitude': '37.7434090966524', 'longitude': '-122.45762330469925', 'human_address': '{""address"": """", ""city"": """", ""state"": """", ""zip"": """"}'}",1.08E+12,,3,3,1,1,5,wood frame (5),5,wood frame (5),2008-05-08T00:00:00.000,Y,Y,,,
5ea20728c2aeecdcc61c54ae,M52462,8,otc alterations permit,2007-01-02T00:00:00.000,3587,5,624,Guerrero,St,street space,issued,2007-01-02T00:00:00.000,2007-01-02T00:00:00.000,2007-01-02T00:00:00.000,,,0,,,,8,Mission,94110,"{'latitude': '37.761067356915696', 'longitude': '-122.42406325249024', 'human_address': '{""address"": """", ""city"": """", ""state"": """", ""zip"": """"}'}",1.08E+12,,,,,,,,,,,,,,,
5ea20728c2aeecdcc61c54af,M52462,8,otc alterations permit,2007-01-02T00:00:00.000,3587,5,628,Guerrero,St,street space,issued,2007-01-02T00:00:00.000,2007-01-02T00:00:00.000,2007-01-02T00:00:00.000,,,0,,,,8,Mission,94110,"{'latitude': '37.761067356915696', 'longitude': '-122.42406325249024', 'human_address': '{""address"": """", ""city"": """", ""state"": """", ""zip"": """"}'}",1.08E+12,,,,,,,,,,,,,,,
5ea20728c2aeecdcc61c54b0,2.01E+11,8,otc alterations permit,2007-01-02T00:00:00.000,7550,31,333,Addison,St,explore for dry rot back wall. approx 100 sq. ft affected.,complete,2007-01-12T00:00:00.000,2007-01-02T00:00:00.000,2007-01-02T00:00:00.000,2007-05-02T00:00:00.000Z,5000,5000,1 family dwelling,1 family dwelling,0,8,Glen Park,94131,"{'latitude': '37.73992689728953', 'longitude': '-122.43469595547313', 'human_address': '{""address"": """", ""city"": """", ""state"": """", ""zip"": """"}'}",1.08E+12,,2,2,1,1,5,wood frame (5),5,wood frame (5),2007-01-12T00:00:00.000,,,,,
5ea20728c2aeecdcc61c54b1,2.01E+11,8,otc alterations permit,2007-01-02T00:00:00.000,6074,11,945,Persia,Av,revised permit #200610135017 to include the fence legalization as mentioned on nov#200670976 y revised deck framing dist  size,complete,2007-02-23T00:00:00.000,2007-01-02T00:00:00.000,2007-01-02T00:00:00.000,2007-05-02T00:00:00.000Z,1,3000,1 family dwelling,1 family dwelling,2,11,Excelsior,94112,"{'latitude': '37.719579817616456', 'longitude': '-122.42798920948817', 'human_address': '{""address"": """", ""city"": """", ""state"": """", ""zip"": """"}'}",1.08E+12,,2,2,1,1,5,wood frame (5),5,wood frame (5),2007-02-23T00:00:00.000,,,,,
5ea20728c2aeecdcc61c54b2,M52482,8,otc alterations permit,2007-01-02T00:00:00.000,3753,177,920,Harrison,St,street space permit,issued,2007-01-02T00:00:00.000,2007-01-02T00:00:00.000,2007-01-02T00:00:00.000,,,0,,,,6,South of Market,94107,"{'latitude': '37.7787852565061', 'longitude': '-122.40256006222887', 'human_address': '{""address"": """", ""city"": """", ""state"": """", ""zip"": """"}'}",1.08E+12,1,,,,,,,,,,,,,,
5ea20728c2aeecdcc61c54b3,M52483,8,otc alterations permit,2007-01-02T00:00:00.000,1765,2,1319,10th,Av,sidewalk repair,issued,2007-01-02T00:00:00.000,2007-01-02T00:00:00.000,2007-01-02T00:00:00.000,,,0,,,,5,Inner Sunset,94122,"{'latitude': '37.763559151834365', 'longitude': '-122.4676808286765', 'human_address': '{""address"": """", ""city"": """", ""state"": """", ""zip"": """"}'}",1.08E+12,0,,,,,,,,,,,,,,
5ea20728c2aeecdcc61c54b4,2.01E+11,8,otc alterations permit,2007-01-02T00:00:00.000,257,12,600,Stockton,St,adding new sprinkler to existing room that has new wall added (fire sprinkler) (3rd floor),expired,2009-04-07T00:00:00.000,2007-01-02T00:00:00.000,2007-01-02T00:00:00.000,2007-05-02T00:00:00.000Z,1500,1500,apartments,apartments,2,3,Financial District/South Beach,94108,"{'latitude': '37.791840603110046', 'longitude': '-122.40683734317086', 'human_address': '{""address"": """", ""city"": """", ""state"": """", ""zip"": """"}'}",1.08E+12,,9,9,350,350,1,constr type 1,1,constr type 1,,,,,,
5ea20728c2aeecdcc61c54b5,M52502,8,otc alterations permit,2007-01-02T00:00:00.000,6528,023A,2965,Mission,St,sidewalk permit only.,issued,2007-01-02T00:00:00.000,2007-01-02T00:00:00.000,2007-01-02T00:00:00.000,,,0,,,,9,Mission,94110,"{'latitude': '37.74967596355268', 'longitude': '-122.41785270807726', 'human_address': '{""address"": """", ""city"": """", ""state"": """", ""zip"": """"}'}",1.08E+12,,,,,,,,,,,,,,,
5ea20728c2aeecdcc61c54b6,2.01E+11,8,otc alterations permit,2007-01-02T00:00:00.000,1234,33,1337,Page,St,replace dry rot on top landing of stairs. approximately 50 sq. ft. replace planks in landing. deck boards only.,expired,2008-05-07T00:00:00.000,2007-01-02T00:00:00.000,2007-01-02T00:00:00.000,2007-05-02T00:00:00.000Z,600,600,apartments,apartments,0,5,Haight Ashbury,94117,"{'latitude': '37.771201931056055', 'longitude': '-122.44281589826852', 'human_address': '{""address"": """", ""city"": """", ""state"": """", ""zip"": """"}'}",1.08E+11,,3,3,6,6,5,wood frame (5),5,wood frame (5),,,,,,
5ea20728c2aeecdcc61c54b7,2.01E+11,8,otc alterations permit,2007-01-02T00:00:00.000,294,1,301,Sutter,St,"basement: demo of (e) storage shelving and (e) toilet room, g/f: demo of (e) counters and fixtures, demo of (e) partitions and floor finishes non structural/demo permit #200610306364",complete,2007-04-25T00:00:00.000,2007-01-02T00:00:00.000,2007-01-02T00:00:00.000,2007-07-02T00:00:00.000Z,10000,10000,retail sales,retail sales,2,3,Financial District/South Beach,94108,"{'latitude': '37.78948309405725', 'longitude': '-122.40555056772713', 'human_address': '{""address"": """", ""city"": """", ""state"": """", ""zip"": """"}'}",1.08E+11,,3,3,0,0,3,constr type 3,3,constr type 3,2007-04-25T00:00:00.000,,,,,
5ea20728c2aeecdcc61c54b8,2.01E+11,8,otc alterations permit,2007-01-02T00:00:00.000,294,1,303,Sutter,St,"basement: demo of (e) storage shelving and (e) toilet room, g/f: demo of (e) counters and fixtures, demo of (e) partitions and floor finishes non structural/demo permit #200610306364",complete,2007-04-25T00:00:00.000,2007-01-02T00:00:00.000,2007-01-02T00:00:00.000,2007-07-02T00:00:00.000Z,10000,10000,retail sales,retail sales,2,3,Financial District/South Beach,94108,"{'latitude': '37.78948309405725', 'longitude': '-122.40555056772713', 'human_address': '{""address"": """", ""city"": """", ""state"": """", ""zip"": """"}'}",1.08E+12,,3,3,0,0,3,constr type 3,3,constr type 3,2007-04-25T00:00:00.000,,,,,
5ea20728c2aeecdcc61c54b9,M52522,8,otc alterations permit,2007-01-02T00:00:00.000,1275,59,350,Parnassus,Av,street space permit only.,issued,2007-01-02T00:00:00.000,2007-01-02T00:00:00.000,2007-01-02T00:00:00.000,,,0,,,,5,Inner Sunset,94117,"{'latitude': '37.764209952786146', 'longitude': '-122.45624770201354', 'human_address': '{""address"": """", ""city"": """", ""state"": """", ""zip"": """"}'}",1.08E+11,,,,,,,,,,,,,,,
5ea20728c2aeecdcc61c54ba,2.01E+11,8,otc alterations permit,2007-01-02T00:00:00.000,5410,14,42,Williams,Av,revised foundation plan and new retaining (short) walls at rear of building.,complete,2007-05-30T00:00:00.000,2007-01-02T00:00:00.000,2007-01-02T00:00:00.000,2007-07-02T00:00:00.000Z,8000,8000,2 family dwelling,2 family dwelling,2,10,Bayview Hunters Point,94124,"{'latitude': '37.72969653042299', 'longitude': '-122.39384577187312', 'human_address': '{""address"": """", ""city"": """", ""state"": """", ""zip"": """"}'}",1.08E+12,,3,3,2,2,5,wood frame (5),5,wood frame (5),2007-05-30T00:00:00.000,,,,,
5ea20728c2aeecdcc61c54bb,2.01E+11,8,otc alterations permit,2007-01-02T00:00:00.000,24,4,708,North Point,St,renew pa# 2001/05/23/9862 & pa# 2001/06/07/1036.,complete,2007-07-16T00:00:00.000,2007-01-02T00:00:00.000,2007-01-02T00:00:00.000,2007-05-02T00:00:00.000Z,3000,3000,apartments,apartments,0,,,,,1.08E+11,,3,3,3,3,5,wood frame (5),5,wood frame (5),2007-07-16T00:00:00.000,,,,,
5ea20728c2aeecdcc61c54bc,2.01E+11,4,sign - erect,2007-01-02T00:00:00.000,346,1,155,Hyde,St,to erect a single-faced non-electric wall sign,complete,2007-02-09T00:00:00.000,2007-01-02T00:00:00.000,2007-01-02T00:00:00.000,2007-05-02T00:00:00.000Z,,1400,retail sales,,2,6,Tenderloin,94102,"{'latitude': '37.78235034111151', 'longitude': '-122.41587492116783', 'human_address': '{""address"": """", ""city"": """", ""state"": """", ""zip"": """"}'}",1.08E+12,,,,,,,,,,2007-02-09T00:00:00.000,,,,,
5ea20728c2aeecdcc61c54bd,2.01E+11,3,additions alterations or repairs,2007-01-02T00:00:00.000,2803,2,4120,23rd,St,adding one bedroom with new bath at penthouse as per plan.,withdrawn,2008-06-06T00:00:00.000,2007-01-02T00:00:00.000,,,30000,,2 family dwelling,2 family dwelling,2,8,Noe Valley,94114,"{'latitude': '37.75310346399909', 'longitude': '-122.4348093727651', 'human_address': '{""address"": """", ""city"": """", ""state"": """", ""zip"": """"}'}",1.08E+12,,2,3,2,2,5,wood frame (5),5,wood frame (5),,Y,Y,,,
5ea20728c2aeecdcc61c54be,2.01E+11,3,additions alterations or repairs,2007-01-02T00:00:00.000,2803,2,4122,23rd,St,adding one bedroom with new bath at penthouse as per plan.,withdrawn,2008-06-06T00:00:00.000,2007-01-02T00:00:00.000,,,30000,,2 family dwelling,2 family dwelling,2,8,Noe Valley,94114,"{'latitude': '37.75310346399909', 'longitude': '-122.4348093727651', 'human_address': '{""address"": """", ""city"": """", ""state"": """", ""zip"": """"}'}",1.08E+12,,2,3,2,2,5,wood frame (5),5,wood frame (5),,Y,Y,,,
5ea20728c2aeecdcc61c54bf,2.01E+11,8,otc alterations permit,2007-01-02T00:00:00.000,779,20,950,Steiner,St,replace extg wall to new fire wall and replace extg wndw with new glass block as per plan.,expired,2008-06-02T00:00:00.000,2007-01-02T00:00:00.000,2007-01-02T00:00:00.000,2007-05-02T00:00:00.000Z,1000,1000,apartments,apartments,2,5,Western Addition,94117,"{'latitude': '37.778232788241596', 'longitude': '-122.43319066648293', 'human_address': '{""address"": """", ""city"": """", ""state"": """", ""zip"": """"}'}",1.08E+11,,4,4,6,6,5,wood frame (5),5,wood frame (5),,,,,,
5ea20729c2aeecdcc61c54c0,M52563,8,otc alterations permit,2007-01-03T00:00:00.000,296,6,400,Post,St,street space,issued,2007-01-03T00:00:00.000,2007-01-03T00:00:00.000,2007-01-03T00:00:00.000,,,0,,,,3,Nob Hill,94102,"{'latitude': '37.7885124308055', 'longitude': '-122.40881241187822', 'human_address': '{""address"": """", ""city"": """", ""state"": """", ""zip"": """"}'}",1.08E+12,0,,,,,,,,,,,,,,
5ea20729c2aeecdcc61c54c1,M52585,8,otc alterations permit,2007-01-03T00:00:00.000,1013,14,3880,Sacramento,St,street space permit,issued,2007-01-03T00:00:00.000,2007-01-03T00:00:00.000,2007-01-03T00:00:00.000,,,0,,,,2,Presidio Heights,94118,"{'latitude': '37.78720305442757', 'longitude': '-122.45655278739959', 'human_address': '{""address"": """", ""city"": """", ""state"": """", ""zip"": """"}'}",1.08E+11,,,,,,,,,,,,,,,
5ea20729c2aeecdcc61c54c2,2.01E+11,8,otc alterations permit,2007-01-03T00:00:00.000,5667,5,223,Bocana,St,reroofing,issued,2007-01-03T00:00:00.000,2007-01-03T00:00:00.000,2007-01-03T00:00:00.000,2007-07-03T00:00:00.000Z,7880,7880,1 family dwelling,1 family dwelling,0,9,Bernal Heights,94110,"{'latitude': '37.74002300906008', 'longitude': '-122.41789105755952', 'human_address': '{""address"": """", ""city"": """", ""state"": """", ""zip"": """"}'}",1.08E+12,,,,,,,,,,,,,,,
5ea20729c2aeecdcc61c54c3,2.01E+11,8,otc alterations permit,2007-01-03T00:00:00.000,829,2,535,Buchanan,St,reroofing,issued,2007-01-03T00:00:00.000,2007-01-03T00:00:00.000,2007-01-03T00:00:00.000,2007-07-03T00:00:00.000Z,7480,7480,1 family dwelling,1 family dwelling,0,5,Hayes Valley,94102,"{'latitude': '37.774980361990345', 'longitude': '-122.42787104822868', 'human_address': '{""address"": """", ""city"": """", ""state"": """", ""zip"": """"}'}",1.08E+11,,,,,,,,,,,,,,,
5ea20729c2aeecdcc61c54c4,2.01E+11,8,otc alterations permit,2007-01-03T00:00:00.000,517,23,32,Pixley,St,repair extg stairs at front(less than 50%),issued,2007-01-03T00:00:00.000,2007-01-03T00:00:00.000,2007-01-03T00:00:00.000,2007-05-03T00:00:00.000Z,3000,3000,2 family dwelling,2 family dwelling,0,2,Marina,94123,"{'latitude': '37.79893945080456', 'longitude': '-122.43310292006439', 'human_address': '{""address"": """", ""city"": """", ""state"": """", ""zip"": """"}'}",1.08E+11,,3,3,2,2,5,wood frame (5),5,wood frame (5),,,,,,
5ea20729c2aeecdcc61c54c5,2.01E+11,8,otc alterations permit,2007-01-03T00:00:00.000,517,23,34,Pixley,St,repair extg stairs at front(less than 50%),issued,2007-01-03T00:00:00.000,2007-01-03T00:00:00.000,2007-01-03T00:00:00.000,2007-05-03T00:00:00.000Z,3000,3000,2 family dwelling,2 family dwelling,0,2,Marina,94123,"{'latitude': '37.79893945080456', 'longitude': '-122.43310292006439', 'human_address': '{""address"": """", ""city"": """", ""state"": """", ""zip"": """"}'}",1.08E+12,,3,3,2,2,5,wood frame (5),5,wood frame (5),,,,,,
5ea20729c2aeecdcc61c54c6,2.01E+11,8,otc alterations permit,2007-01-03T00:00:00.000,1302,18,22,25th,Av,dry rot repair at rear 200 sq ft(no structural changes),complete,2007-05-22T00:00:00.000,2007-01-03T00:00:00.000,2007-01-03T00:00:00.000,2007-07-03T00:00:00.000Z,12000,12000,1 family dwelling,1 family dwelling,0,2,Presidio,94121,"{'latitude': '37.789121015548126', 'longitude': '-122.48433083167862', 'human_address': '{""address"": """", ""city"": """", ""state"": """", ""zip"": """"}'}",1.08E+11,,2,2,1,1,5,wood frame (5),5,wood frame (5),2007-05-22T00:00:00.000,,,,,
5ea20729c2aeecdcc61c54c7,2.01E+11,8,otc alterations permit,2007-01-03T00:00:00.000,1621,40,704,24th,Av,"removed old roof, reroofing, install base sheet underlayament, install modified bitumen",complete,2019-01-08T00:00:00.000,2007-01-03T00:00:00.000,2007-01-03T00:00:00.000,2007-05-03T00:00:00.000Z,980,980,2 family dwelling,2 family dwelling,0,1,Outer Richmond,94121,"{'latitude': '37.776154617942495', 'longitude': '-122.4832111530609', 'human_address': '{""address"": """", ""city"": """", ""state"": """", ""zip"": """"}'}",1.08E+12,,2,2,2,2,5,wood frame (5),5,wood frame (5),2019-01-08T00:00:00.000,,,,,
5ea20729c2aeecdcc61c54c8,2.01E+11,8,otc alterations permit,2007-01-03T00:00:00.000,1282,17,1160,Stanyan,St,replace kchn cabinets. no lighting changes,complete,2007-01-25T00:00:00.000,2007-01-03T00:00:00.000,2007-01-03T00:00:00.000,2007-07-03T00:00:00.000Z,10000,10000,2 family dwelling,2 family dwelling,0,5,Haight Ashbury,94117,"{'latitude': '37.763145674772474', 'longitude': '-122.45199195297425', 'human_address': '{""address"": """", ""city"": """", ""state"": """", ""zip"": """"}'}",1.08E+11,,2,2,2,2,5,wood frame (5),5,wood frame (5),2007-01-25T00:00:00.000,,,,,
5ea20729c2aeecdcc61c54c9,2.01E+11,8,otc alterations permit,2007-01-03T00:00:00.000,6632,105,363,29th,St,voluntary seismic improvements at lowest story (basement/garage) only,complete,2009-02-20T00:00:00.000,2007-01-03T00:00:00.000,2007-01-03T00:00:00.000,2007-07-03T00:00:00.000Z,23500,23500,2 family dwelling,2 family dwelling,2,8,Noe Valley,94131,"{'latitude': '37.7434170291277', 'longitude': '-122.42814506450108', 'human_address': '{""address"": """", ""city"": """", ""state"": """", ""zip"": """"}'}",1.08E+12,0,2,2,2,2,5,wood frame (5),5,wood frame (5),2009-02-20T00:00:00.000,,,,,
5ea20729c2aeecdcc61c54ca,2.01E+11,8,otc alterations permit,2007-01-03T00:00:00.000,6632,104,361,29th,St,voluntary seismic improvements at lowest story (basement/garage) only,complete,2009-02-20T00:00:00.000,2007-01-03T00:00:00.000,2007-01-03T00:00:00.000,2007-07-03T00:00:00.000Z,23500,23500,2 family dwelling,2 family dwelling,2,8,Noe Valley,94131,"{'latitude': '37.7434170291277', 'longitude': '-122.42814506450108', 'human_address': '{""address"": """", ""city"": """", ""state"": """", ""zip"": """"}'}",1.08E+12,0,2,2,2,2,5,wood frame (5),5,wood frame (5),2009-02-20T00:00:00.000,,,,,
5ea20729c2aeecdcc61c54cb,2.01E+11,8,otc alterations permit,2007-01-03T00:00:00.000,1621,40,706,24th,Av,"removed old roof, reroofing, install base sheet underlayament, install modified bitumen",complete,2019-01-08T00:00:00.000,2007-01-03T00:00:00.000,2007-01-03T00:00:00.000,2007-05-03T00:00:00.000Z,980,980,2 family dwelling,2 family dwelling,0,1,Outer Richmond,94121,"{'latitude': '37.776154617942495', 'longitude': '-122.4832111530609', 'human_address': '{""address"": """", ""city"": """", ""state"": """", ""zip"": """"}'}",1.08E+12,,2,2,2,2,5,wood frame (5),5,wood frame (5),2019-01-08T00:00:00.000,,,,,
5ea20729c2aeecdcc61c54cc,2.01E+11,3,additions alterations or repairs,2007-01-03T00:00:00.000,231,23,2,Embarcadero Center,,"oti-1, boston consulting grp, 24/fl, el, me, l/s, sp.",complete,2007-07-26T00:00:00.000,2007-01-03T00:00:00.000,2007-01-30T00:00:00.000,2009-01-30T00:00:00.000Z,635000,746170,office,office,2,3,Financial District/South Beach,94111,"{'latitude': '37.79479859387513', 'longitude': '-122.39847275186533', 'human_address': '{""address"": """", ""city"": """", ""state"": """", ""zip"": """"}'}",1.08E+11,,28,28,0,0,1,constr type 1,1,constr type 1,2007-07-26T00:00:00.000,,,,,
5ea20729c2aeecdcc61c54cd,M52562,8,otc alterations permit,2007-01-03T00:00:00.000,3702,31,84,07th,St,street space permit,issued,2007-01-03T00:00:00.000,2007-01-03T00:00:00.000,2007-01-03T00:00:00.000,,,0,,,,6,South of Market,94103,"{'latitude': '37.77921556141061', 'longitude': '-122.41133424577785', 'human_address': '{""address"": """", ""city"": """", ""state"": """", ""zip"": """"}'}",1.08E+12,,,,,,,,,,,,,,,
5ea20729c2aeecdcc61c54ce,2.01E+11,8,otc alterations permit,2007-01-03T00:00:00.000,3583,81,4039,18th,St,"pa# 2004/01/12/3824 correct address from 4039-18th st to ""4039-18th st(restaurant); 4041-18th st(apt) 4041a-18th st (apt)",complete,2007-01-04T00:00:00.000,2007-01-03T00:00:00.000,2007-01-03T00:00:00.000,2007-05-03T00:00:00.000Z,1,1,1 family dwelling,2 family dwelling,0,8,Castro/Upper Market,94114,"{'latitude': '37.76077879399695', 'longitude': '-122.43364712416276', 'human_address': '{""address"": """", ""city"": """", ""state"": """", ""zip"": """"}'}",1.08E+12,,2,3,1,2,5,wood frame (5),5,wood frame (5),2007-01-04T00:00:00.000,,,,,
5ea20729c2aeecdcc61c54cf,2.01E+11,8,otc alterations permit,2007-01-03T00:00:00.000,3583,81,4041,18th,St,"pa# 2004/01/12/3824 correct address from 4039-18th st to ""4039-18th st(restaurant); 4041-18th st(apt) 4041a-18th st (apt)",complete,2007-01-04T00:00:00.000,2007-01-03T00:00:00.000,2007-01-03T00:00:00.000,2007-05-03T00:00:00.000Z,1,1,1 family dwelling,2 family dwelling,0,8,Castro/Upper Market,94114,"{'latitude': '37.76077879399695', 'longitude': '-122.43364712416276', 'human_address': '{""address"": """", ""city"": """", ""state"": """", ""zip"": """"}'}",1.08E+12,,2,3,1,2,5,wood frame (5),5,wood frame (5),2007-01-04T00:00:00.000,,,,,
5ea20729c2aeecdcc61c54d0,2.01E+11,8,otc alterations permit,2007-01-03T00:00:00.000,3583,81,4041,18th,St,"pa# 2004/01/12/3824 correct address from 4039-18th st to ""4039-18th st(restaurant); 4041-18th st(apt) 4041a-18th st (apt)",complete,2007-01-04T00:00:00.000,2007-01-03T00:00:00.000,2007-01-03T00:00:00.000,2007-05-03T00:00:00.000Z,1,1,1 family dwelling,2 family dwelling,0,8,Castro/Upper Market,94114,"{'latitude': '37.76077879399695', 'longitude': '-122.43364712416276', 'human_address': '{""address"": """", ""city"": """", ""state"": """", ""zip"": """"}'}",1.08E+12,,2,3,1,2,5,wood frame (5),5,wood frame (5),2007-01-04T00:00:00.000,,,A,,
5ea20729c2aeecdcc61c54d1,2.01E+11,8,otc alterations permit,2007-01-03T00:00:00.000,740,9,620,Eddy,St,"apt# 25, kitchen & bathroom remodel. apt# 43, kitchen & bathroom remodel. no structural. no lighting work on both.",complete,2007-05-09T00:00:00.000,2007-01-03T00:00:00.000,2007-01-03T00:00:00.000,2007-07-03T00:00:00.000Z,25000,25000,apartments,apartments,0,6,Tenderloin,94109,"{'latitude': '37.7835060196071', 'longitude': '-122.41808025881474', 'human_address': '{""address"": """", ""city"": """", ""state"": """", ""zip"": """"}'}",1.08E+11,,6,6,34,34,1,constr type 1,1,constr type 1,2007-05-09T00:00:00.000,,,,,
5ea20729c2aeecdcc61c54d2,2.01E+11,8,otc alterations permit,2007-01-03T00:00:00.000,321,38,725,Ofarrell,St,"apt# 48, kitchen & bathroom remodel. no structural. no lighting work. comply with his nov# 200685691.",complete,2007-05-21T00:00:00.000,2007-01-03T00:00:00.000,2007-01-03T00:00:00.000,2007-07-03T00:00:00.000Z,15000,15000,apartments,apartments,0,6,Tenderloin,94109,"{'latitude': '37.785038372434045', 'longitude': '-122.4167052215627', 'human_address': '{""address"": """", ""city"": """", ""state"": """", ""zip"": """"}'}",1.08E+11,,6,6,31,31,5,wood frame (5),5,wood frame (5),2007-05-21T00:00:00.000,,,,,
5ea20729c2aeecdcc61c54d3,M52542,8,otc alterations permit,2007-01-03T00:00:00.000,3583,81,4039,18th,St,verification and additional address,issued,2007-01-03T00:00:00.000,2007-01-03T00:00:00.000,2007-01-03T00:00:00.000,,,0,,,,8,Castro/Upper Market,94114,"{'latitude': '37.76077879399695', 'longitude': '-122.43364712416276', 'human_address': '{""address"": """", ""city"": """", ""state"": """", ""zip"": """"}'}",1.08E+12,,,,,,,,,,,,,,,
5ea20729c2aeecdcc61c54d4,M52542,8,otc alterations permit,2007-01-03T00:00:00.000,3583,81,4041,18th,St,verification and additional address,issued,2007-01-03T00:00:00.000,2007-01-03T00:00:00.000,2007-01-03T00:00:00.000,,,0,,,,8,Castro/Upper Market,94114,"{'latitude': '37.76077879399695', 'longitude': '-122.43364712416276', 'human_address': '{""address"": """", ""city"": """", ""state"": """", ""zip"": """"}'}",1.08E+12,,,,,,,,,,,,,,,
5ea20729c2aeecdcc61c54d5,M52542,8,otc alterations permit,2007-01-03T00:00:00.000,3583,81,4041,18th,St,verification and additional address,issued,2007-01-03T00:00:00.000,2007-01-03T00:00:00.000,2007-01-03T00:00:00.000,,,0,,,,8,Castro/Upper Market,94114,"{'latitude': '37.76077879399695', 'longitude': '-122.43364712416276', 'human_address': '{""address"": """", ""city"": """", ""state"": """", ""zip"": """"}'}",1.08E+12,,,,,,,,,,,,,A,,
5ea20729c2aeecdcc61c54d6,M52543,8,otc alterations permit,2007-01-03T00:00:00.000,6593,23,1509,Church,St,street space & sidewalk permit only.,issued,2007-01-03T00:00:00.000,2007-01-03T00:00:00.000,2007-01-03T00:00:00.000,,,0,,,,8,Noe Valley,94131,"{'latitude': '37.74665132768645', 'longitude': '-122.4266659825892', 'human_address': '{""address"": """", ""city"": """", ""state"": """", ""zip"": """"}'}",1.08E+12,,,,,,,,,,,,,,,
5ea20729c2aeecdcc61c54d7,M52544,8,otc alterations permit,2007-01-03T00:00:00.000,1473,4,7750,Geary,Bl,sidewalk permit only.,issued,2007-01-03T00:00:00.000,2007-01-03T00:00:00.000,2007-01-03T00:00:00.000,,,0,,,,1,Outer Richmond,94121,"{'latitude': '37.77980557137059', 'longitude': '-122.50273151308741', 'human_address': '{""address"": """", ""city"": """", ""state"": """", ""zip"": """"}'}",1.08E+12,,,,,,,,,,,,,,,
5ea20729c2aeecdcc61c54d8,2.01E+11,8,otc alterations permit,2007-01-03T00:00:00.000,233,44,4,Embarcadero Center,,17/fl. tenant improvements-build new wiring closet remodel existing fax room and build new av wall in conf. room. no increase in office space.,complete,2007-07-06T00:00:00.000,2007-01-03T00:00:00.000,2007-01-03T00:00:00.000,2008-01-03T00:00:00.000Z,35000,35000,office,office,2,3,Financial District/South Beach,94111,"{'latitude': '37.79506002552974', 'longitude': '-122.39593224461805', 'human_address': '{""address"": """", ""city"": """", ""state"": """", ""zip"": """"}'}",1.08E+11,,44,44,0,0,1,constr type 1,1,constr type 1,2007-07-06T00:00:00.000,,,,,
5ea20729c2aeecdcc61c54d9,2.01E+11,8,otc alterations permit,2007-01-03T00:00:00.000,233,44,4,Embarcadero Center,,16th floor - tenant improvements- upgrade existing equipment room for new equipment & add new wiring closet. no increase in office space. mechanical under separate permit.,complete,2007-07-06T00:00:00.000,2007-01-03T00:00:00.000,2007-01-03T00:00:00.000,2008-01-03T00:00:00.000Z,65000,65000,office,office,2,3,Financial District/South Beach,94111,"{'latitude': '37.79506002552974', 'longitude': '-122.39593224461805', 'human_address': '{""address"": """", ""city"": """", ""state"": """", ""zip"": """"}'}",1.08E+11,,44,44,0,0,1,constr type 1,1,constr type 1,2007-07-06T00:00:00.000,,,,,
5ea20729c2aeecdcc61c54da,M52545,8,otc alterations permit,2007-01-03T00:00:00.000,3641,23,3182,24th,St,sidewalk permit only.,issued,2007-01-03T00:00:00.000,2007-01-03T00:00:00.000,2007-01-03T00:00:00.000,,,0,,,,9,Mission,94110,"{'latitude': '37.7525173058029', 'longitude': '-122.41596989133278', 'human_address': '{""address"": """", ""city"": """", ""state"": """", ""zip"": """"}'}",1.08E+12,,,,,,,,,,,,,,,
5ea20729c2aeecdcc61c54db,M52545,8,otc alterations permit,2007-01-03T00:00:00.000,3641,23,3198,24th,St,sidewalk permit only.,issued,2007-01-03T00:00:00.000,2007-01-03T00:00:00.000,2007-01-03T00:00:00.000,,,0,,,,9,Mission,94110,"{'latitude': '37.7525173058029', 'longitude': '-122.41596989133278', 'human_address': '{""address"": """", ""city"": """", ""state"": """", ""zip"": """"}'}",1.08E+12,0,,,,,,,,,,,,,,
5ea20729c2aeecdcc61c54dc,2.01E+11,8,otc alterations permit,2007-01-03T00:00:00.000,233,44,4,Embarcadero Center,,18th floor - tenant improvements - build new wiring closet. no increase in office space.,complete,2007-09-20T00:00:00.000,2007-01-03T00:00:00.000,2007-01-03T00:00:00.000,2008-01-03T00:00:00.000Z,28000,28000,office,office,2,3,Financial District/South Beach,94111,"{'latitude': '37.79506002552974', 'longitude': '-122.39593224461805', 'human_address': '{""address"": """", ""city"": """", ""state"": """", ""zip"": """"}'}",1.08E+11,,44,44,0,0,1,constr type 1,1,constr type 1,2007-09-20T00:00:00.000,,,,,
5ea20729c2aeecdcc61c54dd,2.01E+11,8,otc alterations permit,2007-01-03T00:00:00.000,7210,11,76,Inverness,Dr,reroofing.,complete,2007-07-16T00:00:00.000,2007-01-03T00:00:00.000,2007-01-03T00:00:00.000,2007-07-03T00:00:00.000Z,8345,8345,1 family dwelling,1 family dwelling,0,7,Sunset/Parkside,94132,"{'latitude': '37.73288942772379', 'longitude': '-122.48251750732457', 'human_address': '{""address"": """", ""city"": """", ""state"": """", ""zip"": """"}'}",1.08E+12,,,,,,,,,,2007-07-16T00:00:00.000,,,,,
5ea20729c2aeecdcc61c54de,2.01E+11,8,otc alterations permit,2007-01-03T00:00:00.000,550,020A,2344,Van Ness,Av,"work @ apt# 4 only. remodel kitchen & bath. sheetrock. kitchen, bath, living rooms. (electrical, plumbing work under separate permits).",complete,2007-09-20T00:00:00.000,2007-01-03T00:00:00.000,2007-01-03T00:00:00.000,2007-07-03T00:00:00.000Z,18000,18000,apartments,apartments,0,3,Russian Hill,94109,"{'latitude': '37.797287852178265', 'longitude': '-122.42334139652708', 'human_address': '{""address"": """", ""city"": """", ""state"": """", ""zip"": """"}'}",1.08E+11,,3,3,9,9,5,wood frame (5),5,wood frame (5),2007-09-20T00:00:00.000,,,,,
5ea20729c2aeecdcc61c54df,M52546,8,otc alterations permit,2007-01-03T00:00:00.000,2614,88,167,Beaver,St,street space,issued,2007-01-03T00:00:00.000,2007-01-03T00:00:00.000,2007-01-03T00:00:00.000,,,0,,,,8,Castro/Upper Market,94114,"{'latitude': '37.76519200457511', 'longitude': '-122.43695272329116', 'human_address': '{""address"": """", ""city"": """", ""state"": """", ""zip"": """"}'}",1.08E+12,,,,,,,,,,,,,,,
5ea20729c2aeecdcc61c54e0,M52547,8,otc alterations permit,2007-01-03T00:00:00.000,161,20,1216,Stockton,St,street space,issued,2007-01-03T00:00:00.000,2007-01-03T00:00:00.000,2007-01-03T00:00:00.000,,,0,,,,3,Chinatown,94133,"{'latitude': '37.79701963800501', 'longitude': '-122.40825676434942', 'human_address': '{""address"": """", ""city"": """", ""state"": """", ""zip"": """"}'}",1.08E+12,0,,,,,,,,,,,,,,
5ea20729c2aeecdcc61c54e1,M52546,8,otc alterations permit,2007-01-03T00:00:00.000,2614,88,169,Beaver,St,street space,issued,2007-01-03T00:00:00.000,2007-01-03T00:00:00.000,2007-01-03T00:00:00.000,,,0,,,,8,Castro/Upper Market,94114,"{'latitude': '37.76519200457511', 'longitude': '-122.43695272329116', 'human_address': '{""address"": """", ""city"": """", ""state"": """", ""zip"": """"}'}",1.08E+12,,,,,,,,,,,,,,,
5ea20729c2aeecdcc61c54e2,2.01E+11,8,otc alterations permit,2007-01-03T00:00:00.000,1830,33,1450,24th,Av,reroofing,expired,2007-07-24T00:00:00.000,2007-01-03T00:00:00.000,2007-01-03T00:00:00.000,2007-05-03T00:00:00.000Z,3000,3000,1 family dwelling,1 family dwelling,0,4,Sunset/Parkside,94122,"{'latitude': '37.76057451544572', 'longitude': '-122.48196060524137', 'human_address': '{""address"": """", ""city"": """", ""state"": """", ""zip"": """"}'}",1.08E+12,,,,,,,,,,,,,,,
5ea20729c2aeecdcc61c54e3,M52548,8,otc alterations permit,2007-01-03T00:00:00.000,6663,35,143,Randall,St,street space permit,issued,2007-01-03T00:00:00.000,2007-01-03T00:00:00.000,2007-01-03T00:00:00.000,,,0,,,,8,Glen Park,94131,"{'latitude': '37.73949798012811', 'longitude': '-122.42650124959856', 'human_address': '{""address"": """", ""city"": """", ""state"": """", ""zip"": """"}'}",1.08E+12,,,,,,,,,,,,,,,
5ea20729c2aeecdcc61c54e4,M52549,8,otc alterations permit,2007-01-03T00:00:00.000,6529,1,2900,Mission,St,street space & sidewalk repair permit,issued,2007-01-03T00:00:00.000,2007-01-03T00:00:00.000,2007-01-03T00:00:00.000,,,0,,,,9,Mission,94110,"{'latitude': '37.750446079988734', 'longitude': '-122.41855190139987', 'human_address': '{""address"": """", ""city"": """", ""state"": """", ""zip"": """"}'}",1.08E+12,,,,,,,,,,,,,,,
5ea20729c2aeecdcc61c54e5,2.01E+11,8,otc alterations permit,2007-01-03T00:00:00.000,922,11,2222,Bay,St,"replace cabinets, counters & appliances in kitchen. replace tile & fixtures in 2 baths. only will change 50% of electrical voltage (or less).",complete,2007-11-20T00:00:00.000,2007-01-03T00:00:00.000,2007-01-03T00:00:00.000,2008-01-03T00:00:00.000Z,40000,40000,1 family dwelling,1 family dwelling,0,2,Marina,94123,"{'latitude': '37.80198883613823', 'longitude': '-122.44374877919802', 'human_address': '{""address"": """", ""city"": """", ""state"": """", ""zip"": """"}'}",1.08E+11,,1,1,1,1,5,wood frame (5),5,wood frame (5),2007-11-20T00:00:00.000,,,,,
5ea20729c2aeecdcc61c54e6,2.01E+11,8,otc alterations permit,2007-01-03T00:00:00.000,858,15,100,Webster,St,replace front steps in kind same as original.,complete,2007-05-16T00:00:00.000,2007-01-03T00:00:00.000,2007-01-03T00:00:00.000,2007-05-03T00:00:00.000Z,5000,5000,2 family dwelling,2 family dwelling,2,5,Hayes Valley,94102,"{'latitude': '37.77153414751733', 'longitude': '-122.42841889851438', 'human_address': '{""address"": """", ""city"": """", ""state"": """", ""zip"": """"}'}",1.08E+11,,3,3,2,2,5,wood frame (5),5,wood frame (5),2007-05-16T00:00:00.000,,,,,
5ea20729c2aeecdcc61c54e7,2.01E+11,8,otc alterations permit,2007-01-03T00:00:00.000,1019,7,3400,California,St,"suite 302-office t.i. framing, electrical, plumbing to facilitete new dental office, upgrade front entry for disabled access.",complete,2007-08-10T00:00:00.000,2007-01-03T00:00:00.000,2007-01-03T00:00:00.000,2008-01-03T00:00:00.000Z,99000,99000,office,office,2,2,Presidio Heights,94118,"{'latitude': '37.786961090897854', 'longitude': '-122.4504153631611', 'human_address': '{""address"": """", ""city"": """", ""state"": """", ""zip"": """"}'}",1.08E+11,,3,3,0,0,5,wood frame (5),5,wood frame (5),2007-08-10T00:00:00.000,,,,,
5ea20729c2aeecdcc61c54e8,2.01E+11,8,otc alterations permit,2007-01-03T00:00:00.000,858,15,102,Webster,St,replace front steps in kind same as original.,complete,2007-05-16T00:00:00.000,2007-01-03T00:00:00.000,2007-01-03T00:00:00.000,2007-05-03T00:00:00.000Z,5000,5000,2 family dwelling,2 family dwelling,2,5,Hayes Valley,94102,"{'latitude': '37.77153414751733', 'longitude': '-122.42841889851438', 'human_address': '{""address"": """", ""city"": """", ""state"": """", ""zip"": """"}'}",1.08E+12,,3,3,2,2,5,wood frame (5),5,wood frame (5),2007-05-16T00:00:00.000,,,,,
5ea20729c2aeecdcc61c54e9,2.01E+11,8,otc alterations permit,2007-01-03T00:00:00.000,567,45,1998,Broadway,,"upgrade and resurface kitchen cabients, new granite counter, all new appliances, relocate oven and electrical outlets. no change- less than 50% of voltage, no structural changes",complete,2007-03-28T00:00:00.000,2007-01-03T00:00:00.000,2007-01-03T00:00:00.000,2007-07-03T00:00:00.000Z,18000,18000,apartments,apartments,0,2,Pacific Heights,94123,"{'latitude': '37.79527582255174', 'longitude': '-122.42978783701675', 'human_address': '{""address"": """", ""city"": """", ""state"": """", ""zip"": """"}'}",1.08E+11,503,16,16,82,82,1,constr type 1,1,constr type 1,2007-03-28T00:00:00.000,,,,,
5ea20729c2aeecdcc61c54ea,2.01E+11,8,otc alterations permit,2007-01-03T00:00:00.000,6342,16,762,Edinburg,St,reroofing,expired,2007-11-16T00:00:00.000,2007-01-03T00:00:00.000,2007-01-03T00:00:00.000,2007-07-03T00:00:00.000Z,9200,9200,1 family dwelling,1 family dwelling,0,11,Excelsior,94112,"{'latitude': '37.71726148008134', 'longitude': '-122.43535180983467', 'human_address': '{""address"": """", ""city"": """", ""state"": """", ""zip"": """"}'}",1.08E+12,,,,,,,,,,,,,,,
5ea20729c2aeecdcc61c54eb,2.01E+11,3,additions alterations or repairs,2007-01-03T00:00:00.000,865,9,53,Potomac,St,"interior modifications & alterations to unit 1, interior improvements to (e) ground floor storage area (existing 3x6 stud walls to remain). rear windows at ground floor to be replaced with vinyl frame. double pane.",expired,2009-12-17T00:00:00.000,2007-01-03T00:00:00.000,2007-08-27T00:00:00.000,2008-08-27T00:00:00.000Z,35000,45300,apartments,apartments,2,8,Haight Ashbury,94117,"{'latitude': '37.76998198777702', 'longitude': '-122.43278540447395', 'human_address': '{""address"": """", ""city"": """", ""state"": """", ""zip"": """"}'}",1.08E+11,,3,3,5,5,5,wood frame (5),5,wood frame (5),,,,,,
5ea20729c2aeecdcc61c54ec,2.01E+11,3,additions alterations or repairs,2007-01-03T00:00:00.000,865,9,55,Potomac,St,"interior modifications & alterations to unit 1, interior improvements to (e) ground floor storage area (existing 3x6 stud walls to remain). rear windows at ground floor to be replaced with vinyl frame. double pane.",expired,2009-12-17T00:00:00.000,2007-01-03T00:00:00.000,2007-08-27T00:00:00.000,2008-08-27T00:00:00.000Z,35000,45300,apartments,apartments,2,8,Haight Ashbury,94117,"{'latitude': '37.76998198777702', 'longitude': '-122.43278540447395', 'human_address': '{""address"": """", ""city"": """", ""state"": """", ""zip"": """"}'}",1.08E+12,,3,3,5,5,5,wood frame (5),5,wood frame (5),,,,,,
5ea20729c2aeecdcc61c54ed,2.01E+11,3,additions alterations or repairs,2007-01-03T00:00:00.000,865,9,57,Potomac,St,"interior modifications & alterations to unit 1, interior improvements to (e) ground floor storage area (existing 3x6 stud walls to remain). rear windows at ground floor to be replaced with vinyl frame. double pane.",expired,2009-12-17T00:00:00.000,2007-01-03T00:00:00.000,2007-08-27T00:00:00.000,2008-08-27T00:00:00.000Z,35000,45300,apartments,apartments,2,8,Haight Ashbury,94117,"{'latitude': '37.76998198777702', 'longitude': '-122.43278540447395', 'human_address': '{""address"": """", ""city"": """", ""state"": """", ""zip"": """"}'}",1.08E+12,0,3,3,5,5,5,wood frame (5),5,wood frame (5),,,,,,
5ea20729c2aeecdcc61c54ee,2.01E+11,8,otc alterations permit,2007-01-03T00:00:00.000,6640,6,578,30th,St,replacing in kind plants on existing backyard deck. deck deck size is 10'x11'. no structural work involved.,expired,2007-09-12T00:00:00.000,2007-01-03T00:00:00.000,2007-01-03T00:00:00.000,2007-05-03T00:00:00.000Z,2100,2100,1 family dwelling,1 family dwelling,0,8,Noe Valley,94131,"{'latitude': '37.74199536398506', 'longitude': '-122.4326382341294', 'human_address': '{""address"": """", ""city"": """", ""state"": """", ""zip"": """"}'}",1.08E+12,,2,2,1,1,5,wood frame (5),5,wood frame (5),,,,,,
5ea20729c2aeecdcc61c54ef,2.01E+11,8,otc alterations permit,2007-01-03T00:00:00.000,6083,24,4675,Mission,St,"remove (e) partitions, add one handicap bathroom, change front door, relocate water heater",complete,2007-04-18T00:00:00.000,2007-01-03T00:00:00.000,2007-01-03T00:00:00.000,2008-01-03T00:00:00.000Z,26000,26000,office,office,2,11,Excelsior,94112,"{'latitude': '37.72340639171642', 'longitude': '-122.4354308118601', 'human_address': '{""address"": """", ""city"": """", ""state"": """", ""zip"": """"}'}",1.08E+12,,1,1,0,0,5,wood frame (5),5,wood frame (5),2007-04-18T00:00:00.000,,,,,
5ea20729c2aeecdcc61c54f0,2.01E+11,8,otc alterations permit,2007-01-03T00:00:00.000,2168,22,2090,Great,Hy,"unit 303: remodel kitchen, bathroom, add desk area.",complete,2007-06-19T00:00:00.000,2007-01-03T00:00:00.000,2007-01-03T00:00:00.000,2008-01-03T00:00:00.000Z,27000,27000,apartments,apartments,2,4,Sunset/Parkside,94116,"{'latitude': '37.747491071643836', 'longitude': '-122.50746033866602', 'human_address': '{""address"": """", ""city"": """", ""state"": """", ""zip"": """"}'}",1.08E+12,,3,3,18,18,5,wood frame (5),5,wood frame (5),2007-06-19T00:00:00.000,,,,,
5ea20729c2aeecdcc61c54f1,M52564,8,otc alterations permit,2007-01-03T00:00:00.000,7085,18,602,Randolph,St,street space,issued,2007-01-03T00:00:00.000,2007-01-03T00:00:00.000,2007-01-03T00:00:00.000,,,0,,,,11,Oceanview/Merced/Ingleside,94132,"{'latitude': '37.71451226398692', 'longitude': '-122.46814827929423', 'human_address': '{""address"": """", ""city"": """", ""state"": """", ""zip"": """"}'}",1.08E+12,,,,,,,,,,,,,,,
5ea20729c2aeecdcc61c54f2,2.01E+11,8,otc alterations permit,2007-01-03T00:00:00.000,3649,16,291,Chattanooga,St,"revision to app #200609132191 to rebuild rear stairs in kind to add additonal concrete side walk adjacent to deck for access, provide new electrical light fixture below deck surface at soffit, repair dry rot at extg sliding glass door extg to deck, replace extg sliding glass door, provide",issued,2007-01-03T00:00:00.000,2007-01-03T00:00:00.000,2007-01-03T00:00:00.000,2007-05-03T00:00:00.000Z,1500,1500,2 family dwelling,2 family dwelling,2,8,Noe Valley,94114,"{'latitude': '37.752079881120096', 'longitude': '-122.42604804283071', 'human_address': '{""address"": """", ""city"": """", ""state"": """", ""zip"": """"}'}",1.08E+12,,3,3,2,2,5,wood frame (5),5,wood frame (5),,,,,,
5ea20729c2aeecdcc61c54f3,M52582,8,otc alterations permit,2007-01-03T00:00:00.000,6616,14,36,Valley,St,street space & sidewalk,issued,2007-01-03T00:00:00.000,2007-01-03T00:00:00.000,2007-01-03T00:00:00.000,,,0,,,,8,Noe Valley,94110,"{'latitude': '37.74496395502768', 'longitude': '-122.42310235545759', 'human_address': '{""address"": """", ""city"": """", ""state"": """", ""zip"": """"}'}",1.08E+12,,,,,,,,,,,,,,,
5ea20729c2aeecdcc61c54f4,M52583,8,otc alterations permit,2007-01-03T00:00:00.000,1271,25,900,Cole,St,street space & sidewalk,issued,2007-01-03T00:00:00.000,2007-01-03T00:00:00.000,2007-01-03T00:00:00.000,,,0,,,,5,Haight Ashbury,94117,"{'latitude': '37.76557939843032', 'longitude': '-122.4496953623936', 'human_address': '{""address"": """", ""city"": """", ""state"": """", ""zip"": """"}'}",1.08E+11,,,,,,,,,,,,,,,
5ea20729c2aeecdcc61c54f5,2.01E+11,8,otc alterations permit,2007-01-03T00:00:00.000,233,44,4,Embarcadero Center,,"revised oti-1, 32nd floor. revision to pa# 2006/12/04/9038. delete scope of work.",complete,2007-01-30T00:00:00.000,2007-01-03T00:00:00.000,2007-01-03T00:00:00.000,2007-05-03T00:00:00.000Z,100,100,office,office,2,3,Financial District/South Beach,94111,"{'latitude': '37.79506002552974', 'longitude': '-122.39593224461805', 'human_address': '{""address"": """", ""city"": """", ""state"": """", ""zip"": """"}'}",1.08E+11,,40,40,0,0,1,constr type 1,1,constr type 1,2007-01-30T00:00:00.000,,,,,
5ea20729c2aeecdcc61c54f6,M52584,8,otc alterations permit,2007-01-03T00:00:00.000,2069,11,2533,Noriega,St,street space & sidewalk,issued,2007-01-03T00:00:00.000,2007-01-03T00:00:00.000,2007-01-03T00:00:00.000,,,0,,,,4,Sunset/Parkside,94122,"{'latitude': '37.753397612480235', 'longitude': '-122.49083490810457', 'human_address': '{""address"": """", ""city"": """", ""state"": """", ""zip"": """"}'}",1.08E+12,,,,,,,,,,,,,,,
5ea20729c2aeecdcc61c54f7,2.01E+11,8,otc alterations permit,2007-01-03T00:00:00.000,6083,23,4681,Mission,St,"remove (e) partitions, add one handicap bathrooms",complete,2007-04-18T00:00:00.000,2007-01-03T00:00:00.000,2007-01-03T00:00:00.000,2007-07-03T00:00:00.000Z,14000,20000,office,office,2,11,Excelsior,94112,"{'latitude': '37.723347549635', 'longitude': '-122.4354753519899', 'human_address': '{""address"": """", ""city"": """", ""state"": """", ""zip"": """"}'}",1.08E+12,,1,1,0,0,5,wood frame (5),5,wood frame (5),2007-04-18T00:00:00.000,,,,,
5ea20729c2aeecdcc61c54f8,2.01E+11,8,otc alterations permit,2007-01-03T00:00:00.000,233,44,4,Embarcadero Center,,electrical & mechanical work on 36th floor for pa# 2006/11/22/8404.,complete,2007-02-09T00:00:00.000,2007-01-03T00:00:00.000,2007-01-03T00:00:00.000,2007-07-03T00:00:00.000Z,8000,8000,office,office,2,3,Financial District/South Beach,94111,"{'latitude': '37.79506002552974', 'longitude': '-122.39593224461805', 'human_address': '{""address"": """", ""city"": """", ""state"": """", ""zip"": """"}'}",1.08E+11,,40,40,0,0,1,constr type 1,1,constr type 1,2007-02-09T00:00:00.000,,,,,
5ea20729c2aeecdcc61c54f9,M52586,8,otc alterations permit,2007-01-03T00:00:00.000,657,24,2458,Bush,St,sidewalk repair,issued,2007-01-03T00:00:00.000,2007-01-03T00:00:00.000,2007-01-03T00:00:00.000,,,0,,,,5,Pacific Heights,94115,"{'latitude': '37.786683732140546', 'longitude': '-122.43781532239619', 'human_address': '{""address"": """", ""city"": """", ""state"": """", ""zip"": """"}'}",1.08E+11,,,,,,,,,,,,,,,
5ea20729c2aeecdcc61c54fa,M52587,8,otc alterations permit,2007-01-03T00:00:00.000,3558,32,231,Sanchez,St,sidewalk repair,issued,2007-01-03T00:00:00.000,2007-01-03T00:00:00.000,2007-01-03T00:00:00.000,,,0,,,,8,Castro/Upper Market,94114,"{'latitude': '37.76531838656072', 'longitude': '-122.43061106912894', 'human_address': '{""address"": """", ""city"": """", ""state"": """", ""zip"": """"}'}",1.08E+12,,,,,,,,,,,,,,,
5ea20729c2aeecdcc61c54fb,M52587,8,otc alterations permit,2007-01-03T00:00:00.000,3558,32,233,Sanchez,St,sidewalk repair,issued,2007-01-03T00:00:00.000,2007-01-03T00:00:00.000,2007-01-03T00:00:00.000,,,0,,,,8,Castro/Upper Market,94114,"{'latitude': '37.76531838656072', 'longitude': '-122.43061106912894', 'human_address': '{""address"": """", ""city"": """", ""state"": """", ""zip"": """"}'}",1.08E+12,,,,,,,,,,,,,,,
5ea20729c2aeecdcc61c54fc,M52588,8,otc alterations permit,2007-01-03T00:00:00.000,657,011D,2454,Bush,St,sidewalk repair,issued,2007-01-03T00:00:00.000,2007-01-03T00:00:00.000,2007-01-03T00:00:00.000,,,0,,,,5,Pacific Heights,94115,"{'latitude': '37.78691742789319', 'longitude': '-122.43779869602983', 'human_address': '{""address"": """", ""city"": """", ""state"": """", ""zip"": """"}'}",1.08E+11,,,,,,,,,,,,,,,
5ea20729c2aeecdcc61c54fd,2.01E+11,8,otc alterations permit,2007-01-03T00:00:00.000,163,12,592,Pacific,Av,provide accessibilty for first floor by installations new ada bathroom on 1st floor for umb buildings,complete,2007-05-02T00:00:00.000,2007-01-03T00:00:00.000,2007-01-03T00:00:00.000,2007-07-03T00:00:00.000Z,8000,8000,office,office,2,3,North Beach,94133,"{'latitude': '37.797232670953534', 'longitude': '-122.4051544012308', 'human_address': '{""address"": """", ""city"": """", ""state"": """", ""zip"": """"}'}",1.08E+11,,2,2,0,0,3,constr type 3,3,constr type 3,2007-05-02T00:00:00.000,,,,,
5ea20729c2aeecdcc61c54fe,2.01E+11,8,otc alterations permit,2007-01-03T00:00:00.000,163,12,596,Pacific,Av,provide accessibilty for first floor by installations new ada bathroom on 1st floor for umb buildings,complete,2007-05-02T00:00:00.000,2007-01-03T00:00:00.000,2007-01-03T00:00:00.000,2007-07-03T00:00:00.000Z,8000,8000,office,office,2,3,North Beach,94133,"{'latitude': '37.797232670953534', 'longitude': '-122.4051544012308', 'human_address': '{""address"": """", ""city"": """", ""state"": """", ""zip"": """"}'}",1.08E+12,,2,2,0,0,3,constr type 3,3,constr type 3,2007-05-02T00:00:00.000,,,,,
5ea20729c2aeecdcc61c54ff,2.01E+11,8,otc alterations permit,2007-01-03T00:00:00.000,955,23,2775,Green,St,"new stucco on rear elevation. replace (e) stucco, new paper & lathe, approx 850 sq. ft. (not visible from street).",complete,2007-09-20T00:00:00.000,2007-01-03T00:00:00.000,2007-01-03T00:00:00.000,2007-07-03T00:00:00.000Z,16000,16000,1 family dwelling,1 family dwelling,0,2,Pacific Heights,94123,"{'latitude': '37.79468232336658', 'longitude': '-122.44465200431452', 'human_address': '{""address"": """", ""city"": """", ""state"": """", ""zip"": """"}'}",1.08E+11,,4,4,1,1,5,wood frame (5),5,wood frame (5),2007-09-20T00:00:00.000,,,,,
5ea20729c2aeecdcc61c5500,2.01E+11,8,otc alterations permit,2007-01-03T00:00:00.000,4100,030B,501,Connecticut,St,"demo permit for street level retail tenant improvement. no changes to envelope,no change to occupancy no structural work until this permit. see app#200612119615 for all proposed work.",issued,2007-01-03T00:00:00.000,2007-01-03T00:00:00.000,2007-01-03T00:00:00.000,2007-05-03T00:00:00.000Z,1000,1000,food/beverage hndlng,food/beverage hndlng,2,10,Potrero Hill,94107,"{'latitude': '37.75984798080597', 'longitude': '-122.39696923437235', 'human_address': '{""address"": """", ""city"": """", ""state"": """", ""zip"": """"}'}",1.08E+12,,1,1,0,0,5,wood frame (5),5,wood frame (5),,,,,,
5ea20729c2aeecdcc61c5501,2.01E+11,8,otc alterations permit,2007-01-03T00:00:00.000,955,23,2775,Green,St,renew pa# 2006/07/24/7412 & pa# 2005/11/02/7228 for final inspection only.,complete,2007-09-20T00:00:00.000,2007-01-03T00:00:00.000,2007-01-03T00:00:00.000,2007-05-03T00:00:00.000Z,1,1,1 family dwelling,1 family dwelling,0,2,Pacific Heights,94123,"{'latitude': '37.79468232336658', 'longitude': '-122.44465200431452', 'human_address': '{""address"": """", ""city"": """", ""state"": """", ""zip"": """"}'}",1.08E+11,,4,4,1,1,5,wood frame (5),5,wood frame (5),2007-09-20T00:00:00.000,,,,,
5ea20729c2aeecdcc61c5502,2.01E+11,8,otc alterations permit,2007-01-03T00:00:00.000,2435,36,2599,34th,Av,reroofing,issued,2007-01-03T00:00:00.000,2007-01-03T00:00:00.000,2007-01-03T00:00:00.000,2007-07-03T00:00:00.000Z,15300,15300,apartments,apartments,0,4,Sunset/Parkside,94116,"{'latitude': '37.738821380820404', 'longitude': '-122.49168826545507', 'human_address': '{""address"": """", ""city"": """", ""state"": """", ""zip"": """"}'}",1.08E+12,,,,,,,,,,,,,,,
5ea20729c2aeecdcc61c5503,M52602,8,otc alterations permit,2007-01-03T00:00:00.000,6528,38,2985,Mission,St,sidewalk permit only.,issued,2007-01-03T00:00:00.000,2007-01-03T00:00:00.000,2007-01-03T00:00:00.000,,,0,,,,9,Mission,94110,"{'latitude': '37.74941444045446', 'longitude': '-122.41782767998272', 'human_address': '{""address"": """", ""city"": """", ""state"": """", ""zip"": """"}'}",1.08E+12,,,,,,,,,,,,,,,
5ea20729c2aeecdcc61c5504,M52602,8,otc alterations permit,2007-01-03T00:00:00.000,6528,38,2989,Mission,St,sidewalk permit only.,issued,2007-01-03T00:00:00.000,2007-01-03T00:00:00.000,2007-01-03T00:00:00.000,,,0,,,,9,Mission,94110,"{'latitude': '37.74941444045446', 'longitude': '-122.41782767998272', 'human_address': '{""address"": """", ""city"": """", ""state"": """", ""zip"": """"}'}",1.08E+12,,,,,,,,,,,,,,,
5ea20729c2aeecdcc61c5505,2.01E+11,8,otc alterations permit,2007-01-03T00:00:00.000,1334,015B,184,25th,Av,reroofing,issued,2007-01-03T00:00:00.000,2007-01-03T00:00:00.000,2007-01-03T00:00:00.000,2007-07-03T00:00:00.000Z,13750,13750,1 family dwelling,1 family dwelling,0,2,Seacliff,94121,"{'latitude': '37.78609446841356', 'longitude': '-122.48494559599249', 'human_address': '{""address"": """", ""city"": """", ""state"": """", ""zip"": """"}'}",1.08E+11,,,,,,,,,,,,,,,
5ea20729c2aeecdcc61c5506,2.01E+11,8,otc alterations permit,2007-01-03T00:00:00.000,3604,95,713,Noe,St,bathroom remodel new fixtures at finishes. no new floor area or moved walls,complete,2007-04-09T00:00:00.000,2007-01-03T00:00:00.000,2007-01-03T00:00:00.000,2008-01-03T00:00:00.000Z,30000,30000,1 family dwelling,1 family dwelling,2,8,Castro/Upper Market,94114,"{'latitude': '37.757479735945005', 'longitude': '-122.43210957256163', 'human_address': '{""address"": """", ""city"": """", ""state"": """", ""zip"": """"}'}",1.08E+12,713,3,3,2,2,5,wood frame (5),5,wood frame (5),2007-04-09T00:00:00.000,,,,,
5ea20729c2aeecdcc61c5507,2.01E+11,3,additions alterations or repairs,2007-01-03T00:00:00.000,296,13,575,Sutter,St,2/fl - build out 4 new vacant tenant suites on 2/fl fr (e) building shell space & construct 1-hr rated corrider. construct new offices within each suite. install plumbing hookups within suites for future restroom buildouts. new finishes throughout.mech under separate permit.complaint #200679767.,complete,2008-02-07T00:00:00.000,2007-01-03T00:00:00.000,2007-08-29T00:00:00.000,2008-08-29T00:00:00.000Z,280000,280000,office,office,2,3,Nob Hill,94102,"{'latitude': '37.788796048444254', 'longitude': '-122.40971046192098', 'human_address': '{""address"": """", ""city"": """", ""state"": """", ""zip"": """"}'}",1.08E+11,,3,3,0,0,3,constr type 3,3,constr type 3,2008-02-07T00:00:00.000,,,,,
5ea20729c2aeecdcc61c5508,M52603,8,otc alterations permit,2007-01-03T00:00:00.000,3590,25,2271,Mission,St,sidewalk permit only.,issued,2007-01-03T00:00:00.000,2007-01-03T00:00:00.000,2007-01-03T00:00:00.000,,,0,,,,9,Mission,94110,"{'latitude': '37.76071403026909', 'longitude': '-122.41889626874202', 'human_address': '{""address"": """", ""city"": """", ""state"": """", ""zip"": """"}'}",1.08E+12,,,,,,,,,,,,,,,
5ea20729c2aeecdcc61c5509,M52603,8,otc alterations permit,2007-01-03T00:00:00.000,3590,25,2275,Mission,St,sidewalk permit only.,issued,2007-01-03T00:00:00.000,2007-01-03T00:00:00.000,2007-01-03T00:00:00.000,,,0,,,,9,Mission,94110,"{'latitude': '37.76071403026909', 'longitude': '-122.41889626874202', 'human_address': '{""address"": """", ""city"": """", ""state"": """", ""zip"": """"}'}",1.08E+12,,,,,,,,,,,,,,,
5ea20729c2aeecdcc61c550a,2.01E+11,3,additions alterations or repairs,2007-01-03T00:00:00.000,3787,18,244,Townsend,St,"revision to pa# 2004/10/26/7745. complete (e) facade to match (e) surrounding finishing. structural alteration to entry ways, add new shear wall. add new storefront windows & doors. add cap to open chase to roof.",expired,2007-10-19T00:00:00.000,2007-01-03T00:00:00.000,2007-02-28T00:00:00.000,2008-02-29T00:00:00.000Z,248000,14000,office,office,2,6,South of Market,94107,"{'latitude': '37.778265006252326', 'longitude': '-122.39388190504624', 'human_address': '{""address"": """", ""city"": """", ""state"": """", ""zip"": """"}'}",1.08E+12,,1,1,0,0,5,wood frame (5),5,wood frame (5),,,,,,
5ea20729c2aeecdcc61c550b,2.01E+11,8,otc alterations permit,2007-01-03T00:00:00.000,53,4,428,Chestnut,St,reroofing,issued,2007-01-03T00:00:00.000,2007-01-03T00:00:00.000,2007-01-03T00:00:00.000,2007-07-03T00:00:00.000Z,14450,14450,apartments,apartments,0,3,North Beach,94133,"{'latitude': '37.80438862049285', 'longitude': '-122.41047680987249', 'human_address': '{""address"": """", ""city"": """", ""state"": """", ""zip"": """"}'}",1.08E+12,,,,,,,,,,,,,,,
5ea20729c2aeecdcc61c550c,2.01E+11,8,otc alterations permit,2007-01-03T00:00:00.000,53,4,430,Chestnut,St,reroofing,issued,2007-01-03T00:00:00.000,2007-01-03T00:00:00.000,2007-01-03T00:00:00.000,2007-07-03T00:00:00.000Z,14450,14450,apartments,apartments,0,3,North Beach,94133,"{'latitude': '37.80438862049285', 'longitude': '-122.41047680987249', 'human_address': '{""address"": """", ""city"": """", ""state"": """", ""zip"": """"}'}",1.08E+12,,,,,,,,,,,,,,,
5ea20729c2aeecdcc61c550d,2.01E+11,8,otc alterations permit,2007-01-03T00:00:00.000,53,4,432,Chestnut,St,reroofing,issued,2007-01-03T00:00:00.000,2007-01-03T00:00:00.000,2007-01-03T00:00:00.000,2007-07-03T00:00:00.000Z,14450,14450,apartments,apartments,0,3,North Beach,94133,"{'latitude': '37.80438862049285', 'longitude': '-122.41047680987249', 'human_address': '{""address"": """", ""city"": """", ""state"": """", ""zip"": """"}'}",1.08E+12,,,,,,,,,,,,,,,
5ea20729c2aeecdcc61c550e,2.01E+11,8,otc alterations permit,2007-01-03T00:00:00.000,7094,12,74,Lobos,St,revision for excavation at 72 lobos st property line. install new 3x lagging/shoring. comply with correction notice issued on 10/24/06,complete,2009-08-28T00:00:00.000,2007-01-03T00:00:00.000,2007-01-03T00:00:00.000,2007-07-03T00:00:00.000Z,6000,6000,1 family dwelling,1 family dwelling,2,11,Oceanview/Merced/Ingleside,94112,"{'latitude': '37.71518707240587', 'longitude': '-122.45515059451459', 'human_address': '{""address"": """", ""city"": """", ""state"": """", ""zip"": """"}'}",1.08E+12,,1,1,1,1,5,wood frame (5),5,wood frame (5),2009-08-28T00:00:00.000,,,,,
5ea20729c2aeecdcc61c550f,M52622,8,otc alterations permit,2007-01-03T00:00:00.000,1887,16,1594,42nd,Av,street space permit,issued,2007-01-03T00:00:00.000,2007-01-03T00:00:00.000,2007-01-03T00:00:00.000,,,0,,,,4,Sunset/Parkside,94122,"{'latitude': '37.75703769280017', 'longitude': '-122.50114266143139', 'human_address': '{""address"": """", ""city"": """", ""state"": """", ""zip"": """"}'}",1.08E+12,,,,,,,,,,,,,,,
5ea20729c2aeecdcc61c5510,2.01E+11,8,otc alterations permit,2007-01-03T00:00:00.000,701,4,1581,Webster,St,as builts requested by fire inspector relocated 3 heads for new hallway & ceiling heads done by others,complete,2007-02-05T00:00:00.000,2007-01-03T00:00:00.000,2007-01-03T00:00:00.000,2007-05-03T00:00:00.000Z,2400,2400,office,office,2,,,,,1.08E+12,,1,1,0,0,3,constr type 3,3,constr type 3,2007-02-05T00:00:00.000,,,,,
5ea20729c2aeecdcc61c5511,2.01E+11,8,otc alterations permit,2007-01-03T00:00:00.000,7056,32,111,Thrift,St,legalize rooms on garage level. to comply w/ & correct to violation #200683876,complete,2007-06-14T00:00:00.000,2007-01-03T00:00:00.000,2007-01-03T00:00:00.000,2007-07-03T00:00:00.000Z,25000,25000,1 family dwelling,1 family dwelling,2,11,Oceanview/Merced/Ingleside,94112,"{'latitude': '37.71722251026894', 'longitude': '-122.45658683716051', 'human_address': '{""address"": """", ""city"": """", ""state"": """", ""zip"": """"}'}",1.08E+12,,2,2,1,1,5,wood frame (5),5,wood frame (5),2007-06-14T00:00:00.000,,,,,
5ea20729c2aeecdcc61c5512,M52623,8,otc alterations permit,2007-01-03T00:00:00.000,1637,25,650,08th,Av,street space permit,issued,2007-01-03T00:00:00.000,2007-01-03T00:00:00.000,2007-01-03T00:00:00.000,,,0,,,,1,Inner Richmond,94118,"{'latitude': '37.77618136554926', 'longitude': '-122.46575531780914', 'human_address': '{""address"": """", ""city"": """", ""state"": """", ""zip"": """"}'}",1.08E+12,,,,,,,,,,,,,,,
5ea20729c2aeecdcc61c5513,2.01E+11,8,otc alterations permit,2007-01-03T00:00:00.000,7094,32,72,Lobos,St,install  new 3x lagging/shoring at 74 lobos st underpin extg bldg foundation approx 10 linear feet at 72 lobos st. reffer to revision to approved appl. #200508039381,complete,2009-08-28T00:00:00.000,2007-01-03T00:00:00.000,2007-01-03T00:00:00.000,2007-05-03T00:00:00.000Z,500,500,1 family dwelling,1 family dwelling,2,11,Oceanview/Merced/Ingleside,94112,"{'latitude': '37.71518759850341', 'longitude': '-122.45506416784788', 'human_address': '{""address"": """", ""city"": """", ""state"": """", ""zip"": """"}'}",1.08E+12,,2,2,1,1,5,wood frame (5),5,wood frame (5),2009-08-28T00:00:00.000,,,,,
5ea20729c2aeecdcc61c5514,2.01E+11,3,additions alterations or repairs,2007-01-03T00:00:00.000,230,28,1,Embarcadero Center,,"17th floor only - reinforcement of floor slab to support new files, 17th fl, structural oti-1 #200609273477. no increase in office space.",expired,2009-02-10T00:00:00.000,2007-01-03T00:00:00.000,2007-01-17T00:00:00.000,2007-07-17T00:00:00.000Z,10000,10000,office,office,2,3,Financial District/South Beach,94111,"{'latitude': '37.79464865862657', 'longitude': '-122.39964659799554', 'human_address': '{""address"": """", ""city"": """", ""state"": """", ""zip"": """"}'}",1.08E+11,,46,46,0,0,1,constr type 1,1,constr type 1,,,,,,
5ea20729c2aeecdcc61c5515,M52624,8,otc alterations permit,2007-01-03T00:00:00.000,765,3,350,Mcallister,St,street space permit,issued,2007-01-03T00:00:00.000,2007-01-03T00:00:00.000,2007-01-03T00:00:00.000,,,0,,,,6,Tenderloin,94102,"{'latitude': '37.781041578523926', 'longitude': '-122.41791138747561', 'human_address': '{""address"": """", ""city"": """", ""state"": """", ""zip"": """"}'}",1.08E+11,,,,,,,,,,,,,,,
5ea20729c2aeecdcc61c5516,2.01E+11,8,otc alterations permit,2007-01-03T00:00:00.000,6020,40,647,Brazil,Av,renewal of permit #78900 to convert into living quarter. remove limited commercial use (abandoned more than 20 years). current use of property-residential only. no new construction & no change in structure needed.,complete,2007-03-30T00:00:00.000,2007-01-03T00:00:00.000,2007-01-03T00:00:00.000,2007-05-03T00:00:00.000Z,1,1,office,1 family dwelling,2,11,Excelsior,94112,"{'latitude': '37.72221093094206', 'longitude': '-122.42932778349939', 'human_address': '{""address"": """", ""city"": """", ""state"": """", ""zip"": """"}'}",1.08E+12,,1,1,1,1,5,wood frame (5),5,wood frame (5),2007-03-30T00:00:00.000,,,,,
5ea20729c2aeecdcc61c5517,2.01E+11,8,otc alterations permit,2007-01-03T00:00:00.000,952,14,2574,Green,St,"renew pa# 200508099857, 200502085088 & 200507288917",expired,2008-02-05T00:00:00.000,2007-01-03T00:00:00.000,2007-01-03T00:00:00.000,2007-05-03T00:00:00.000Z,1,1,1 family dwelling,1 family dwelling,0,2,Marina,94123,"{'latitude': '37.795668444856915', 'longitude': '-122.4414161181534', 'human_address': '{""address"": """", ""city"": """", ""state"": """", ""zip"": """"}'}",1.08E+11,,4,4,1,1,5,wood frame (5),5,wood frame (5),,,,,,
5ea20729c2aeecdcc61c5518,2.01E+11,8,otc alterations permit,2007-01-03T00:00:00.000,918,004A,3460,Baker,St,"renew pa# 200603166829, 200603235250.",complete,2007-01-04T00:00:00.000,2007-01-03T00:00:00.000,2007-01-03T00:00:00.000,2007-05-03T00:00:00.000Z,1,1,1 family dwelling,1 family dwelling,0,2,Marina,94123,"{'latitude': '37.80315450886029', 'longitude': '-122.44662995016387', 'human_address': '{""address"": """", ""city"": """", ""state"": """", ""zip"": """"}'}",1.08E+11,,4,4,1,1,5,wood frame (5),5,wood frame (5),2007-01-04T00:00:00.000,,,,,
5ea20729c2aeecdcc61c5519,2.01E+11,8,otc alterations permit,2007-01-03T00:00:00.000,3602,33,241,Hartford,St,"replace some dryrotted studs (@5-8) at the rear wall of 1st floor, in kind revision to 200512160557",expired,2008-07-08T00:00:00.000,2007-01-03T00:00:00.000,2007-01-03T00:00:00.000,2007-05-03T00:00:00.000Z,200,200,2 family dwelling,2 family dwelling,0,8,Castro/Upper Market,94114,"{'latitude': '37.7587107388066', 'longitude': '-122.4333620117638', 'human_address': '{""address"": """", ""city"": """", ""state"": """", ""zip"": """"}'}",1.08E+12,,2,2,2,2,5,wood frame (5),5,wood frame (5),,,,,,
5ea20729c2aeecdcc61c551a,2.01E+11,8,otc alterations permit,2007-01-03T00:00:00.000,262,13,255,California,St,relocate 6 fire sprinklers on the 4th floor only,complete,2007-06-14T00:00:00.000,2007-01-03T00:00:00.000,2007-01-03T00:00:00.000,2007-05-03T00:00:00.000Z,2400,2400,office,office,2,3,Financial District/South Beach,94111,"{'latitude': '37.792962974036634', 'longitude': '-122.39950975756949', 'human_address': '{""address"": """", ""city"": """", ""state"": """", ""zip"": """"}'}",1.08E+11,,15,15,0,0,1,constr type 1,1,constr type 1,2007-06-14T00:00:00.000,,,,,
5ea20729c2aeecdcc61c551b,2.01E+11,8,otc alterations permit,2007-01-03T00:00:00.000,3602,33,241,Hartford,St,renew application 3200512160557,expired,2008-07-08T00:00:00.000,2007-01-03T00:00:00.000,2007-01-03T00:00:00.000,2007-05-03T00:00:00.000Z,500,1,2 family dwelling,2 family dwelling,0,8,Castro/Upper Market,94114,"{'latitude': '37.7587107388066', 'longitude': '-122.4333620117638', 'human_address': '{""address"": """", ""city"": """", ""state"": """", ""zip"": """"}'}",1.08E+12,,2,2,2,2,5,wood frame (5),5,wood frame (5),,,,,,
5ea20729c2aeecdcc61c551c,2.01E+11,8,otc alterations permit,2007-01-03T00:00:00.000,262,13,255,California,St,relocate 8 and plug 2 on the 4th floor only,complete,2007-06-06T00:00:00.000,2007-01-03T00:00:00.000,2007-01-03T00:00:00.000,2007-05-03T00:00:00.000Z,3200,3200,office,office,2,3,Financial District/South Beach,94111,"{'latitude': '37.792962974036634', 'longitude': '-122.39950975756949', 'human_address': '{""address"": """", ""city"": """", ""state"": """", ""zip"": """"}'}",1.08E+11,,15,15,0,0,1,constr type 1,1,constr type 1,2007-06-06T00:00:00.000,,,,,
5ea20729c2aeecdcc61c551d,2.01E+11,8,otc alterations permit,2007-01-03T00:00:00.000,2323,12,2279,26th,Av,"replace 19 windows size for size, visable from st, front window wil be replace w/wood windows.",complete,2007-05-09T00:00:00.000,2007-01-03T00:00:00.000,2007-01-03T00:00:00.000,2007-07-03T00:00:00.000Z,17800,17800,1 family dwelling,1 family dwelling,0,4,Sunset/Parkside,94116,"{'latitude': '37.744990616357015', 'longitude': '-122.48368064621246', 'human_address': '{""address"": """", ""city"": """", ""state"": """", ""zip"": """"}'}",1.08E+12,,2,2,1,1,5,wood frame (5),5,wood frame (5),2007-05-09T00:00:00.000,,,,,
5ea20729c2aeecdcc61c551e,M52642,8,otc alterations permit,2007-01-03T00:00:00.000,3610,19,2485,Mission,St,sidewalk permit,issued,2007-01-03T00:00:00.000,2007-01-03T00:00:00.000,2007-01-03T00:00:00.000,,,0,,,,9,Mission,94110,"{'latitude': '37.75725843351711', 'longitude': '-122.41860450913026', 'human_address': '{""address"": """", ""city"": """", ""state"": """", ""zip"": """"}'}",1.08E+12,,,,,,,,,,,,,,,
5ea20729c2aeecdcc61c551f,M52642,8,otc alterations permit,2007-01-03T00:00:00.000,3610,19,2491,Mission,St,sidewalk permit,issued,2007-01-03T00:00:00.000,2007-01-03T00:00:00.000,2007-01-03T00:00:00.000,,,0,,,,9,Mission,94110,"{'latitude': '37.75725843351711', 'longitude': '-122.41860450913026', 'human_address': '{""address"": """", ""city"": """", ""state"": """", ""zip"": """"}'}",1.08E+12,,,,,,,,,,,,,,,
5ea20729c2aeecdcc61c5520,2.01E+11,8,otc alterations permit,2007-01-03T00:00:00.000,2404,16,2487,21st,Av,"replace 3 windows & 2 patio doors, size to size.",complete,2007-02-08T00:00:00.000,2007-01-03T00:00:00.000,2007-01-03T00:00:00.000,2007-07-03T00:00:00.000Z,9659,9659,1 family dwelling,1 family dwelling,0,4,Sunset/Parkside,94116,"{'latitude': '37.74141262807023', 'longitude': '-122.47805511314857', 'human_address': '{""address"": """", ""city"": """", ""state"": """", ""zip"": """"}'}",1.08E+12,,2,2,1,1,5,wood frame (5),5,wood frame (5),2007-02-08T00:00:00.000,,,,,
5ea20729c2aeecdcc61c5521,2.01E+11,8,otc alterations permit,2007-01-03T00:00:00.000,6603,17,440,28th,St,revision to pa# 2006/05/18/1956 permitted 5 windows. onlly replacing 3 windows. for records only.,expired,2007-08-21T00:00:00.000,2007-01-03T00:00:00.000,2007-01-03T00:00:00.000,2007-05-03T00:00:00.000Z,1,1,1 family dwelling,1 family dwelling,0,8,Noe Valley,94131,"{'latitude': '37.74520670696469', 'longitude': '-122.43238621334818', 'human_address': '{""address"": """", ""city"": """", ""state"": """", ""zip"": """"}'}",1.08E+12,,2,2,1,1,5,wood frame (5),5,wood frame (5),,,,,,
5ea20729c2aeecdcc61c5522,M52662,8,otc alterations permit,2007-01-03T00:00:00.000,2614,46,267,Roosevelt,Wy,street space permit,issued,2007-01-03T00:00:00.000,2007-01-03T00:00:00.000,2007-01-03T00:00:00.000,,,0,,,,8,Castro/Upper Market,94114,"{'latitude': '37.765577455029344', 'longitude': '-122.44038986925105', 'human_address': '{""address"": """", ""city"": """", ""state"": """", ""zip"": """"}'}",1.08E+12,,,,,,,,,,,,,,,
5ea20729c2aeecdcc61c5523,2.01E+11,8,otc alterations permit,2007-01-03T00:00:00.000,3651,32,139,Vicksburg,St,"replace rear stairway & deck platforms (2nd means of egress) ""in-kind"". no other structural improvements.",complete,2008-01-28T00:00:00.000,2007-01-03T00:00:00.000,2007-01-03T00:00:00.000,2007-07-03T00:00:00.000Z,10000,10000,apartments,apartments,2,8,Noe Valley,94114,"{'latitude': '37.752677456109964', 'longitude': '-122.42833542441876', 'human_address': '{""address"": """", ""city"": """", ""state"": """", ""zip"": """"}'}",1.08E+12,,3,3,6,6,5,wood frame (5),5,wood frame (5),2008-01-28T00:00:00.000,,,,,
5ea20729c2aeecdcc61c5524,2.01E+11,8,otc alterations permit,2007-01-03T00:00:00.000,3651,32,147,Vicksburg,St,"replace rear stairway & deck platforms (2nd means of egress) ""in-kind"". no other structural improvements.",complete,2008-01-28T00:00:00.000,2007-01-03T00:00:00.000,2007-01-03T00:00:00.000,2007-07-03T00:00:00.000Z,10000,10000,apartments,apartments,2,8,Noe Valley,94114,"{'latitude': '37.752677456109964', 'longitude': '-122.42833542441876', 'human_address': '{""address"": """", ""city"": """", ""state"": """", ""zip"": """"}'}",1.08E+12,,3,3,6,6,5,wood frame (5),5,wood frame (5),2008-01-28T00:00:00.000,,,,,
5ea20729c2aeecdcc61c5525,M52664,8,otc alterations permit,2007-01-03T00:00:00.000,163,5,909,Montgomery,St,street space permit,issued,2007-01-03T00:00:00.000,2007-01-03T00:00:00.000,2007-01-03T00:00:00.000,,,0,,,,3,North Beach,94133,"{'latitude': '37.797509439407904', 'longitude': '-122.40406962115884', 'human_address': '{""address"": """", ""city"": """", ""state"": """", ""zip"": """"}'}",1.08E+11,,,,,,,,,,,,,,,
5ea20729c2aeecdcc61c5526,2.01E+11,8,otc alterations permit,2007-01-03T00:00:00.000,2702,8,4748,19th,St,"remove & replace existing deck with new smaller deck 2 esterior doors at east wall, 7 windows. windows & doors same size & locatiuon. windows facing street.",complete,2007-03-22T00:00:00.000,2007-01-03T00:00:00.000,2007-01-03T00:00:00.000,2008-01-03T00:00:00.000Z,35000,35000,1 family dwelling,1 family dwelling,2,8,Castro/Upper Market,94114,"{'latitude': '37.75900729961362', 'longitude': '-122.4428161888663', 'human_address': '{""address"": """", ""city"": """", ""state"": """", ""zip"": """"}'}",1.08E+12,,1,1,1,1,5,wood frame (5),5,wood frame (5),2007-03-22T00:00:00.000,Y,,,,
5ea20729c2aeecdcc61c5527,M52665,8,otc alterations permit,2007-01-03T00:00:00.000,3501,2,30,Guerrero,St,street space permit,issued,2007-01-03T00:00:00.000,2007-01-03T00:00:00.000,2007-01-03T00:00:00.000,,,0,,,,8,Mission,94103,"{'latitude': '37.770149558214804', 'longitude': '-122.4249916224382', 'human_address': '{""address"": """", ""city"": """", ""state"": """", ""zip"": """"}'}",1.08E+12,,,,,,,,,,,,,,,
5ea20729c2aeecdcc61c5528,2.01E+11,8,otc alterations permit,2007-01-03T00:00:00.000,492,26,1901,Chestnut,St,unit 7 - remove & replace 350 sq ft of drywall and insulation 350 sq ft paint. nov 200674773.,complete,2007-01-26T00:00:00.000,2007-01-03T00:00:00.000,2007-01-03T00:00:00.000,2007-05-03T00:00:00.000Z,2500,2500,apartments,apartments,0,2,Marina,94123,"{'latitude': '37.80082760475481', 'longitude': '-122.43479954972616', 'human_address': '{""address"": """", ""city"": """", ""state"": """", ""zip"": """"}'}",1.08E+12,,3,3,12,12,5,wood frame (5),5,wood frame (5),2007-01-26T00:00:00.000,,,,,
5ea20729c2aeecdcc61c5529,2.01E+11,8,otc alterations permit,2007-01-03T00:00:00.000,6971A,40,96,Seminole,Av,reroofing,complete,2007-01-17T00:00:00.000,2007-01-03T00:00:00.000,2007-01-03T00:00:00.000,2007-07-03T00:00:00.000Z,8000,8000,1 family dwelling,1 family dwelling,0,11,Outer Mission,94112,"{'latitude': '37.71959516366661', 'longitude': '-122.44524636238908', 'human_address': '{""address"": """", ""city"": """", ""state"": """", ""zip"": """"}'}",1.08E+12,,2,2,1,1,5,wood frame (5),5,wood frame (5),2007-01-17T00:00:00.000,,,,,
5ea20729c2aeecdcc61c552a,2.01E+11,8,otc alterations permit,2007-01-03T00:00:00.000,233,44,4,Embarcadero Center,,"oti-1, night hawk, 37th/fl -el,me.ls, sp.",complete,2007-05-23T00:00:00.000,2007-01-03T00:00:00.000,2007-01-03T00:00:00.000,2008-01-03T00:00:00.000Z,170000,170000,office,office,2,3,Financial District/South Beach,94111,"{'latitude': '37.79506002552974', 'longitude': '-122.39593224461805', 'human_address': '{""address"": """", ""city"": """", ""state"": """", ""zip"": """"}'}",1.08E+11,,44,44,0,0,1,constr type 1,1,constr type 1,2007-05-23T00:00:00.000,,,,,
5ea20729c2aeecdcc61c552b,2.01E+11,8,otc alterations permit,2007-01-03T00:00:00.000,3544,28,31,Landers,St,"enclose extg property line wndw to comply with nov 2006  at north side wall at 1st floor approx 2'5"" by 2'5"" with 1 hr wall construction min 2x4 wall studs with 5/8 type x on each side minim.",expired,2013-02-28T00:00:00.000,2007-01-03T00:00:00.000,2007-01-03T00:00:00.000,2007-05-03T00:00:00.000Z,500,500,apartments,apartments,0,8,Castro/Upper Market,94114,"{'latitude': '37.767257610695104', 'longitude': '-122.42749276822518', 'human_address': '{""address"": """", ""city"": """", ""state"": """", ""zip"": """"}'}",1.08E+12,,3,3,4,4,5,wood frame (5),5,wood frame (5),,,,,,
5ea20729c2aeecdcc61c552c,M52666,8,otc alterations permit,2007-01-03T00:00:00.000,6796,16,36,Santa Rosa,Av,street space,issued,2007-01-03T00:00:00.000,2007-01-03T00:00:00.000,2007-01-03T00:00:00.000,,,0,,,,11,Outer Mission,94112,"{'latitude': '37.72635822088466', 'longitude': '-122.43455479118334', 'human_address': '{""address"": """", ""city"": """", ""state"": """", ""zip"": """"}'}",1.08E+12,,,,,,,,,,,,,,,
5ea20729c2aeecdcc61c552d,2.01E+11,8,otc alterations permit,2007-01-03T00:00:00.000,2031,3,1723,18th,Av,1 kitchen remodel. no structural change. all light to be flourescent.,complete,2007-04-24T00:00:00.000,2007-01-03T00:00:00.000,2007-01-03T00:00:00.000,2007-07-03T00:00:00.000Z,15000,15000,1 family dwelling,1 family dwelling,0,7,Inner Sunset,94122,"{'latitude': '37.75565388180566', 'longitude': '-122.47583003470427', 'human_address': '{""address"": """", ""city"": """", ""state"": """", ""zip"": """"}'}",1.08E+12,,1,1,1,1,5,wood frame (5),5,wood frame (5),2007-04-24T00:00:00.000,,,,,
5ea20729c2aeecdcc61c552e,2.01E+11,8,otc alterations permit,2007-01-03T00:00:00.000,728,6,1301,Pierce,St,extend 3 walls install new door @ existing storage 3 side of enclosure toe xtend to ceiling,complete,2007-01-31T00:00:00.000,2007-01-03T00:00:00.000,2007-01-03T00:00:00.000,2007-05-03T00:00:00.000Z,1500,1500,clinics-medic/dental,clinics-medic/dental,2,5,Western Addition,94115,"{'latitude': '37.78214368839908', 'longitude': '-122.4360594822349', 'human_address': '{""address"": """", ""city"": """", ""state"": """", ""zip"": """"}'}",1.08E+12,,2,2,0,0,5,wood frame (5),5,wood frame (5),2007-01-31T00:00:00.000,,,,,
5ea20729c2aeecdcc61c552f,2.01E+11,8,otc alterations permit,2007-01-03T00:00:00.000,1199,24,460,Lyon,St,"repair exterior stairway, guardrails, stair threads, risers and landing boards. less than 50% repair to comply w/ nov 20076608.",complete,2007-01-10T00:00:00.000,2007-01-03T00:00:00.000,2007-01-03T00:00:00.000,2007-05-03T00:00:00.000Z,2000,2000,apartments,apartments,0,5,Lone Mountain/USF,94117,"{'latitude': '37.775182667378125', 'longitude': '-122.44267093495081', 'human_address': '{""address"": """", ""city"": """", ""state"": """", ""zip"": """"}'}",1.08E+12,0,3,3,7,7,5,wood frame (5),5,wood frame (5),2007-01-10T00:00:00.000,,,,,
5ea20729c2aeecdcc61c5530,2.01E+11,3,additions alterations or repairs,2007-01-03T00:00:00.000,3715,7,169,Steuart,St,locker room upgrades 2 & 4 floors.,complete,2007-09-25T00:00:00.000,2007-01-03T00:00:00.000,2007-02-13T00:00:00.000,2008-02-13T00:00:00.000Z,113586,250000,recreation bldg,recreation bldg,2,6,Financial District/South Beach,94105,"{'latitude': '37.79269932213698', 'longitude': '-122.3919820334882', 'human_address': '{""address"": """", ""city"": """", ""state"": """", ""zip"": """"}'}",1.08E+12,,8,8,131,131,1,constr type 1,1,constr type 1,2007-09-25T00:00:00.000,,,,,
5ea20729c2aeecdcc61c5531,2.01E+11,8,otc alterations permit,2007-01-03T00:00:00.000,4039,9,398,Pennsylvania,Av,"structural revision to permit for boluntary seimic stiffening, original permit#1106240 app#200612059235. two story steel moment frame adjacent to back of garage and 2nd floor bathroom.",complete,2007-05-11T00:00:00.000,2007-01-03T00:00:00.000,2007-01-03T00:00:00.000,2007-07-03T00:00:00.000Z,11000,11000,1 family dwelling,1 family dwelling,2,10,Potrero Hill,94107,"{'latitude': '37.7615808908582', 'longitude': '-122.39382815606423', 'human_address': '{""address"": """", ""city"": """", ""state"": """", ""zip"": """"}'}",1.08E+12,,3,3,1,1,5,wood frame (5),5,wood frame (5),2007-05-11T00:00:00.000,,,,,
5ea20729c2aeecdcc61c5532,2.01E+11,8,otc alterations permit,2007-01-03T00:00:00.000,7018,41,974,Plymouth,Av,reroofing.,complete,2016-10-06T00:00:00.000,2007-01-03T00:00:00.000,2007-01-03T00:00:00.000,2007-07-03T00:00:00.000Z,8000,8000,1 family dwelling,1 family dwelling,0,11,Oceanview/Merced/Ingleside,94112,"{'latitude': '37.71957425849271', 'longitude': '-122.45582035575013', 'human_address': '{""address"": """", ""city"": """", ""state"": """", ""zip"": """"}'}",1.08E+12,,,,,,,,,,2016-10-06T00:00:00.000,,,,,
5ea20729c2aeecdcc61c5533,2.01E+11,8,otc alterations permit,2007-01-03T00:00:00.000,3089,78,436,Joost,Av,reroofing.,complete,2007-01-08T00:00:00.000,2007-01-03T00:00:00.000,2007-01-03T00:00:00.000,2007-07-03T00:00:00.000Z,8000,8000,1 family dwelling,1 family dwelling,0,7,West of Twin Peaks,94127,"{'latitude': '37.73257652946632', 'longitude': '-122.44516154137126', 'human_address': '{""address"": """", ""city"": """", ""state"": """", ""zip"": """"}'}",1.08E+12,,,,,,,,,,2007-01-08T00:00:00.000,,,,,
5ea20729c2aeecdcc61c5534,2.01E+11,8,otc alterations permit,2007-01-03T00:00:00.000,100,39,819,Filbert,St,"comply with nov #. revision to app #200609081808. detail plans for dry rot repairs at rear four levels deck levels, floor and walls",expired,2011-04-13T00:00:00.000,2007-01-03T00:00:00.000,2007-01-03T00:00:00.000,2008-01-03T00:00:00.000Z,40000,40000,2 family dwelling,2 family dwelling,2,3,Russian Hill,94133,"{'latitude': '37.800670573107155', 'longitude': '-122.41302345810746', 'human_address': '{""address"": """", ""city"": """", ""state"": """", ""zip"": """"}'}",1.08E+11,,4,4,2,2,5,wood frame (5),5,wood frame (5),,,,,,
5ea20729c2aeecdcc61c5535,2.01E+11,3,additions alterations or repairs,2007-01-03T00:00:00.000,1292,18,618,Belvedere,St,3rd story addition - site permit only.,withdrawn,2007-09-17T00:00:00.000,2007-01-03T00:00:00.000,,,450000,,1 family dwelling,1 family dwelling,2,5,Inner Sunset,94117,"{'latitude': '37.76147635810145', 'longitude': '-122.44745240091524', 'human_address': '{""address"": """", ""city"": """", ""state"": """", ""zip"": """"}'}",1.08E+11,,2,3,1,1,5,wood frame (5),5,wood frame (5),,,Y,,,
5ea20729c2aeecdcc61c5536,2.01E+11,8,otc alterations permit,2007-01-03T00:00:00.000,1887,001F,1519,41st,Av,remodel existing baths on groung floor & 2nd floor in same location for plans. legalize ground floor bedroom.,complete,2007-06-08T00:00:00.000,2007-01-03T00:00:00.000,2007-01-03T00:00:00.000,2007-07-03T00:00:00.000Z,12000,12000,1 family dwelling,1 family dwelling,2,4,Sunset/Parkside,94122,"{'latitude': '37.758361055721686', 'longitude': '-122.50073472097759', 'human_address': '{""address"": """", ""city"": """", ""state"": """", ""zip"": """"}'}",1.08E+12,,2,2,1,1,5,wood frame (5),5,wood frame (5),2007-06-08T00:00:00.000,,,,,
5ea20729c2aeecdcc61c5537,2.01E+11,8,otc alterations permit,2007-01-03T00:00:00.000,3540,105,139,Henry,St,remove sheetrock & chek for dry rot @ basement. bolt down. foundation all at property line. voluntary bolting minimum 5/8 bolt a at oc.,issued,2007-01-03T00:00:00.000,2007-01-03T00:00:00.000,2007-01-03T00:00:00.000,2007-05-03T00:00:00.000Z,1000,1000,apartments,apartments,0,8,Castro/Upper Market,94114,"{'latitude': '37.76636705787694', 'longitude': '-122.43421732284594', 'human_address': '{""address"": """", ""city"": """", ""state"": """", ""zip"": """"}'}",1.08E+12,0,3,3,3,3,5,wood frame (5),5,wood frame (5),,,,,,
5ea20729c2aeecdcc61c5538,2.01E+11,8,otc alterations permit,2007-01-03T00:00:00.000,597,54,1812,Polk,St,"build interior walls, wiring for receptacles lighting, switches. sheetrock. paint. tile 3 bathroom floors, cork flooring in restroom, install sinks & toilets in bathroom, no structural work.",complete,2007-04-30T00:00:00.000,2007-01-03T00:00:00.000,2007-01-03T00:00:00.000,2008-01-03T00:00:00.000Z,28500,28500,retail sales,retail sales,2,3,Russian Hill,94109,"{'latitude': '37.793683059086', 'longitude': '-122.42094798104395', 'human_address': '{""address"": """", ""city"": """", ""state"": """", ""zip"": """"}'}",1.08E+12,,5,5,12,12,1,constr type 1,1,constr type 1,2007-04-30T00:00:00.000,,,,,
5ea20729c2aeecdcc61c5539,M52682,8,otc alterations permit,2007-01-03T00:00:00.000,868,29,353,Waller,St,street space permit only.,issued,2007-01-03T00:00:00.000,2007-01-03T00:00:00.000,2007-01-03T00:00:00.000,,,0,,,,5,Hayes Valley,94117,"{'latitude': '37.771092957242445', 'longitude': '-122.42944513115835', 'human_address': '{""address"": """", ""city"": """", ""state"": """", ""zip"": """"}'}",1.08E+12,,,,,,,,,,,,,,,
5ea20729c2aeecdcc61c553a,M52683,8,otc alterations permit,2007-01-03T00:00:00.000,643,3,1630,California,St,street space,issued,2007-01-03T00:00:00.000,2007-01-03T00:00:00.000,2007-01-03T00:00:00.000,,,0,,,,3,Nob Hill,94109,"{'latitude': '37.79082802392417', 'longitude': '-122.42118031473406', 'human_address': '{""address"": """", ""city"": """", ""state"": """", ""zip"": """"}'}",1.08E+12,,,,,,,,,,,,,,,
5ea20729c2aeecdcc61c553b,2.01E+11,8,otc alterations permit,2007-01-03T00:00:00.000,1212,3,215,Cole,St,"proposed revision to 200309095983 to correcty *e( katiyt if (e) fourth floor, and for administrative correction whereby the existing 4th floor was unoccupied attic space and storage use only  (david pang 1-3-2007)",complete,2008-08-04T00:00:00.000,2007-01-03T00:00:00.000,2007-01-03T00:00:00.000,2007-05-03T00:00:00.000Z,1,1,apartments,apartments,2,5,Lone Mountain/USF,94117,"{'latitude': '37.77295138805527', 'longitude': '-122.45120688215236', 'human_address': '{""address"": """", ""city"": """", ""state"": """", ""zip"": """"}'}",1.08E+11,,4,4,3,3,5,wood frame (5),5,wood frame (5),2008-08-04T00:00:00.000,,,,,
5ea20729c2aeecdcc61c553c,2.01E+11,8,otc alterations permit,2007-01-03T00:00:00.000,1212,3,217,Cole,St,"proposed revision to 200309095983 to correcty *e( katiyt if (e) fourth floor, and for administrative correction whereby the existing 4th floor was unoccupied attic space and storage use only  (david pang 1-3-2007)",complete,2008-08-04T00:00:00.000,2007-01-03T00:00:00.000,2007-01-03T00:00:00.000,2007-05-03T00:00:00.000Z,1,1,apartments,apartments,2,5,Lone Mountain/USF,94117,"{'latitude': '37.77295138805527', 'longitude': '-122.45120688215236', 'human_address': '{""address"": """", ""city"": """", ""state"": """", ""zip"": """"}'}",1.08E+12,,4,4,3,3,5,wood frame (5),5,wood frame (5),2008-08-04T00:00:00.000,,,,,
5ea20729c2aeecdcc61c553d,M52702,8,otc alterations permit,2007-01-03T00:00:00.000,942,6,2710,Filbert,St,street space permit,issued,2007-01-03T00:00:00.000,2007-01-03T00:00:00.000,2007-01-03T00:00:00.000,,,0,,,,2,Marina,94123,"{'latitude': '37.797158497249235', 'longitude': '-122.444301776955', 'human_address': '{""address"": """", ""city"": """", ""state"": """", ""zip"": """"}'}",1.08E+11,,,,,,,,,,,,,,,
5ea20729c2aeecdcc61c553e,2.01E+11,8,otc alterations permit,2007-01-03T00:00:00.000,2690,015B,194,Caselli,Av,repalce north & east property line retaining walls.,expired,2009-06-26T00:00:00.000,2007-01-03T00:00:00.000,2007-01-03T00:00:00.000,2008-01-03T00:00:00.000Z,40000,40000,2 family dwelling,2 family dwelling,2,8,Castro/Upper Market,94114,"{'latitude': '37.759749807234435', 'longitude': '-122.44297144782306', 'human_address': '{""address"": """", ""city"": """", ""state"": """", ""zip"": """"}'}",1.08E+12,,2,2,2,2,5,wood frame (5),5,wood frame (5),,,,,,
5ea20729c2aeecdcc61c553f,2.01E+11,8,otc alterations permit,2007-01-03T00:00:00.000,497,008A,3054,Gough,St,"comply with nov# 200685678. interior remodel of kitchen, bath & laundry. no structural work.",complete,2007-03-15T00:00:00.000,2007-01-03T00:00:00.000,2007-01-03T00:00:00.000,2007-07-03T00:00:00.000Z,15000,15000,2 family dwelling,2 family dwelling,0,2,Marina,94123,"{'latitude': '37.80170333601107', 'longitude': '-122.4277156684635', 'human_address': '{""address"": """", ""city"": """", ""state"": """", ""zip"": """"}'}",1.08E+11,,2,2,2,2,5,wood frame (5),5,wood frame (5),2007-03-15T00:00:00.000,,,,,
5ea20729c2aeecdcc61c5540,M52703,8,otc alterations permit,2007-01-03T00:00:00.000,3767,306,430,Main,St,street space permit,issued,2007-01-03T00:00:00.000,2007-01-03T00:00:00.000,2007-01-03T00:00:00.000,,,0,,,,6,Financial District/South Beach,94105,"{'latitude': '37.787516857219856', 'longitude': '-122.39005478497438', 'human_address': '{""address"": """", ""city"": """", ""state"": """", ""zip"": """"}'}",1.08E+12,,,,,,,,,,,,,,,
5ea20729c2aeecdcc61c5541,2.01E+11,8,otc alterations permit,2007-01-03T00:00:00.000,6477,013A,173,Florentine,Av,"replace (1) kitchen cabinets, electrical upgrade on panel & kitchen circuits, outlets, switches. move furnace & water heater vent/chimney. no structural work. all lighting to be fluorescent.",complete,2007-06-22T00:00:00.000,2007-01-03T00:00:00.000,2007-01-03T00:00:00.000,2007-07-03T00:00:00.000Z,12000,12000,1 family dwelling,1 family dwelling,0,11,Excelsior,94112,"{'latitude': '37.7111386390666', 'longitude': '-122.44267456356773', 'human_address': '{""address"": """", ""city"": """", ""state"": """", ""zip"": """"}'}",1.08E+12,,2,2,1,1,5,wood frame (5),5,wood frame (5),2007-06-22T00:00:00.000,,,,,
5ea20729c2aeecdcc61c5542,M52722,8,otc alterations permit,2007-01-03T00:00:00.000,1430,21,200,Clement,St,street space permit only.,issued,2007-01-03T00:00:00.000,2007-01-03T00:00:00.000,2007-01-03T00:00:00.000,,,0,,,,1,Inner Richmond,94118,"{'latitude': '37.78333439840213', 'longitude': '-122.46140000455425', 'human_address': '{""address"": """", ""city"": """", ""state"": """", ""zip"": """"}'}",1.08E+11,,,,,,,,,,,,,,,
5ea20729c2aeecdcc61c5543,M52722,8,otc alterations permit,2007-01-03T00:00:00.000,1430,21,204,Clement,St,street space permit only.,issued,2007-01-03T00:00:00.000,2007-01-03T00:00:00.000,2007-01-03T00:00:00.000,,,0,,,,1,Inner Richmond,94118,"{'latitude': '37.78333439840213', 'longitude': '-122.46140000455425', 'human_address': '{""address"": """", ""city"": """", ""state"": """", ""zip"": """"}'}",1.08E+12,,,,,,,,,,,,,,,
5ea20729c2aeecdcc61c5544,2.01E+11,8,otc alterations permit,2007-01-03T00:00:00.000,319,8,620,Ofarrell,St,install fire suppression system to kitchen hood ground floor restaurant.,expired,2009-01-27T00:00:00.000,2007-01-03T00:00:00.000,2007-01-03T00:00:00.000,2007-05-03T00:00:00.000Z,2500,2500,food/beverage hndlng,food/beverage hndlng,2,6,Tenderloin,94109,"{'latitude': '37.78571947835546', 'longitude': '-122.41511604809372', 'human_address': '{""address"": """", ""city"": """", ""state"": """", ""zip"": """"}'}",1.08E+11,,2,2,2,2,5,wood frame (5),5,wood frame (5),,,,,,
5ea20729c2aeecdcc61c5545,2.01E+11,8,otc alterations permit,2007-01-03T00:00:00.000,1225,40,417,Clayton,St,"repair & repalce rotted wood in dommers area i attic. repair & replace broken railings, on lthe 2 decks in the back section of the house. add pavers to the existing decks on the back of the house. replace 3 cracked windows i the dommers not visible from the street.",expired,2007-08-30T00:00:00.000,2007-01-03T00:00:00.000,2007-01-03T00:00:00.000,2007-05-03T00:00:00.000Z,2000,2000,2 family dwelling,2 family dwelling,0,5,Haight Ashbury,94117,"{'latitude': '37.77102912197822', 'longitude': '-122.4490895889424', 'human_address': '{""address"": """", ""city"": """", ""state"": """", ""zip"": """"}'}",1.08E+11,,4,4,2,2,4,constr type 4,4,constr type 4,,,,,,
5ea20729c2aeecdcc61c5546,2.01E+11,8,otc alterations permit,2007-01-03T00:00:00.000,1225,40,419,Clayton,St,"repair & repalce rotted wood in dommers area i attic. repair & replace broken railings, on lthe 2 decks in the back section of the house. add pavers to the existing decks on the back of the house. replace 3 cracked windows i the dommers not visible from the street.",expired,2007-08-30T00:00:00.000,2007-01-03T00:00:00.000,2007-01-03T00:00:00.000,2007-05-03T00:00:00.000Z,2000,2000,2 family dwelling,2 family dwelling,0,5,Haight Ashbury,94117,"{'latitude': '37.77102912197822', 'longitude': '-122.4490895889424', 'human_address': '{""address"": """", ""city"": """", ""state"": """", ""zip"": """"}'}",1.08E+12,,4,4,2,2,4,constr type 4,4,constr type 4,,,,,,
5ea20729c2aeecdcc61c5547,2.01E+11,8,otc alterations permit,2007-01-03T00:00:00.000,914,001C,3745,Divisadero,St,renew pa# 9005891 for final inspection only,complete,2007-02-09T00:00:00.000,2007-01-03T00:00:00.000,2007-01-03T00:00:00.000,2007-05-03T00:00:00.000Z,1,1,apartments,apartments,0,2,Marina,94123,"{'latitude': '37.80423397716338', 'longitude': '-122.44402882836476', 'human_address': '{""address"": """", ""city"": """", ""state"": """", ""zip"": """"}'}",1.08E+11,,3,3,6,6,5,wood frame (5),5,wood frame (5),2007-02-09T00:00:00.000,,,,,
5ea2072ac2aeecdcc61c5548,2.01E+11,8,otc alterations permit,2007-01-04T00:00:00.000,94,36,2112,Hyde,St,reroofing,issued,2007-01-04T00:00:00.000,2007-01-04T00:00:00.000,2007-01-04T00:00:00.000,2007-07-04T00:00:00.000Z,21870,21870,apartments,apartments,0,2,Russian Hill,94109,"{'latitude': '37.800449351587666', 'longitude': '-122.4190721273311', 'human_address': '{""address"": """", ""city"": """", ""state"": """", ""zip"": """"}'}",1.08E+12,0,,,,,,,,,,,,,,
5ea2072ac2aeecdcc61c5549,M52884,8,otc alterations permit,2007-01-04T00:00:00.000,1439,40,639,Clement,St,sidewalk permit only.,issued,2007-01-04T00:00:00.000,2007-01-04T00:00:00.000,2007-01-04T00:00:00.000,,,0,,,,1,Inner Richmond,94118,"{'latitude': '37.78262073805518', 'longitude': '-122.46614333046185', 'human_address': '{""address"": """", ""city"": """", ""state"": """", ""zip"": """"}'}",1.08E+12,,,,,,,,,,,,,,,
5ea2072ac2aeecdcc61c554a,2.01E+11,8,otc alterations permit,2007-01-04T00:00:00.000,310,15,100,Grant,Av,interior non structural and storefront demolition of vacant retail store on ground floor. erection on temporary constructoion barricade on sidewalk.,expired,2007-12-04T00:00:00.000,2007-01-04T00:00:00.000,2007-01-04T00:00:00.000,2007-07-04T00:00:00.000Z,20000,20000,retail sales,retail sales,2,3,Financial District/South Beach,94108,"{'latitude': '37.788050582493206', 'longitude': '-122.4048761520152', 'human_address': '{""address"": """", ""city"": """", ""state"": """", ""zip"": """"}'}",1.08E+11,,7,7,0,0,3,constr type 3,3,constr type 3,,,,,,
5ea2072ac2aeecdcc61c554b,2.01E+11,8,otc alterations permit,2007-01-04T00:00:00.000,1646,7,741,03rd,Av,reroofing,complete,2008-12-04T00:00:00.000,2007-01-04T00:00:00.000,2007-01-04T00:00:00.000,2007-07-04T00:00:00.000Z,14725,14725,1 family dwelling,1 family dwelling,0,1,Inner Richmond,94118,"{'latitude': '37.7748166622703', 'longitude': '-122.46093965991695', 'human_address': '{""address"": """", ""city"": """", ""state"": """", ""zip"": """"}'}",1.08E+12,,,,,,,,,,2008-12-04T00:00:00.000,,,,,
5ea2072ac2aeecdcc61c554c,2.01E+11,8,otc alterations permit,2007-01-04T00:00:00.000,2478,32,2626,19th,Av,reroofing,expired,2010-12-08T00:00:00.000,2007-01-04T00:00:00.000,2007-01-04T00:00:00.000,2007-07-04T00:00:00.000Z,12375,12375,1 family dwelling,1 family dwelling,0,7,West of Twin Peaks,94116,"{'latitude': '37.7387848314406', 'longitude': '-122.47503667647376', 'human_address': '{""address"": """", ""city"": """", ""state"": """", ""zip"": """"}'}",1.08E+12,,,,,,,,,,,,,,,
5ea2072ac2aeecdcc61c554d,2.01E+11,8,otc alterations permit,2007-01-04T00:00:00.000,6997,31,328,Monticello,St,reroofing,issued,2007-01-04T00:00:00.000,2007-01-04T00:00:00.000,2007-01-04T00:00:00.000,2007-07-04T00:00:00.000Z,9750,9750,1 family dwelling,1 family dwelling,0,11,Oceanview/Merced/Ingleside,94132,"{'latitude': '37.72024537216744', 'longitude': '-122.47048352741959', 'human_address': '{""address"": """", ""city"": """", ""state"": """", ""zip"": """"}'}",1.08E+12,,,,,,,,,,,,,,,
5ea2072ac2aeecdcc61c554e,2.01E+11,8,otc alterations permit,2007-01-04T00:00:00.000,264,4,1,California,St,fire sprklr/15 sprnklr/9 relocates/6 added,complete,2007-02-09T00:00:00.000,2007-01-04T00:00:00.000,2007-01-04T00:00:00.000,2007-05-04T00:00:00.000Z,1900,1900,office,office,2,3,Financial District/South Beach,94111,"{'latitude': '37.79311984802232', 'longitude': '-122.39697498027529', 'human_address': '{""address"": """", ""city"": """", ""state"": """", ""zip"": """"}'}",1.08E+11,,32,32,0,0,1,constr type 1,1,constr type 1,2007-02-09T00:00:00.000,,,,,
5ea2072ac2aeecdcc61c554f,2.01E+11,8,otc alterations permit,2007-01-04T00:00:00.000,94,34,2112,Hyde,St,reroofing,issued,2007-01-04T00:00:00.000,2007-01-04T00:00:00.000,2007-01-04T00:00:00.000,2007-07-04T00:00:00.000Z,21870,21870,apartments,apartments,0,2,Russian Hill,94109,"{'latitude': '37.800449351587666', 'longitude': '-122.4190721273311', 'human_address': '{""address"": """", ""city"": """", ""state"": """", ""zip"": """"}'}",1.08E+12,,,,,,,,,,,,,,,
5ea2072ac2aeecdcc61c5550,2.01E+11,8,otc alterations permit,2007-01-04T00:00:00.000,94,35,2112,Hyde,St,reroofing,issued,2007-01-04T00:00:00.000,2007-01-04T00:00:00.000,2007-01-04T00:00:00.000,2007-07-04T00:00:00.000Z,21870,21870,apartments,apartments,0,2,Russian Hill,94109,"{'latitude': '37.800449351587666', 'longitude': '-122.4190721273311', 'human_address': '{""address"": """", ""city"": """", ""state"": """", ""zip"": """"}'}",1.08E+12,0,,,,,,,,,,,,,,
5ea2072ac2aeecdcc61c5551,M52802,8,otc alterations permit,2007-01-04T00:00:00.000,1745,5,1231,05th,Av,street space permit,issued,2007-01-04T00:00:00.000,2007-01-04T00:00:00.000,2007-01-04T00:00:00.000,,,0,,,,5,Inner Sunset,94122,"{'latitude': '37.76547355005429', 'longitude': '-122.4624038786064', 'human_address': '{""address"": """", ""city"": """", ""state"": """", ""zip"": """"}'}",1.08E+12,,,,,,,,,,,,,,,
5ea2072ac2aeecdcc61c5552,2.01E+11,8,otc alterations permit,2007-01-04T00:00:00.000,94,37,2112,Hyde,St,reroofing,issued,2007-01-04T00:00:00.000,2007-01-04T00:00:00.000,2007-01-04T00:00:00.000,2007-07-04T00:00:00.000Z,21870,21870,apartments,apartments,0,2,Russian Hill,94109,"{'latitude': '37.800449351587666', 'longitude': '-122.4190721273311', 'human_address': '{""address"": """", ""city"": """", ""state"": """", ""zip"": """"}'}",1.08E+12,0,,,,,,,,,,,,,,
5ea2072ac2aeecdcc61c5553,2.01E+11,8,otc alterations permit,2007-01-04T00:00:00.000,94,38,2112,Hyde,St,reroofing,issued,2007-01-04T00:00:00.000,2007-01-04T00:00:00.000,2007-01-04T00:00:00.000,2007-07-04T00:00:00.000Z,21870,21870,apartments,apartments,0,2,Russian Hill,94109,"{'latitude': '37.800449351587666', 'longitude': '-122.4190721273311', 'human_address': '{""address"": """", ""city"": """", ""state"": """", ""zip"": """"}'}",1.08E+12,0,,,,,,,,,,,,,,
5ea2072ac2aeecdcc61c5554,2.01E+11,8,otc alterations permit,2007-01-04T00:00:00.000,2009,004Y,1775,40th,Av,reroofing.,complete,2007-02-15T00:00:00.000,2007-01-04T00:00:00.000,2007-01-04T00:00:00.000,2007-05-04T00:00:00.000Z,4900,4900,1 family dwelling,1 family dwelling,0,4,Sunset/Parkside,94122,"{'latitude': '37.753723616253474', 'longitude': '-122.49933557107873', 'human_address': '{""address"": """", ""city"": """", ""state"": """", ""zip"": """"}'}",1.08E+12,,,,,,,,,,2007-02-15T00:00:00.000,,,,,
5ea2072ac2aeecdcc61c5555,2.01E+11,8,otc alterations permit,2007-01-04T00:00:00.000,208,26,601,Montgomery,St,oti-3 3rd floor sp,complete,2007-03-15T00:00:00.000,2007-01-04T00:00:00.000,2007-01-04T00:00:00.000,2007-07-04T00:00:00.000Z,5750,5750,office,office,2,3,Chinatown,94111,"{'latitude': '37.794836064028274', 'longitude': '-122.40352689641819', 'human_address': '{""address"": """", ""city"": """", ""state"": """", ""zip"": """"}'}",1.08E+11,,20,20,0,0,1,constr type 1,1,constr type 1,2007-03-15T00:00:00.000,,,,,
5ea2072ac2aeecdcc61c5556,2.01E+11,8,otc alterations permit,2007-01-04T00:00:00.000,6527,021A,1049,Capp,St,repair back stairs less than 50% in kind to comply w/nov #200683953,complete,2007-05-04T00:00:00.000,2007-01-04T00:00:00.000,2007-01-09T00:00:00.000,2007-05-09T00:00:00.000Z,350,350,apartments,apartments,0,9,Mission,94110,"{'latitude': '37.749868530337615', 'longitude': '-122.41681343185323', 'human_address': '{""address"": """", ""city"": """", ""state"": """", ""zip"": """"}'}",1.08E+12,,2,2,4,4,5,wood frame (5),5,wood frame (5),2007-05-04T00:00:00.000,,,,,
5ea2072ac2aeecdcc61c5557,2.01E+11,8,otc alterations permit,2007-01-04T00:00:00.000,1613,005T,710,32nd,Av,reroofing,issued,2007-01-04T00:00:00.000,2007-01-04T00:00:00.000,2007-01-04T00:00:00.000,2007-07-04T00:00:00.000Z,12780,12780,1 family dwelling,1 family dwelling,0,1,Outer Richmond,94121,"{'latitude': '37.77568996926883', 'longitude': '-122.49166254542851', 'human_address': '{""address"": """", ""city"": """", ""state"": """", ""zip"": """"}'}",1.08E+12,,,,,,,,,,,,,,,
5ea2072ac2aeecdcc61c5558,M52742,8,otc alterations permit,2007-01-04T00:00:00.000,3636,11,2690,Mission,St,sidewalk repair permit,issued,2007-01-04T00:00:00.000,2007-01-04T00:00:00.000,2007-01-04T00:00:00.000,,,0,,,,9,Mission,94110,"{'latitude': '37.75402855410332', 'longitude': '-122.41897390772756', 'human_address': '{""address"": """", ""city"": """", ""state"": """", ""zip"": """"}'}",1.08E+12,,,,,,,,,,,,,,,
5ea2072ac2aeecdcc61c5559,M52743,8,otc alterations permit,2007-01-04T00:00:00.000,589,25,2209,Pacific,Av,sidewalk permit,issued,2007-01-04T00:00:00.000,2007-01-04T00:00:00.000,2007-01-04T00:00:00.000,,,0,,,,2,Pacific Heights,94115,"{'latitude': '37.79343426231262', 'longitude': '-122.43191761910658', 'human_address': '{""address"": """", ""city"": """", ""state"": """", ""zip"": """"}'}",1.08E+11,,,,,,,,,,,,,,,
5ea2072ac2aeecdcc61c555a,M52744,8,otc alterations permit,2007-01-04T00:00:00.000,6569,3,3018,Mission,St,sidewalk repair permit,issued,2007-01-04T00:00:00.000,2007-01-04T00:00:00.000,2007-01-04T00:00:00.000,,,0,,,,9,Mission,94110,"{'latitude': '37.748701786166485', 'longitude': '-122.41846444928798', 'human_address': '{""address"": """", ""city"": """", ""state"": """", ""zip"": """"}'}",1.08E+12,,,,,,,,,,,,,,,
5ea2072ac2aeecdcc61c555b,2.01E+11,8,otc alterations permit,2007-01-04T00:00:00.000,2414,12,1245,Ulloa,St,rev. to pa#2005/12/29/1265: underpin (e) bldng. foundation at rear wall (7' in length) as per engineer,complete,2007-02-06T00:00:00.000,2007-01-04T00:00:00.000,2007-01-04T00:00:00.000,2007-05-04T00:00:00.000Z,800,800,1 family dwelling,1 family dwelling,2,7,West of Twin Peaks,94127,"{'latitude': '37.74120131530114', 'longitude': '-122.46945645645238', 'human_address': '{""address"": """", ""city"": """", ""state"": """", ""zip"": """"}'}",1.08E+12,,2,2,1,1,5,wood frame (5),5,wood frame (5),2007-02-06T00:00:00.000,,,,,
5ea2072ac2aeecdcc61c555c,2.01E+11,8,otc alterations permit,2007-01-04T00:00:00.000,328,3,77,Ofarrell,St,"fire sprinkler system build back 5th, 6th,  and 7th floors 353 sprnkr",complete,2007-12-07T00:00:00.000,2007-01-04T00:00:00.000,2007-01-04T00:00:00.000,2008-01-04T00:00:00.000Z,140000,140000,retail sales,retail sales,2,3,Financial District/South Beach,94108,"{'latitude': '37.78630347434889', 'longitude': '-122.40608977025623', 'human_address': '{""address"": """", ""city"": """", ""state"": """", ""zip"": """"}'}",1.08E+12,0,6,6,0,0,3,constr type 3,3,constr type 3,2007-12-07T00:00:00.000,,,,,
5ea2072ac2aeecdcc61c555d,2.01E+11,8,otc alterations permit,2007-01-04T00:00:00.000,936,018E,2365,Chestnut,St,upgrade existing front entrance door and existing restroom to accessible,complete,2007-01-30T00:00:00.000,2007-01-04T00:00:00.000,2007-01-04T00:00:00.000,2007-07-04T00:00:00.000Z,10000,10000,apartments,apartments,2,2,Marina,94123,"{'latitude': '37.79977063849528', 'longitude': '-122.4422247335127', 'human_address': '{""address"": """", ""city"": """", ""state"": """", ""zip"": """"}'}",1.08E+11,,1,1,3,3,5,wood frame (5),5,wood frame (5),2007-01-30T00:00:00.000,,,,,
5ea2072ac2aeecdcc61c555e,2.01E+11,8,otc alterations permit,2007-01-04T00:00:00.000,1830,024C,1490,24th,Av,"replace 3 windows, kind for kind, wood to wood composite, visible from st. u-value 0.39.",complete,2007-04-19T00:00:00.000,2007-01-04T00:00:00.000,2007-01-04T00:00:00.000,2007-07-04T00:00:00.000Z,11800,11800,1 family dwelling,1 family dwelling,0,4,Sunset/Parkside,94122,"{'latitude': '37.75984332093765', 'longitude': '-122.48194402089496', 'human_address': '{""address"": """", ""city"": """", ""state"": """", ""zip"": """"}'}",1.08E+12,,2,2,1,1,5,wood frame (5),5,wood frame (5),2007-04-19T00:00:00.000,,,,,
5ea2072ac2aeecdcc61c555f,2.01E+11,8,otc alterations permit,2007-01-04T00:00:00.000,6601,19,280,28th,St,"unit#3. replace 4 windows, kind for kind, alum to wood composite, not visible from st. u-value 0.39.",expired,2007-08-22T00:00:00.000,2007-01-04T00:00:00.000,2007-01-04T00:00:00.000,2007-07-04T00:00:00.000Z,9000,9000,apartments,apartments,0,8,Noe Valley,94131,"{'latitude': '37.74544160386589', 'longitude': '-122.42852821505423', 'human_address': '{""address"": """", ""city"": """", ""state"": """", ""zip"": """"}'}",1.08E+12,,2,2,4,4,5,wood frame (5),5,wood frame (5),,,,,,
5ea2072ac2aeecdcc61c5560,2.01E+11,8,otc alterations permit,2007-01-04T00:00:00.000,216,19,1346,Hyde,St,reroofing,issued,2007-01-04T00:00:00.000,2007-01-04T00:00:00.000,2007-01-04T00:00:00.000,2007-07-04T00:00:00.000Z,23376,23376,2 family dwelling,2 family dwelling,0,3,Russian Hill,94109,"{'latitude': '37.79343766438872', 'longitude': '-122.41757498815157', 'human_address': '{""address"": """", ""city"": """", ""state"": """", ""zip"": """"}'}",1.08E+11,,,,,,,,,,,,,,,
5ea2072ac2aeecdcc61c5561,2.01E+11,8,otc alterations permit,2007-01-04T00:00:00.000,1274,26,265,Carl,St,"replace 5 windows, kind for kind. wood to wood composite, not visible from street. u-valve 0.39.",complete,2007-06-04T00:00:00.000,2007-01-04T00:00:00.000,2007-01-04T00:00:00.000,2007-07-04T00:00:00.000Z,7600,7600,2 family dwelling,2 family dwelling,0,5,Inner Sunset,94117,"{'latitude': '37.76502990149523', 'longitude': '-122.45374128857439', 'human_address': '{""address"": """", ""city"": """", ""state"": """", ""zip"": """"}'}",1.08E+12,,2,2,2,2,5,wood frame (5),5,wood frame (5),2007-06-04T00:00:00.000,,,,,
5ea2072ac2aeecdcc61c5562,2.01E+11,8,otc alterations permit,2007-01-04T00:00:00.000,541,29,2052,Green,St,renew permit#200606012946 to replace 10 windows and 1 door. all work in rear of house. for final inspection.,complete,2007-04-19T00:00:00.000,2007-01-04T00:00:00.000,2007-01-04T00:00:00.000,2007-05-04T00:00:00.000Z,1,1,1 family dwelling,1 family dwelling,0,2,Marina,94123,"{'latitude': '37.79673576084849', 'longitude': '-122.4330443883247', 'human_address': '{""address"": """", ""city"": """", ""state"": """", ""zip"": """"}'}",1.08E+11,2,2,2,1,1,5,wood frame (5),5,wood frame (5),2007-04-19T00:00:00.000,,,,,
5ea2072ac2aeecdcc61c5563,M52842,8,otc alterations permit,2007-01-04T00:00:00.000,7071,8,355,Bright,St,street space,issued,2007-01-04T00:00:00.000,2007-01-04T00:00:00.000,2007-01-04T00:00:00.000,,,0,,,,11,Oceanview/Merced/Ingleside,94132,"{'latitude': '37.71714083657735', 'longitude': '-122.46380922960289', 'human_address': '{""address"": """", ""city"": """", ""state"": """", ""zip"": """"}'}",1.08E+12,,,,,,,,,,,,,,,
5ea2072ac2aeecdcc61c5564,2.01E+11,8,otc alterations permit,2007-01-04T00:00:00.000,1584,019A,630,42nd,Av,"replace 10 windows, kind for kind. wood to wood composite, not visible from street. u-valve 0.39.",complete,2007-03-15T00:00:00.000,2007-01-04T00:00:00.000,2007-01-04T00:00:00.000,2007-07-04T00:00:00.000Z,13800,13800,1 family dwelling,1 family dwelling,0,1,Outer Richmond,94121,"{'latitude': '37.77672928384429', 'longitude': '-122.5024309451951', 'human_address': '{""address"": """", ""city"": """", ""state"": """", ""zip"": """"}'}",1.08E+12,,2,2,1,1,5,wood frame (5),5,wood frame (5),2007-03-15T00:00:00.000,,,,,
5ea2072ac2aeecdcc61c5565,2.01E+11,8,otc alterations permit,2007-01-04T00:00:00.000,1672,5,855,29th,Av,"replace 5 windows, kind for kind. wood to wood composite, not visible from street. u-valve 0.39.",complete,2007-03-09T00:00:00.000,2007-01-04T00:00:00.000,2007-01-04T00:00:00.000,2007-07-04T00:00:00.000Z,8100,8100,1 family dwelling,1 family dwelling,0,1,Outer Richmond,94121,"{'latitude': '37.7731943897025', 'longitude': '-122.48886116602064', 'human_address': '{""address"": """", ""city"": """", ""state"": """", ""zip"": """"}'}",1.08E+12,,2,2,1,1,5,wood frame (5),5,wood frame (5),2007-03-09T00:00:00.000,,,,,
5ea2072ac2aeecdcc61c5566,M52762,8,otc alterations permit,2007-01-04T00:00:00.000,311,15,1,Post,St,street space,issued,2007-01-04T00:00:00.000,2007-01-04T00:00:00.000,2007-01-04T00:00:00.000,,,0,,,,3,Financial District/South Beach,94104,"{'latitude': '37.78873756742995', 'longitude': '-122.40250450906785', 'human_address': '{""address"": """", ""city"": """", ""state"": """", ""zip"": """"}'}",1.08E+12,0,,,,,,,,,,,,,,
5ea2072ac2aeecdcc61c5567,2.01E+11,8,otc alterations permit,2007-01-04T00:00:00.000,3649,38,1060,Dolores,St,to comply with nov#200672502 . repair footing at rear stair.,expired,2010-01-11T00:00:00.000,2007-01-04T00:00:00.000,2007-01-04T00:00:00.000,2007-05-04T00:00:00.000Z,1000,1000,2 family dwelling,2 family dwelling,2,8,Noe Valley,94114,"{'latitude': '37.752468221875155', 'longitude': '-122.42562520900523', 'human_address': '{""address"": """", ""city"": """", ""state"": """", ""zip"": """"}'}",1.08E+12,,2,2,2,2,5,wood frame (5),5,wood frame (5),,,,,,
5ea2072ac2aeecdcc61c5568,2.01E+11,8,otc alterations permit,2007-01-04T00:00:00.000,236,19,150,California,St,"scope of work. install 2 new door holders, 1 new smoke detector in receptions area",complete,2007-01-31T00:00:00.000,2007-01-04T00:00:00.000,2007-01-04T00:00:00.000,2007-05-04T00:00:00.000Z,3500,3500,office,office,2,3,Financial District/South Beach,94111,"{'latitude': '37.79370276622121', 'longitude': '-122.39848089207443', 'human_address': '{""address"": """", ""city"": """", ""state"": """", ""zip"": """"}'}",1.08E+11,,23,23,0,0,1,constr type 1,1,constr type 1,2007-01-31T00:00:00.000,,,,,
5ea2072ac2aeecdcc61c5569,2.01E+11,8,otc alterations permit,2007-01-04T00:00:00.000,2062,001M,1867,25th,Av,"replace 1 window & 1 patio door, kind for kind. aluminium to wood composite, not visible from street. u-valve 0.39.",complete,2007-03-06T00:00:00.000,2007-01-04T00:00:00.000,2007-01-04T00:00:00.000,2007-07-04T00:00:00.000Z,5200,5200,1 family dwelling,1 family dwelling,0,4,Sunset/Parkside,94122,"{'latitude': '37.75270216841451', 'longitude': '-122.48314308294414', 'human_address': '{""address"": """", ""city"": """", ""state"": """", ""zip"": """"}'}",1.08E+12,,2,2,1,1,5,wood frame (5),5,wood frame (5),2007-03-06T00:00:00.000,,,,,
5ea2072ac2aeecdcc61c556a,2.01E+11,8,otc alterations permit,2007-01-04T00:00:00.000,2061,13,1861,24th,Av,"replace (e) siding with hardi plank in upper floor, cover (e) siding in lower floor. at rear of bldg. repair (e) back stair in kind less than 50%. approx 320 sq. ft.",complete,2007-03-12T00:00:00.000,2007-01-04T00:00:00.000,2007-01-04T00:00:00.000,2007-07-04T00:00:00.000Z,7500,7500,1 family dwelling,1 family dwelling,0,4,Sunset/Parkside,94122,"{'latitude': '37.75282033710636', 'longitude': '-122.4820769842612', 'human_address': '{""address"": """", ""city"": """", ""state"": """", ""zip"": """"}'}",1.08E+12,,1,1,1,1,5,wood frame (5),5,wood frame (5),2007-03-12T00:00:00.000,,,,,
5ea2072ac2aeecdcc61c556b,2.01E+11,8,otc alterations permit,2007-01-04T00:00:00.000,1365,6,153,05th,Av,"renew pa#200512190667,#200607217291 to complete work.",expired,2009-03-17T00:00:00.000,2007-01-04T00:00:00.000,2007-01-04T00:00:00.000,2007-07-04T00:00:00.000Z,10000,10000,1 family dwelling,1 family dwelling,0,2,Inner Richmond,94118,"{'latitude': '37.78589502804995', 'longitude': '-122.46388736648268', 'human_address': '{""address"": """", ""city"": """", ""state"": """", ""zip"": """"}'}",1.08E+12,0,2,2,1,1,5,wood frame (5),5,wood frame (5),,,,,,
5ea2072ac2aeecdcc61c556c,2.01E+11,8,otc alterations permit,2007-01-04T00:00:00.000,266,9,1,Front,St,oti-3 6th floor me,expired,2008-03-20T00:00:00.000,2007-01-04T00:00:00.000,2007-01-04T00:00:00.000,2007-07-04T00:00:00.000Z,24000,24000,office,office,2,3,Financial District/South Beach,94111,"{'latitude': '37.79175821447036', 'longitude': '-122.39891194475122', 'human_address': '{""address"": """", ""city"": """", ""state"": """", ""zip"": """"}'}",1.08E+12,,38,38,0,0,1,constr type 1,1,constr type 1,,,,,,
5ea2072ac2aeecdcc61c556d,M52763,8,otc alterations permit,2007-01-04T00:00:00.000,3575,37,2141,Mission,St,street space & sidewalk permit only.,issued,2007-01-04T00:00:00.000,2007-01-04T00:00:00.000,2007-01-04T00:00:00.000,,,0,,,,9,Mission,94110,"{'latitude': '37.76268558606695', 'longitude': '-122.41908647662034', 'human_address': '{""address"": """", ""city"": """", ""state"": """", ""zip"": """"}'}",1.08E+12,,,,,,,,,,,,,,,
5ea2072ac2aeecdcc61c556e,2.01E+11,8,otc alterations permit,2007-01-04T00:00:00.000,318,17,673,Geary,St,"partial demolition, new walls, new doors, no structural work, new ada restrooms, new bar: rev. to pa#2006/09/19/2753-general layout has changed. all other dimensions to apply, i.e., restroom heights & dimensions",complete,2007-01-12T00:00:00.000,2007-01-04T00:00:00.000,2007-01-04T00:00:00.000,2007-05-04T00:00:00.000Z,1,1,food/beverage hndlng,food/beverage hndlng,2,6,Tenderloin,94102,"{'latitude': '37.78637293250841', 'longitude': '-122.41432041426475', 'human_address': '{""address"": """", ""city"": """", ""state"": """", ""zip"": """"}'}",1.08E+11,,2,2,0,0,3,constr type 3,3,constr type 3,2007-01-12T00:00:00.000,,,,,
5ea2072ac2aeecdcc61c556f,M52764,8,otc alterations permit,2007-01-04T00:00:00.000,5670,36,139,Cortland,Av,street space,issued,2007-01-04T00:00:00.000,2007-01-04T00:00:00.000,2007-01-04T00:00:00.000,,,0,,,,9,Bernal Heights,94110,"{'latitude': '37.74009064598756', 'longitude': '-122.4200161043758', 'human_address': '{""address"": """", ""city"": """", ""state"": """", ""zip"": """"}'}",1.08E+12,0,,,,,,,,,,,,,,
5ea2072ac2aeecdcc61c5570,M52765,8,otc alterations permit,2007-01-04T00:00:00.000,1054,33,2813,Bush,St,street space permit only.,issued,2007-01-04T00:00:00.000,2007-01-04T00:00:00.000,2007-01-04T00:00:00.000,,,0,,,,2,Presidio Heights,94115,"{'latitude': '37.785409730457154', 'longitude': '-122.44385913345275', 'human_address': '{""address"": """", ""city"": """", ""state"": """", ""zip"": """"}'}",1.08E+11,,,,,,,,,,,,,,,
5ea2072ac2aeecdcc61c5571,M52766,8,otc alterations permit,2007-01-04T00:00:00.000,1290,14,158,Carmel,St,sidewalk repair,issued,2007-01-04T00:00:00.000,2007-01-04T00:00:00.000,2007-01-04T00:00:00.000,,,0,,,,5,Inner Sunset,94117,"{'latitude': '37.761035625826196', 'longitude': '-122.44995806814728', 'human_address': '{""address"": """", ""city"": """", ""state"": """", ""zip"": """"}'}",1.08E+12,0,,,,,,,,,,,,,,
5ea2072ac2aeecdcc61c5572,2.01E+11,8,otc alterations permit,2007-01-04T00:00:00.000,2715,35,10,Grand View,Tr,"renew pa# 2005/11/16/8327 & pa# 2006/06/07/3440 for final inspection only. increase valuation to $62,000 and correct error on pa# 2005/11/16/8327 building is a 2 units building converted in 1970 application 386390.",issued,2007-01-04T00:00:00.000,2007-01-04T00:00:00.000,2007-01-04T00:00:00.000,2008-01-04T00:00:00.000Z,62000,62000,2 family dwelling,2 family dwelling,0,8,Twin Peaks,94114,"{'latitude': '37.75732456332195', 'longitude': '-122.44097752067671', 'human_address': '{""address"": """", ""city"": """", ""state"": """", ""zip"": """"}'}",1.08E+12,,2,2,2,2,5,wood frame (5),5,wood frame (5),,,,,,
5ea2072ac2aeecdcc61c5573,2.01E+11,8,otc alterations permit,2007-01-04T00:00:00.000,1270,29,870,Ashbury,St,"recondtruction  landscape/ front yard retaining walls, ad underpinning front foundation of  existing house structure.,",issued,2007-01-04T00:00:00.000,2007-01-04T00:00:00.000,2007-01-04T00:00:00.000,2008-01-04T00:00:00.000Z,29000,29000,1 family dwelling,1 family dwelling,2,8,Haight Ashbury,94117,"{'latitude': '37.76616309972431', 'longitude': '-122.44584898321351', 'human_address': '{""address"": """", ""city"": """", ""state"": """", ""zip"": """"}'}",1.08E+11,,3,3,1,1,5,wood frame (5),5,wood frame (5),,,,,,
5ea2072ac2aeecdcc61c5574,2.01E+11,8,otc alterations permit,2007-01-04T00:00:00.000,1379,16,5700,California,St,renewal of expire pa# 2006/02/02/3646 for final inspection.,complete,2007-01-05T00:00:00.000,2007-01-04T00:00:00.000,2007-01-04T00:00:00.000,2007-05-04T00:00:00.000Z,1,1,apartments,apartments,0,1,Outer Richmond,94121,"{'latitude': '37.78433744648842', 'longitude': '-122.4788523830236', 'human_address': '{""address"": """", ""city"": """", ""state"": """", ""zip"": """"}'}",1.08E+11,,4,4,12,12,5,wood frame (5),5,wood frame (5),2007-01-05T00:00:00.000,,,,,
5ea2072ac2aeecdcc61c5575,2.01E+11,8,otc alterations permit,2007-01-04T00:00:00.000,7,1,400,Jefferson,St,install an automatic fire suppression system to the cooking hood. using range guard ul 300 2.5 gallon wet chemical,expired,2009-03-02T00:00:00.000,2007-01-04T00:00:00.000,2007-01-04T00:00:00.000,2007-05-04T00:00:00.000Z,2100,2100,food/beverage hndlng,food/beverage hndlng,2,2,Russian Hill,94133,"{'latitude': '37.808160114437925', 'longitude': '-122.41999826910967', 'human_address': '{""address"": """", ""city"": """", ""state"": """", ""zip"": """"}'}",1.08E+12,,2,2,0,0,5,wood frame (5),5,wood frame (5),,,,,,
5ea2072ac2aeecdcc61c5576,2.01E+11,8,otc alterations permit,2007-01-04T00:00:00.000,1361,20,3923,California,St,kitchen & bathroom were updated prior to  ownership w/o permits. permits are to legalized both kitchen and bathroom (no changes to partitions or windows).,expired,2008-10-27T00:00:00.000,2007-01-04T00:00:00.000,2007-01-04T00:00:00.000,2007-07-04T00:00:00.000Z,16000,16000,2 family dwelling,2 family dwelling,0,1,Inner Richmond,94118,"{'latitude': '37.78537172683489', 'longitude': '-122.46005593994607', 'human_address': '{""address"": """", ""city"": """", ""state"": """", ""zip"": """"}'}",1.08E+11,,3,3,2,2,5,wood frame (5),5,wood frame (5),,,,,,
5ea2072ac2aeecdcc61c5577,2.01E+11,8,otc alterations permit,2007-01-04T00:00:00.000,6356,11,542,Sawyer,St,"replace fire damage one window size 24"" x 36"" at the rear. additional item to pa# 2006/12/21/0346. no change to construction cost.",complete,2007-08-27T00:00:00.000,2007-01-04T00:00:00.000,2007-01-04T00:00:00.000,2007-05-04T00:00:00.000Z,1,1,1 family dwelling,1 family dwelling,0,10,Visitacion Valley,94134,"{'latitude': '37.71083842086488', 'longitude': '-122.41575920096828', 'human_address': '{""address"": """", ""city"": """", ""state"": """", ""zip"": """"}'}",1.08E+12,,1,1,1,1,5,wood frame (5),5,wood frame (5),2007-08-27T00:00:00.000,,,,,
5ea2072ac2aeecdcc61c5578,M52768,8,otc alterations permit,2007-01-04T00:00:00.000,1498,39,542,47th,Av,street space & sidewalk permit,issued,2007-01-04T00:00:00.000,2007-01-04T00:00:00.000,2007-01-04T00:00:00.000,,,0,,,,1,Outer Richmond,94121,"{'latitude': '37.778110600617715', 'longitude': '-122.50790554112474', 'human_address': '{""address"": """", ""city"": """", ""state"": """", ""zip"": """"}'}",1.08E+12,,,,,,,,,,,,,,,
5ea2072ac2aeecdcc61c5579,M52767,8,otc alterations permit,2007-01-04T00:00:00.000,835,2,1438,Market,St,verification and additional address,issued,2007-01-04T00:00:00.000,2007-01-04T00:00:00.000,2007-01-04T00:00:00.000,,,0,,,,6,Tenderloin,94102,"{'latitude': '37.77622045290004', 'longitude': '-122.41843589855435', 'human_address': '{""address"": """", ""city"": """", ""state"": """", ""zip"": """"}'}",1.08E+12,,,,,,,,,,,,,,,
5ea2072ac2aeecdcc61c557a,M52767,8,otc alterations permit,2007-01-04T00:00:00.000,835,2,1440,Market,St,verification and additional address,issued,2007-01-04T00:00:00.000,2007-01-04T00:00:00.000,2007-01-04T00:00:00.000,,,0,,,,6,Tenderloin,94102,"{'latitude': '37.77622045290004', 'longitude': '-122.41843589855435', 'human_address': '{""address"": """", ""city"": """", ""state"": """", ""zip"": """"}'}",1.08E+12,,,,,,,,,,,,,,,
5ea2072ac2aeecdcc61c557b,M52767,8,otc alterations permit,2007-01-04T00:00:00.000,835,2,1442,Market,St,verification and additional address,issued,2007-01-04T00:00:00.000,2007-01-04T00:00:00.000,2007-01-04T00:00:00.000,,,0,,,,6,Tenderloin,94102,"{'latitude': '37.77622045290004', 'longitude': '-122.41843589855435', 'human_address': '{""address"": """", ""city"": """", ""state"": """", ""zip"": """"}'}",1.08E+12,,,,,,,,,,,,,,,
5ea2072ac2aeecdcc61c557c,M52767,8,otc alterations permit,2007-01-04T00:00:00.000,835,2,1444,Market,St,verification and additional address,issued,2007-01-04T00:00:00.000,2007-01-04T00:00:00.000,2007-01-04T00:00:00.000,,,0,,,,6,Tenderloin,94102,"{'latitude': '37.77622045290004', 'longitude': '-122.41843589855435', 'human_address': '{""address"": """", ""city"": """", ""state"": """", ""zip"": """"}'}",1.08E+11,,,,,,,,,,,,,,,
5ea2072ac2aeecdcc61c557d,2.01E+11,8,otc alterations permit,2007-01-04T00:00:00.000,3717,21,150,Spear,St,oti-1  7th floor el me ls sp,complete,2007-07-17T00:00:00.000,2007-01-04T00:00:00.000,2007-01-04T00:00:00.000,2008-01-04T00:00:00.000Z,150000,150000,office,office,2,6,Financial District/South Beach,94105,"{'latitude': '37.79175339067497', 'longitude': '-122.39361386013451', 'human_address': '{""address"": """", ""city"": """", ""state"": """", ""zip"": """"}'}",1.08E+12,,17,17,0,0,1,constr type 1,1,constr type 1,2007-07-17T00:00:00.000,,,,,
5ea2072ac2aeecdcc61c557e,2.01E+11,8,otc alterations permit,2007-01-04T00:00:00.000,1022,23,3233,Sacramento,St,"foundation improvements only under this permit. handicapped access issues to comply with adminnistrative bulletin #ab-017, sfbc '2001",issued,2007-01-04T00:00:00.000,2007-01-04T00:00:00.000,2007-01-04T00:00:00.000,2007-07-04T00:00:00.000Z,20000,20000,office,office,2,2,Presidio Heights,94115,"{'latitude': '37.78801461960107', 'longitude': '-122.44613203865055', 'human_address': '{""address"": """", ""city"": """", ""state"": """", ""zip"": """"}'}",1.08E+11,,2,2,0,0,5,wood frame (5),5,wood frame (5),,,,,,
5ea2072ac2aeecdcc61c557f,2.01E+11,8,otc alterations permit,2007-01-04T00:00:00.000,1022,23,3237,Sacramento,St,"foundation improvements only under this permit. handicapped access issues to comply with adminnistrative bulletin #ab-017, sfbc '2001",issued,2007-01-04T00:00:00.000,2007-01-04T00:00:00.000,2007-01-04T00:00:00.000,2007-07-04T00:00:00.000Z,20000,20000,office,office,2,2,Presidio Heights,94115,"{'latitude': '37.78801461960107', 'longitude': '-122.44613203865055', 'human_address': '{""address"": """", ""city"": """", ""state"": """", ""zip"": """"}'}",1.08E+12,,2,2,0,0,5,wood frame (5),5,wood frame (5),,,,,,
5ea2072ac2aeecdcc61c5580,2.01E+11,8,otc alterations permit,2007-01-04T00:00:00.000,3541,18,2150,15th,St,remodel existing kitchens-3 and baths-4  no change to windows or partitions in each unit.,complete,2007-07-13T00:00:00.000,2007-01-04T00:00:00.000,2007-01-04T00:00:00.000,2008-01-04T00:00:00.000Z,70000,70000,apartments,apartments,0,8,Castro/Upper Market,94114,"{'latitude': '37.76617064210269', 'longitude': '-122.43222256485817', 'human_address': '{""address"": """", ""city"": """", ""state"": """", ""zip"": """"}'}",1.08E+12,,3,3,3,3,5,wood frame (5),5,wood frame (5),2007-07-13T00:00:00.000,,,,,
5ea2072ac2aeecdcc61c5581,2.01E+11,8,otc alterations permit,2007-01-04T00:00:00.000,3541,18,2154,15th,St,remodel existing kitchens-3 and baths-4  no change to windows or partitions in each unit.,complete,2007-07-13T00:00:00.000,2007-01-04T00:00:00.000,2007-01-04T00:00:00.000,2008-01-04T00:00:00.000Z,70000,70000,apartments,apartments,0,8,Castro/Upper Market,94114,"{'latitude': '37.76617064210269', 'longitude': '-122.43222256485817', 'human_address': '{""address"": """", ""city"": """", ""state"": """", ""zip"": """"}'}",1.08E+12,,3,3,3,3,5,wood frame (5),5,wood frame (5),2007-07-13T00:00:00.000,,,,,
5ea2072ac2aeecdcc61c5582,M52769,8,otc alterations permit,2007-01-04T00:00:00.000,3560,15,2298,Market,St,street space & sidewalk permit only.,issued,2007-01-04T00:00:00.000,2007-01-04T00:00:00.000,2007-01-04T00:00:00.000,,,0,,,,8,Castro/Upper Market,94114,"{'latitude': '37.764660433717985', 'longitude': '-122.43292243432423', 'human_address': '{""address"": """", ""city"": """", ""state"": """", ""zip"": """"}'}",1.08E+12,,,,,,,,,,,,,,,
5ea2072ac2aeecdcc61c5583,M52884,8,otc alterations permit,2007-01-04T00:00:00.000,1439,40,637,Clement,St,sidewalk permit only.,issued,2007-01-04T00:00:00.000,2007-01-04T00:00:00.000,2007-01-04T00:00:00.000,,,0,,,,1,Inner Richmond,94118,"{'latitude': '37.78262073805518', 'longitude': '-122.46614333046185', 'human_address': '{""address"": """", ""city"": """", ""state"": """", ""zip"": """"}'}",1.08E+11,,,,,,,,,,,,,,,
5ea2072ac2aeecdcc61c5584,2.01E+11,8,otc alterations permit,2007-01-04T00:00:00.000,2459,26,2626,Wawona,St,remodel kitchen. remove old cuyboards. counters sink-appliances. replace with new. remove old floor tile-replace with new.,expired,2010-07-01T00:00:00.000,2007-01-04T00:00:00.000,2007-01-04T00:00:00.000,2007-07-04T00:00:00.000Z,24000,24000,1 family dwelling,1 family dwelling,0,4,Sunset/Parkside,94116,"{'latitude': '37.736828254628456', 'longitude': '-122.49514045837954', 'human_address': '{""address"": """", ""city"": """", ""state"": """", ""zip"": """"}'}",1.08E+12,,1,1,1,1,5,wood frame (5),5,wood frame (5),,,,,,
5ea2072ac2aeecdcc61c5585,M52770,8,otc alterations permit,2007-01-04T00:00:00.000,2607,34,274,Roosevelt,Wy,street space & sidewalk permit only.,issued,2007-01-04T00:00:00.000,2007-01-04T00:00:00.000,2007-01-04T00:00:00.000,,,0,,,,8,Castro/Upper Market,94117,"{'latitude': '37.76580792219555', 'longitude': '-122.44099150438457', 'human_address': '{""address"": """", ""city"": """", ""state"": """", ""zip"": """"}'}",1.08E+12,,,,,,,,,,,,,,,
5ea2072ac2aeecdcc61c5586,M52771,8,otc alterations permit,2007-01-04T00:00:00.000,7122,8,4140,19th,Av,street space & sidewalk permit only.,issued,2007-01-04T00:00:00.000,2007-01-04T00:00:00.000,2007-01-04T00:00:00.000,,,0,,,,11,Oceanview/Merced/Ingleside,94132,"{'latitude': '37.713725275919025', 'longitude': '-122.469105631897', 'human_address': '{""address"": """", ""city"": """", ""state"": """", ""zip"": """"}'}",1.08E+12,,,,,,,,,,,,,,,
5ea2072ac2aeecdcc61c5587,M52772,8,otc alterations permit,2007-01-04T00:00:00.000,5678,008A,133,Ellert,St,street space permit only.,issued,2007-01-04T00:00:00.000,2007-01-04T00:00:00.000,2007-01-04T00:00:00.000,,,0,,,,9,Bernal Heights,94110,"{'latitude': '37.73846383421109', 'longitude': '-122.41688725720884', 'human_address': '{""address"": """", ""city"": """", ""state"": """", ""zip"": """"}'}",1.08E+12,,,,,,,,,,,,,,,
5ea2072ac2aeecdcc61c5588,2.01E+11,3,additions alterations or repairs,2007-01-04T00:00:00.000,491,1,2001,Chestnut,St,adding entertainment permit to full service restaurant. nned to have planning approval,cancelled,2009-09-16T00:00:00.000,2007-01-04T00:00:00.000,,,1,,food/beverage hndlng,food/beverage hndlng,0,2,Marina,94123,"{'latitude': '37.80055404683153', 'longitude': '-122.43651042613021', 'human_address': '{""address"": """", ""city"": """", ""state"": """", ""zip"": """"}'}",1.08E+11,,1,1,0,0,5,wood frame (5),5,wood frame (5),,,,,,
5ea2072ac2aeecdcc61c5589,M52782,8,otc alterations permit,2007-01-04T00:00:00.000,3545,16,286,Guerrero,St,street space,issued,2007-01-04T00:00:00.000,2007-01-04T00:00:00.000,2007-01-04T00:00:00.000,,,0,,,,8,Mission,94103,"{'latitude': '37.76665914684608', 'longitude': '-122.42460014347957', 'human_address': '{""address"": """", ""city"": """", ""state"": """", ""zip"": """"}'}",1.08E+12,,,,,,,,,,,,,,,
5ea2072ac2aeecdcc61c558a,2.01E+11,3,additions alterations or repairs,2007-01-04T00:00:00.000,2504A,001D,2719,35th,Av,rear yard horizontal addition and vertical addition of new third floor master suite. miscellaneous interior remodeling including new stair  to service all the three levels,cancelled,2011-08-10T00:00:00.000,2007-01-04T00:00:00.000,,,200000,300000,1 family dwelling,1 family dwelling,2,4,Sunset/Parkside,94116,"{'latitude': '37.73653122996039', 'longitude': '-122.49275327250355', 'human_address': '{""address"": """", ""city"": """", ""state"": """", ""zip"": """"}'}",1.08E+12,,2,3,1,1,5,wood frame (5),5,wood frame (5),,Y,Y,,,
5ea2072ac2aeecdcc61c558b,2.01E+11,8,otc alterations permit,2007-01-04T00:00:00.000,1755,23,529,Hugo,St,"remodel of kitchen & bathroom to 533 hugo st. new kitchen cabinets, counter-tops & appliances, new fixtures & tile to bathroom. 50% of kitchen light wattage must be of flourescent. provide flourescent lights or manual on ""occupancy sensor in bathroom.",complete,2007-04-20T00:00:00.000,2007-01-04T00:00:00.000,2007-01-04T00:00:00.000,2008-01-04T00:00:00.000Z,30000,30000,apartments,apartments,0,5,Inner Sunset,94122,"{'latitude': '37.76485550962329', 'longitude': '-122.46372927468245', 'human_address': '{""address"": """", ""city"": """", ""state"": """", ""zip"": """"}'}",1.08E+12,0,3,3,3,3,5,wood frame (5),5,wood frame (5),2007-04-20T00:00:00.000,,,,,
5ea2072ac2aeecdcc61c558c,2.01E+11,8,otc alterations permit,2007-01-04T00:00:00.000,1755,23,531,Hugo,St,"remodel of kitchen & bathroom to 533 hugo st. new kitchen cabinets, counter-tops & appliances, new fixtures & tile to bathroom. 50% of kitchen light wattage must be of flourescent. provide flourescent lights or manual on ""occupancy sensor in bathroom.",complete,2007-04-20T00:00:00.000,2007-01-04T00:00:00.000,2007-01-04T00:00:00.000,2008-01-04T00:00:00.000Z,30000,30000,apartments,apartments,0,5,Inner Sunset,94122,"{'latitude': '37.76485550962329', 'longitude': '-122.46372927468245', 'human_address': '{""address"": """", ""city"": """", ""state"": """", ""zip"": """"}'}",1.08E+12,,3,3,3,3,5,wood frame (5),5,wood frame (5),2007-04-20T00:00:00.000,,,,,
5ea2072ac2aeecdcc61c558d,2.01E+11,8,otc alterations permit,2007-01-04T00:00:00.000,1755,23,533,Hugo,St,"remodel of kitchen & bathroom to 533 hugo st. new kitchen cabinets, counter-tops & appliances, new fixtures & tile to bathroom. 50% of kitchen light wattage must be of flourescent. provide flourescent lights or manual on ""occupancy sensor in bathroom.",complete,2007-04-20T00:00:00.000,2007-01-04T00:00:00.000,2007-01-04T00:00:00.000,2008-01-04T00:00:00.000Z,30000,30000,apartments,apartments,0,5,Inner Sunset,94122,"{'latitude': '37.76485550962329', 'longitude': '-122.46372927468245', 'human_address': '{""address"": """", ""city"": """", ""state"": """", ""zip"": """"}'}",1.08E+12,0,3,3,3,3,5,wood frame (5),5,wood frame (5),2007-04-20T00:00:00.000,,,,,
5ea2072ac2aeecdcc61c558e,2.01E+11,8,otc alterations permit,2007-01-04T00:00:00.000,6652,3,18,Harper,St,"interior remodel: new cabinery, counters, flooring & finishes, new appliances, lighting & plumbing fixtures, infill exisiting and add  new wood sididng, new  non property line windows,new ducts @ kitchen hood & w/p, new skylight, lno work on lany other location or unit on property",issued,2007-01-04T00:00:00.000,2007-01-04T00:00:00.000,2007-01-04T00:00:00.000,2008-01-04T00:00:00.000Z,24000,42000,2 family dwelling,2 family dwelling,2,,,,,1.08E+12,,3,3,2,2,5,wood frame (5),5,wood frame (5),,,,,,
5ea2072ac2aeecdcc61c558f,2.01E+11,8,otc alterations permit,2007-01-04T00:00:00.000,6444,2,26,Seville,St,"legalize rooms at groundfloor level. to comply w/ n.o.v. #200683017. remove bathroom, kitchen & bedroom, dining room on groundfloor.",complete,2007-10-09T00:00:00.000,2007-01-04T00:00:00.000,2007-01-04T00:00:00.000,2007-05-04T00:00:00.000Z,5000,5000,1 family dwelling,1 family dwelling,2,11,Excelsior,94112,"{'latitude': '37.71225172984296', 'longitude': '-122.4347135496256', 'human_address': '{""address"": """", ""city"": """", ""state"": """", ""zip"": """"}'}",1.08E+12,,2,2,1,1,5,wood frame (5),5,wood frame (5),2007-10-09T00:00:00.000,,,,,
5ea2072ac2aeecdcc61c5590,M52783,8,otc alterations permit,2007-01-04T00:00:00.000,5518,004A,47,Powers,Av,street space permit,issued,2007-01-04T00:00:00.000,2007-01-04T00:00:00.000,2007-01-04T00:00:00.000,,,0,,,,9,Bernal Heights,94110,"{'latitude': '37.74593308725132', 'longitude': '-122.41844514362744', 'human_address': '{""address"": """", ""city"": """", ""state"": """", ""zip"": """"}'}",1.08E+12,,,,,,,,,,,,,,,
5ea2072ac2aeecdcc61c5591,M52784,8,otc alterations permit,2007-01-04T00:00:00.000,804,1,699,Webster,St,sidewalk repair,issued,2007-01-04T00:00:00.000,2007-01-04T00:00:00.000,2007-01-04T00:00:00.000,,,0,,,,5,Hayes Valley,94117,"{'latitude': '37.77681862505499', 'longitude': '-122.4299170395994', 'human_address': '{""address"": """", ""city"": """", ""state"": """", ""zip"": """"}'}",1.08E+11,,,,,,,,,,,,,,,
5ea2072ac2aeecdcc61c5592,2.01E+11,8,otc alterations permit,2007-01-04T00:00:00.000,3258,16,380,Santa Ana,Av,work to be done as per pest control report# 06917.,complete,2007-02-05T00:00:00.000,2007-01-04T00:00:00.000,2007-01-04T00:00:00.000,2007-07-04T00:00:00.000Z,6000,6000,1 family dwelling,1 family dwelling,0,7,West of Twin Peaks,94127,"{'latitude': '37.73014298335824', 'longitude': '-122.46851938049694', 'human_address': '{""address"": """", ""city"": """", ""state"": """", ""zip"": """"}'}",1.08E+12,,2,2,1,1,5,wood frame (5),5,wood frame (5),2007-02-05T00:00:00.000,,,,,
5ea2072ac2aeecdcc61c5593,2.01E+11,3,additions alterations or repairs,2007-01-04T00:00:00.000,5706,19,579,Moultrie,St,remodelng of existing two story over garage dwellings new foundation partial and remodeling at lower floor level. reworking  bathroom new bath fixtures and tile work and remodeling part of kitchen area at main floor replacing received second means of egress at rear.,complete,2008-01-25T00:00:00.000,2007-01-04T00:00:00.000,2007-04-18T00:00:00.000,2008-04-18T00:00:00.000Z,35000,135000,2 family dwelling,2 family dwelling,2,9,Bernal Heights,94110,"{'latitude': '37.73747099537671', 'longitude': '-122.41574176641718', 'human_address': '{""address"": """", ""city"": """", ""state"": """", ""zip"": """"}'}",1.08E+12,,3,3,2,2,5,wood frame (5),5,wood frame (5),2008-01-25T00:00:00.000,,,,,
5ea2072ac2aeecdcc61c5594,2.01E+11,8,otc alterations permit,2007-01-04T00:00:00.000,3587,056B,72,Oakwood,St,renew pa# 2004/11/03/8384 for final inspection.,complete,2007-01-17T00:00:00.000,2007-01-04T00:00:00.000,2007-01-04T00:00:00.000,2007-05-04T00:00:00.000Z,1,1,1 family dwelling,1 family dwelling,0,8,Mission,94110,"{'latitude': '37.76049276996192', 'longitude': '-122.42520175506809', 'human_address': '{""address"": """", ""city"": """", ""state"": """", ""zip"": """"}'}",1.08E+12,,2,2,1,1,5,wood frame (5),5,wood frame (5),2007-01-17T00:00:00.000,,,,,
5ea2072ac2aeecdcc61c5595,2.01E+11,8,otc alterations permit,2007-01-04T00:00:00.000,670,17,1485,Bush,St,renew pa#200304253119 & pa#200401224591 to comply with orinance #17202.,complete,2007-01-08T00:00:00.000,2007-01-04T00:00:00.000,2007-01-04T00:00:00.000,2007-05-04T00:00:00.000Z,1,1,residential hotel,residential hotel,0,3,Nob Hill,94109,"{'latitude': '37.78838966132237', 'longitude': '-122.4216065567673', 'human_address': '{""address"": """", ""city"": """", ""state"": """", ""zip"": """"}'}",1.08E+11,,5,5,26,26,4,constr type 4,4,constr type 4,2007-01-08T00:00:00.000,,,,,
5ea2072ac2aeecdcc61c5596,2.01E+11,8,otc alterations permit,2007-01-04T00:00:00.000,309,28,130,Geary,St,"interior tenant improvements to an exist retail store, work incl new architectural finishes, minor interior partition removal & construction new light fixtures and new casework. install a new auto door opening device at entry doors.",complete,2007-05-15T00:00:00.000,2007-01-04T00:00:00.000,2007-01-04T00:00:00.000,2008-01-04T00:00:00.000Z,113200,113200,retail sales,retail sales,2,3,Financial District/South Beach,94108,"{'latitude': '37.78797495990105', 'longitude': '-122.40545562252332', 'human_address': '{""address"": """", ""city"": """", ""state"": """", ""zip"": """"}'}",1.08E+11,,5,5,0,0,3,constr type 3,3,constr type 3,2007-05-15T00:00:00.000,,,,,
5ea2072ac2aeecdcc61c5597,2.01E+11,8,otc alterations permit,2007-01-04T00:00:00.000,6752,65,15,Rotteck,St,to comply with nov# 200685005. install the handrail in front of the house. comply to bldg. code.,complete,2007-03-02T00:00:00.000,2007-01-04T00:00:00.000,2007-01-04T00:00:00.000,2007-05-04T00:00:00.000Z,300,300,1 family dwelling,1 family dwelling,0,8,Outer Mission,94112,"{'latitude': '37.732781332005516', 'longitude': '-122.4308042433541', 'human_address': '{""address"": """", ""city"": """", ""state"": """", ""zip"": """"}'}",1.08E+12,,3,3,1,1,5,wood frame (5),5,wood frame (5),2007-03-02T00:00:00.000,,,,,
5ea2072ac2aeecdcc61c5598,2.01E+11,3,additions alterations or repairs,2007-01-04T00:00:00.000,5673,16,23,Cortland,Av,work to comply with report #3r-4600.,complete,2007-02-08T00:00:00.000,2007-01-04T00:00:00.000,2007-01-10T00:00:00.000,2007-05-10T00:00:00.000Z,700,700,2 family dwelling,2 family dwelling,0,9,Bernal Heights,94110,"{'latitude': '37.740989527337796', 'longitude': '-122.42212119003149', 'human_address': '{""address"": """", ""city"": """", ""state"": """", ""zip"": """"}'}",1.08E+12,,3,3,2,2,5,wood frame (5),5,wood frame (5),2007-02-08T00:00:00.000,,,,,
5ea2072ac2aeecdcc61c5599,2.01E+11,3,additions alterations or repairs,2007-01-04T00:00:00.000,5673,16,25,Cortland,Av,work to comply with report #3r-4600.,complete,2007-02-08T00:00:00.000,2007-01-04T00:00:00.000,2007-01-10T00:00:00.000,2007-05-10T00:00:00.000Z,700,700,2 family dwelling,2 family dwelling,0,9,Bernal Heights,94110,"{'latitude': '37.740989527337796', 'longitude': '-122.42212119003149', 'human_address': '{""address"": """", ""city"": """", ""state"": """", ""zip"": """"}'}",1.08E+12,,3,3,2,2,5,wood frame (5),5,wood frame (5),2007-02-08T00:00:00.000,,,,,
5ea2072ac2aeecdcc61c559a,2.01E+11,3,additions alterations or repairs,2007-01-04T00:00:00.000,1332,22,2526,Lake,St,comply to 3-r report 4680. building and housing inspector reports #4 & #5 for room in garage.,complete,2007-02-28T00:00:00.000,2007-01-04T00:00:00.000,2007-01-29T00:00:00.000,2007-07-29T00:00:00.000Z,2000,8000,2 family dwelling,2 family dwelling,2,2,Seacliff,94121,"{'latitude': '37.78591993757803', 'longitude': '-122.48676880160062', 'human_address': '{""address"": """", ""city"": """", ""state"": """", ""zip"": """"}'}",1.08E+11,,3,3,2,2,5,wood frame (5),5,wood frame (5),2007-02-28T00:00:00.000,,,,,
5ea2072ac2aeecdcc61c559b,2.01E+11,3,additions alterations or repairs,2007-01-04T00:00:00.000,1332,22,2528,Lake,St,comply to 3-r report 4680. building and housing inspector reports #4 & #5 for room in garage.,complete,2007-02-28T00:00:00.000,2007-01-04T00:00:00.000,2007-01-29T00:00:00.000,2007-07-29T00:00:00.000Z,2000,8000,2 family dwelling,2 family dwelling,2,2,Seacliff,94121,"{'latitude': '37.78591993757803', 'longitude': '-122.48676880160062', 'human_address': '{""address"": """", ""city"": """", ""state"": """", ""zip"": """"}'}",1.08E+12,,3,3,2,2,5,wood frame (5),5,wood frame (5),2007-02-28T00:00:00.000,,,,,
5ea2072ac2aeecdcc61c559c,M52822,8,otc alterations permit,2007-01-04T00:00:00.000,6665,51,71,Miguel,St,street space,issued,2007-01-04T00:00:00.000,2007-01-04T00:00:00.000,2007-01-04T00:00:00.000,,,0,,,,8,Glen Park,94131,"{'latitude': '37.739044384830244', 'longitude': '-122.4290875044962', 'human_address': '{""address"": """", ""city"": """", ""state"": """", ""zip"": """"}'}",1.08E+12,,,,,,,,,,,,,,,
5ea2072ac2aeecdcc61c559d,2.01E+11,8,otc alterations permit,2007-01-04T00:00:00.000,1411,15,282,23rd,Av,"revision to app #200604148993. infill the wall at the 2nd floor only. extend 2nd story 2""x8s''",complete,2008-12-22T00:00:00.000,2007-01-04T00:00:00.000,2007-01-04T00:00:00.000,2007-05-04T00:00:00.000Z,400,400,2 family dwelling,2 family dwelling,2,1,Outer Richmond,94121,"{'latitude': '37.782480194612', 'longitude': '-122.48249693223697', 'human_address': '{""address"": """", ""city"": """", ""state"": """", ""zip"": """"}'}",1.08E+11,,2,2,2,2,5,wood frame (5),5,wood frame (5),2008-12-22T00:00:00.000,Y,,,,
5ea2072ac2aeecdcc61c559e,M52803,8,otc alterations permit,2007-01-04T00:00:00.000,1422,6,233,11th,Av,street space,issued,2007-01-04T00:00:00.000,2007-01-04T00:00:00.000,2007-01-04T00:00:00.000,,,0,,,,1,Inner Richmond,94118,"{'latitude': '37.78393455544194', 'longitude': '-122.47019146848605', 'human_address': '{""address"": """", ""city"": """", ""state"": """", ""zip"": """"}'}",1.08E+12,,,,,,,,,,,,,,,
5ea2072ac2aeecdcc61c559f,2.01E+11,8,otc alterations permit,2007-01-04T00:00:00.000,506,39,3132,Laguna,St,cut 36' of 2 x 6 floor repair dry rot replace flooring on ground floor concrete slab due to sewer repairs. new floor joist to be pressure treated.,complete,2007-03-14T00:00:00.000,2007-01-04T00:00:00.000,2007-01-04T00:00:00.000,2007-05-04T00:00:00.000Z,4000,4000,1 family dwelling,1 family dwelling,0,2,Marina,94123,"{'latitude': '37.80009191923437', 'longitude': '-122.43073188052868', 'human_address': '{""address"": """", ""city"": """", ""state"": """", ""zip"": """"}'}",1.08E+11,,1,1,1,1,5,wood frame (5),5,wood frame (5),2007-03-14T00:00:00.000,,,,,
5ea2072ac2aeecdcc61c55a0,2.01E+11,3,additions alterations or repairs,2007-01-04T00:00:00.000,130,43,766,Vallejo,St,installation of unmanned telecommunication facility. installation of 3 antennas located on the rooftop of the building. installation of sprint cabinets on the 4th floor. installation of coax cable runs from cabinets to antennas. installation of power & telephone service.,cancelled,2013-06-05T00:00:00.000,2007-01-04T00:00:00.000,,,50000,,prkng garage/public,prkng garage/public,2,3,Chinatown,94133,"{'latitude': '37.79872657122672', 'longitude': '-122.40991067669911', 'human_address': '{""address"": """", ""city"": """", ""state"": """", ""zip"": """"}'}",1.08E+12,,4,4,0,0,2,constr type 2,2,constr type 2,,,,,,
5ea2072ac2aeecdcc61c55a1,2.01E+11,3,additions alterations or repairs,2007-01-04T00:00:00.000,3600,005A,748,Church,St,install new retaining wall in front of (e) deteriorated wall in backyard.,complete,2007-08-27T00:00:00.000,2007-01-04T00:00:00.000,2007-02-06T00:00:00.000,2008-02-06T00:00:00.000Z,30000,42000,fence/retaining wall,fence/retaining wall,2,8,Castro/Upper Market,94114,"{'latitude': '37.7586535928751', 'longitude': '-122.42837698054784', 'human_address': '{""address"": """", ""city"": """", ""state"": """", ""zip"": """"}'}",1.08E+12,,0,0,0,0,5,wood frame (5),5,wood frame (5),2007-08-27T00:00:00.000,,,,,
5ea2072ac2aeecdcc61c55a2,2.01E+11,8,otc alterations permit,2007-01-04T00:00:00.000,1050,18,1836,Divisadero,St,revision to application #2006/11/13/7535- extension of grease duct 10 ft.,complete,2007-05-03T00:00:00.000,2007-01-04T00:00:00.000,2007-01-04T00:00:00.000,2007-05-04T00:00:00.000Z,100,100,food/beverage hndlng,food/beverage hndlng,2,2,Pacific Heights,94115,"{'latitude': '37.78672451334801', 'longitude': '-122.43978142222043', 'human_address': '{""address"": """", ""city"": """", ""state"": """", ""zip"": """"}'}",1.08E+11,,3,3,2,2,5,wood frame (5),5,wood frame (5),2007-05-03T00:00:00.000,,,,,
5ea2072ac2aeecdcc61c55a3,2.01E+11,8,otc alterations permit,2007-01-04T00:00:00.000,1557,19,1348,Balboa,St,reroofing,issued,2007-01-04T00:00:00.000,2007-01-04T00:00:00.000,2007-01-04T00:00:00.000,2007-05-04T00:00:00.000Z,5000,5000,2 family dwelling,2 family dwelling,0,1,Outer Richmond,94118,"{'latitude': '37.77704494837567', 'longitude': '-122.47342879044996', 'human_address': '{""address"": """", ""city"": """", ""state"": """", ""zip"": """"}'}",1.08E+12,,,,,,,,,,,,,,,
5ea2072ac2aeecdcc61c55a4,2.01E+11,8,otc alterations permit,2007-01-04T00:00:00.000,3779,94,23,Boardman,Pl,renew app #200510034554 to continue work,complete,2007-11-06T00:00:00.000,2007-01-04T00:00:00.000,2007-01-04T00:00:00.000,2007-07-04T00:00:00.000Z,12000,12000,1 family dwelling,1 family dwelling,0,6,South of Market,94103,"{'latitude': '37.77496346572107', 'longitude': '-122.40301192500526', 'human_address': '{""address"": """", ""city"": """", ""state"": """", ""zip"": """"}'}",1.08E+12,,1,1,1,1,5,wood frame (5),5,wood frame (5),2007-11-06T00:00:00.000,,,,,
5ea2072ac2aeecdcc61c55a5,M52862,8,otc alterations permit,2007-01-04T00:00:00.000,1927A,7,1674,17th,Av,sidewalk repair permit,issued,2007-01-04T00:00:00.000,2007-01-04T00:00:00.000,2007-01-04T00:00:00.000,,,0,,,,7,Inner Sunset,94122,"{'latitude': '37.756704319373256', 'longitude': '-122.474204346103', 'human_address': '{""address"": """", ""city"": """", ""state"": """", ""zip"": """"}'}",1.08E+12,,,,,,,,,,,,,,,
5ea2072ac2aeecdcc61c55a6,M52863,8,otc alterations permit,2007-01-04T00:00:00.000,654,6,2322,Pine,St,street space & sidewalk permit only.,issued,2007-01-04T00:00:00.000,2007-01-04T00:00:00.000,2007-01-04T00:00:00.000,,,0,,,,2,Pacific Heights,94115,"{'latitude': '37.7881207605749', 'longitude': '-122.43415237226446', 'human_address': '{""address"": """", ""city"": """", ""state"": """", ""zip"": """"}'}",1.08E+11,,,,,,,,,,,,,,,
5ea2072ac2aeecdcc61c55a7,2.01E+11,8,otc alterations permit,2007-01-04T00:00:00.000,808,6,406,Hayes,St,upgrade  (e) range gard replace (e) nozzles & tank as /if needed repipe as/if needed for 6 gal. system,expired,2011-03-28T00:00:00.000,2007-01-04T00:00:00.000,2007-01-04T00:00:00.000,2007-05-04T00:00:00.000Z,3500,3500,food/beverage hndlng,food/beverage hndlng,2,5,Hayes Valley,94102,"{'latitude': '37.7770669107761', 'longitude': '-122.42327130488013', 'human_address': '{""address"": """", ""city"": """", ""state"": """", ""zip"": """"}'}",1.08E+11,,1,1,0,0,5,wood frame (5),5,wood frame (5),,,,,,
5ea2072ac2aeecdcc61c55a8,2.01E+11,8,otc alterations permit,2007-01-04T00:00:00.000,5670,5,214,Elsie,St,renovation of (e) kitchen & 1/2 bath in upper story unit. replace (e) windows in same (change to double pane insulated) back of house. install flourescent lights in kitchen & 1/2 bath to comply with energy regulations.,complete,2007-06-14T00:00:00.000,2007-01-04T00:00:00.000,2007-01-04T00:00:00.000,2007-07-04T00:00:00.000Z,12000,12000,2 family dwelling,2 family dwelling,0,9,Bernal Heights,94110,"{'latitude': '37.740747731193714', 'longitude': '-122.41929331280254', 'human_address': '{""address"": """", ""city"": """", ""state"": """", ""zip"": """"}'}",1.08E+12,,2,2,2,2,5,wood frame (5),5,wood frame (5),2007-06-14T00:00:00.000,,,,,
5ea2072ac2aeecdcc61c55a9,2.01E+11,8,otc alterations permit,2007-01-04T00:00:00.000,3705,42,865,Market,St,alteration to extg fire sprnklr system relocated 37 plug 2,issued,2007-01-04T00:00:00.000,2007-01-04T00:00:00.000,2007-01-04T00:00:00.000,2007-07-04T00:00:00.000Z,5500,5500,retail sales,retail sales,2,6,South of Market,94103,"{'latitude': '37.78394695457302', 'longitude': '-122.40715830829208', 'human_address': '{""address"": """", ""city"": """", ""state"": """", ""zip"": """"}'}",1.08E+12,,5,5,0,0,2,constr type 2,2,constr type 2,,,,,,
5ea2072ac2aeecdcc61c55aa,M52864,8,otc alterations permit,2007-01-04T00:00:00.000,942,45,2700,Filbert,St,street space,issued,2007-01-04T00:00:00.000,2007-01-04T00:00:00.000,2007-01-04T00:00:00.000,,,0,,,,2,Marina,94123,"{'latitude': '37.797174701403215', 'longitude': '-122.44417440367648', 'human_address': '{""address"": """", ""city"": """", ""state"": """", ""zip"": """"}'}",1.08E+11,,,,,,,,,,,,,,,
5ea2072ac2aeecdcc61c55ab,2.01E+11,3,additions alterations or repairs,2007-01-04T00:00:00.000,1287,29,131,Rivoli,St,revision to pa# 2005/08/05/9555. changes to foundation no indicated on plans & to comply with dbi correction notice dated 12/22/06 to show foundation set back from property line.,issued,2007-06-21T00:00:00.000,2007-01-04T00:00:00.000,2007-06-21T00:00:00.000,2007-10-21T00:00:00.000Z,5000,5000,1 family dwelling,1 family dwelling,2,5,Haight Ashbury,94117,"{'latitude': '37.76220817688374', 'longitude': '-122.4498420397494', 'human_address': '{""address"": """", ""city"": """", ""state"": """", ""zip"": """"}'}",1.08E+11,,3,3,1,1,5,wood frame (5),5,wood frame (5),,,,,,
5ea2072ac2aeecdcc61c55ac,M52882,8,otc alterations permit,2007-01-04T00:00:00.000,1126,7,1201,Divisadero,St,sidewalk permit only.,issued,2007-01-04T00:00:00.000,2007-01-04T00:00:00.000,2007-01-04T00:00:00.000,,,0,,,,5,Western Addition,94115,"{'latitude': '37.78072370558168', 'longitude': '-122.43927341774132', 'human_address': '{""address"": """", ""city"": """", ""state"": """", ""zip"": """"}'}",1.08E+12,,,,,,,,,,,,,,,
5ea2072ac2aeecdcc61c55ad,2.01E+11,3,additions alterations or repairs,2007-01-04T00:00:00.000,3580,2,514,Church,St,"permit to do work, to comply with 3r report #3r-4727.",complete,2007-02-02T00:00:00.000,2007-01-04T00:00:00.000,2007-01-24T00:00:00.000,2007-05-24T00:00:00.000Z,1000,1000,1 family dwelling,1 family dwelling,0,8,Castro/Upper Market,94114,"{'latitude': '37.76255863737553', 'longitude': '-122.42871383783428', 'human_address': '{""address"": """", ""city"": """", ""state"": """", ""zip"": """"}'}",1.08E+12,0,3,3,3,3,5,wood frame (5),5,wood frame (5),2007-02-02T00:00:00.000,,,,,
5ea2072ac2aeecdcc61c55ae,2.01E+11,3,additions alterations or repairs,2007-01-04T00:00:00.000,3580,2,516,Church,St,"permit to do work, to comply with 3r report #3r-4727.",complete,2007-02-02T00:00:00.000,2007-01-04T00:00:00.000,2007-01-24T00:00:00.000,2007-05-24T00:00:00.000Z,1000,1000,1 family dwelling,1 family dwelling,0,8,Castro/Upper Market,94114,"{'latitude': '37.76255863737553', 'longitude': '-122.42871383783428', 'human_address': '{""address"": """", ""city"": """", ""state"": """", ""zip"": """"}'}",1.08E+12,,3,3,3,3,5,wood frame (5),5,wood frame (5),2007-02-02T00:00:00.000,,,,,
5ea2072ac2aeecdcc61c55af,2.01E+11,3,additions alterations or repairs,2007-01-04T00:00:00.000,3580,2,518,Church,St,"permit to do work, to comply with 3r report #3r-4727.",complete,2007-02-02T00:00:00.000,2007-01-04T00:00:00.000,2007-01-24T00:00:00.000,2007-05-24T00:00:00.000Z,1000,1000,1 family dwelling,1 family dwelling,0,8,Castro/Upper Market,94114,"{'latitude': '37.76255863737553', 'longitude': '-122.42871383783428', 'human_address': '{""address"": """", ""city"": """", ""state"": """", ""zip"": """"}'}",1.08E+12,,3,3,3,3,5,wood frame (5),5,wood frame (5),2007-02-02T00:00:00.000,,,,,
5ea2072ac2aeecdcc61c55b0,2.01E+11,4,sign - erect,2007-01-04T00:00:00.000,3754,67,1000,Harrison,St,"sign permit - ground, non electric, double faced.",issued,2007-08-07T00:00:00.000,2007-01-04T00:00:00.000,2007-08-07T00:00:00.000,2007-12-07T00:00:00.000Z,1000,,filling/service stn,,2,6,South of Market,94103,"{'latitude': '37.77734832291673', 'longitude': '-122.40465410079608', 'human_address': '{""address"": """", ""city"": """", ""state"": """", ""zip"": """"}'}",1.08E+12,,1,,0,,5,wood frame (5),,,,,,,,
5ea2072ac2aeecdcc61c55b1,M52883,8,otc alterations permit,2007-01-04T00:00:00.000,2423,35,2526,23rd,Av,street space permit only.,issued,2007-01-04T00:00:00.000,2007-01-04T00:00:00.000,2007-01-04T00:00:00.000,,,0,,,,4,Sunset/Parkside,94116,"{'latitude': '37.74044639483694', 'longitude': '-122.4794789203212', 'human_address': '{""address"": """", ""city"": """", ""state"": """", ""zip"": """"}'}",1.08E+12,,,,,,,,,,,,,,,
5ea2072ac2aeecdcc61c55b2,M52885,8,otc alterations permit,2007-01-04T00:00:00.000,1439,39,645,Clement,St,sidewalk permit only.,issued,2007-01-04T00:00:00.000,2007-01-04T00:00:00.000,2007-01-04T00:00:00.000,,,0,,,,1,Inner Richmond,94118,"{'latitude': '37.78261659472227', 'longitude': '-122.46623430304344', 'human_address': '{""address"": """", ""city"": """", ""state"": """", ""zip"": """"}'}",1.08E+11,,,,,,,,,,,,,,,
5ea2072ac2aeecdcc61c55b3,M52885,8,otc alterations permit,2007-01-04T00:00:00.000,1439,39,647,Clement,St,sidewalk permit only.,issued,2007-01-04T00:00:00.000,2007-01-04T00:00:00.000,2007-01-04T00:00:00.000,,,0,,,,1,Inner Richmond,94118,"{'latitude': '37.78261659472227', 'longitude': '-122.46623430304344', 'human_address': '{""address"": """", ""city"": """", ""state"": """", ""zip"": """"}'}",1.08E+12,,,,,,,,,,,,,,,
5ea2072ac2aeecdcc61c55b4,2.01E+11,4,sign - erect,2007-01-04T00:00:00.000,3754,67,1000,Harrison,St,"to erect a double-faced, electric, ground sign.",issued,2007-08-23T00:00:00.000,2007-01-04T00:00:00.000,2007-08-23T00:00:00.000,2007-12-23T00:00:00.000Z,1500,1500,filling/service stn,,2,6,South of Market,94103,"{'latitude': '37.77734832291673', 'longitude': '-122.40465410079608', 'human_address': '{""address"": """", ""city"": """", ""state"": """", ""zip"": """"}'}",1.08E+12,,1,,0,,5,wood frame (5),,,,,,,,
5ea2072ac2aeecdcc61c55b5,2.01E+11,3,additions alterations or repairs,2007-01-04T00:00:00.000,3754,67,1000,Harrison,St,"cheveron station reimage consisting of replacing signs, replacing existing canopy fascia with new canopy fascia. adding l.e.d. down lighting with valance and paint exterior of bldg earth tones.",issued,2007-08-13T00:00:00.000,2007-01-04T00:00:00.000,2007-08-13T00:00:00.000,2008-08-13T00:00:00.000Z,30500,30500,filling/service stn,filling/service stn,2,6,South of Market,94103,"{'latitude': '37.77734832291673', 'longitude': '-122.40465410079608', 'human_address': '{""address"": """", ""city"": """", ""state"": """", ""zip"": """"}'}",1.08E+12,,1,1,0,0,5,wood frame (5),5,wood frame (5),,,,,,
5ea2072ac2aeecdcc61c55b6,2.01E+11,8,otc alterations permit,2007-01-04T00:00:00.000,6561,22,4377,26th,St,"bathroom remodel. new fixtures & fittings. tile at tub / shower walls & wainscot. new operable flat skylight, new fan.",complete,2007-05-30T00:00:00.000,2007-01-04T00:00:00.000,2007-01-04T00:00:00.000,2008-01-04T00:00:00.000Z,26000,26000,1 family dwelling,1 family dwelling,2,8,Noe Valley,94131,"{'latitude': '37.74761900942824', 'longitude': '-122.4376270842976', 'human_address': '{""address"": """", ""city"": """", ""state"": """", ""zip"": """"}'}",1.08E+12,,2,2,1,1,5,wood frame (5),5,wood frame (5),2007-05-30T00:00:00.000,,,,,
5ea2072ac2aeecdcc61c55b7,2.01E+11,4,sign - erect,2007-01-04T00:00:00.000,3754,67,1000,Harrison,St,"to erect a single faced, electric, wall sign.",issued,2007-08-23T00:00:00.000,2007-01-04T00:00:00.000,2007-08-23T00:00:00.000,2007-12-23T00:00:00.000Z,3000,3000,filling/service stn,,2,6,South of Market,94103,"{'latitude': '37.77734832291673', 'longitude': '-122.40465410079608', 'human_address': '{""address"": """", ""city"": """", ""state"": """", ""zip"": """"}'}",1.08E+12,,1,,0,,5,wood frame (5),,,,,,,,
5ea2072ac2aeecdcc61c55b8,2.01E+11,8,otc alterations permit,2007-01-04T00:00:00.000,3534,14,194,Guerrero,St,"upgrade (e) range guard, replace (e) nozzles, repipe if needed to comply with pipe rules for gal system.",issued,2007-01-04T00:00:00.000,2007-01-04T00:00:00.000,2007-01-04T00:00:00.000,2007-05-04T00:00:00.000Z,3500,3500,food/beverage hndlng,food/beverage hndlng,2,8,Mission,94103,"{'latitude': '37.768139029591104', 'longitude': '-122.4247023054287', 'human_address': '{""address"": """", ""city"": """", ""state"": """", ""zip"": """"}'}",1.08E+12,,3,3,3,3,5,wood frame (5),5,wood frame (5),,,,,,
5ea2072ac2aeecdcc61c55b9,2.01E+11,8,otc alterations permit,2007-01-04T00:00:00.000,3534,14,196,Guerrero,St,"upgrade (e) range guard, replace (e) nozzles, repipe if needed to comply with pipe rules for gal system.",issued,2007-01-04T00:00:00.000,2007-01-04T00:00:00.000,2007-01-04T00:00:00.000,2007-05-04T00:00:00.000Z,3500,3500,food/beverage hndlng,food/beverage hndlng,2,8,Mission,94103,"{'latitude': '37.768139029591104', 'longitude': '-122.4247023054287', 'human_address': '{""address"": """", ""city"": """", ""state"": """", ""zip"": """"}'}",1.08E+12,,3,3,3,3,5,wood frame (5),5,wood frame (5),,,,,,
5ea2072ac2aeecdcc61c55ba,2.01E+11,8,otc alterations permit,2007-01-04T00:00:00.000,3534,14,198,Guerrero,St,"upgrade (e) range guard, replace (e) nozzles, repipe if needed to comply with pipe rules for gal system.",issued,2007-01-04T00:00:00.000,2007-01-04T00:00:00.000,2007-01-04T00:00:00.000,2007-05-04T00:00:00.000Z,3500,3500,food/beverage hndlng,food/beverage hndlng,2,8,Mission,94103,"{'latitude': '37.768139029591104', 'longitude': '-122.4247023054287', 'human_address': '{""address"": """", ""city"": """", ""state"": """", ""zip"": """"}'}",1.08E+12,,3,3,3,3,5,wood frame (5),5,wood frame (5),,,,,,
5ea2072ac2aeecdcc61c55bb,2.01E+11,8,otc alterations permit,2007-01-04T00:00:00.000,6042,38,490,Hamilton,St,add 3 window in () garage.,complete,2007-01-12T00:00:00.000,2007-01-04T00:00:00.000,2007-01-04T00:00:00.000,2007-05-04T00:00:00.000Z,1000,1000,1 family dwelling,1 family dwelling,2,9,Portola,94134,"{'latitude': '37.724957931136444', 'longitude': '-122.4093535876584', 'human_address': '{""address"": """", ""city"": """", ""state"": """", ""zip"": """"}'}",1.08E+12,,2,2,1,1,5,wood frame (5),5,wood frame (5),2007-01-12T00:00:00.000,,,,,
5ea2072ac2aeecdcc61c55bc,2.01E+11,4,sign - erect,2007-01-04T00:00:00.000,495,6,1790,Lombard,St,"sign permit - ground, electric, double faced.",cancelled,2007-08-28T00:00:00.000,2007-01-04T00:00:00.000,2007-08-17T00:00:00.000,2007-12-17T00:00:00.000Z,4000,4000,filling/service stn,,2,2,Marina,94123,"{'latitude': '37.80075774469952', 'longitude': '-122.43091096966963', 'human_address': '{""address"": """", ""city"": """", ""state"": """", ""zip"": """"}'}",1.08E+11,,1,,0,,5,wood frame (5),,,,,,,,
5ea2072ac2aeecdcc61c55bd,2.01E+11,8,otc alterations permit,2007-01-04T00:00:00.000,1234,21,148,Central,Av,his nov# 200671359. repair rear stair case & add handrails as per inspection report. repair work to less than 50% of (e) stair case.,complete,2007-01-19T00:00:00.000,2007-01-04T00:00:00.000,2007-01-04T00:00:00.000,2007-05-04T00:00:00.000Z,2000,2000,apartments,apartments,0,5,Haight Ashbury,94117,"{'latitude': '37.77087727560811', 'longitude': '-122.44342581890375', 'human_address': '{""address"": """", ""city"": """", ""state"": """", ""zip"": """"}'}",1.08E+11,,4,4,5,5,5,wood frame (5),5,wood frame (5),2007-01-19T00:00:00.000,,,,,
5ea2072ac2aeecdcc61c55be,2.01E+11,8,otc alterations permit,2007-01-04T00:00:00.000,1221,7,111,Lyon,St,"replace kitchen cabinet, new floor, surfaces & sink. replace sink.",expired,2008-03-05T00:00:00.000,2007-01-04T00:00:00.000,2007-01-04T00:00:00.000,2007-05-04T00:00:00.000Z,5000,5000,apartments,apartments,0,5,Haight Ashbury,94117,"{'latitude': '37.77190881831342', 'longitude': '-122.44259251840771', 'human_address': '{""address"": """", ""city"": """", ""state"": """", ""zip"": """"}'}",1.08E+12,,4,4,4,4,5,wood frame (5),5,wood frame (5),,,,,,
5ea2072ac2aeecdcc61c55bf,2.01E+11,4,sign - erect,2007-01-04T00:00:00.000,495,6,1790,Lombard,St,"sign permit - ground, non electric, double faced.",issued,2007-08-17T00:00:00.000,2007-01-04T00:00:00.000,2007-08-17T00:00:00.000,2007-12-17T00:00:00.000Z,500,500,filling/service stn,,2,2,Marina,94123,"{'latitude': '37.80075774469952', 'longitude': '-122.43091096966963', 'human_address': '{""address"": """", ""city"": """", ""state"": """", ""zip"": """"}'}",1.08E+11,,1,,0,,5,wood frame (5),,,,,,,,
5ea2072ac2aeecdcc61c55c0,2.01E+11,4,sign - erect,2007-01-04T00:00:00.000,495,6,1790,Lombard,St,"sign permit - electric, wall, single faced.",issued,2007-08-17T00:00:00.000,2007-01-04T00:00:00.000,2007-08-17T00:00:00.000,2007-12-17T00:00:00.000Z,1500,1500,filling/service stn,,2,2,Marina,94123,"{'latitude': '37.80075774469952', 'longitude': '-122.43091096966963', 'human_address': '{""address"": """", ""city"": """", ""state"": """", ""zip"": """"}'}",1.08E+11,,1,,0,,5,wood frame (5),,,,,,,,
5ea2072ac2aeecdcc61c55c1,2.01E+11,8,otc alterations permit,2007-01-04T00:00:00.000,2703,2,306,Caselli,Av,"repair front stair railing in  kind <50%  repair to stairway bottom rail 2x4 redwood. roiling only-newell posts to remain ballustor 5"" oc 2x2 redwood. top cap mushroom style less than 36"" from treat nose.",complete,2007-01-25T00:00:00.000,2007-01-04T00:00:00.000,2007-01-04T00:00:00.000,2007-07-04T00:00:00.000Z,6300,6300,1 family dwelling,1 family dwelling,0,8,Castro/Upper Market,94114,"{'latitude': '37.75910290425844', 'longitude': '-122.44415951172589', 'human_address': '{""address"": """", ""city"": """", ""state"": """", ""zip"": """"}'}",1.08E+12,,2,2,1,1,5,wood frame (5),5,wood frame (5),2007-01-25T00:00:00.000,,,,,
5ea2072ac2aeecdcc61c55c2,2.01E+11,8,otc alterations permit,2007-01-04T00:00:00.000,262,13,255,California,St,"oti-1, 4th floor, suite #b, el, ls, sp",complete,2007-06-14T00:00:00.000,2007-01-04T00:00:00.000,2007-01-04T00:00:00.000,2008-01-04T00:00:00.000Z,42525,42525,office,office,2,3,Financial District/South Beach,94111,"{'latitude': '37.792962974036634', 'longitude': '-122.39950975756949', 'human_address': '{""address"": """", ""city"": """", ""state"": """", ""zip"": """"}'}",1.08E+11,,14,14,0,0,1,constr type 1,1,constr type 1,2007-06-14T00:00:00.000,,,,,
5ea2072ac2aeecdcc61c55c3,2.01E+11,3,additions alterations or repairs,2007-01-04T00:00:00.000,7139,3,2950,San Jose,Av,"chevron station reimage consisting of replacing signs, replace (e) canopy fascia with new caanopy fascia, adding l.e.d. lighting with valance and paint the exterior of building earth tones.",issued,2007-08-23T00:00:00.000,2007-01-04T00:00:00.000,2007-08-23T00:00:00.000,2008-02-23T00:00:00.000Z,24000,24000,filling/service stn,filling/service stn,2,11,Oceanview/Merced/Ingleside,94112,"{'latitude': '37.711831232818334', 'longitude': '-122.45560794584307', 'human_address': '{""address"": """", ""city"": """", ""state"": """", ""zip"": """"}'}",1.08E+12,,1,1,0,0,5,wood frame (5),5,wood frame (5),,,,,,
5ea2072ac2aeecdcc61c55c4,2.01E+11,8,otc alterations permit,2007-01-04T00:00:00.000,839,18,350,Laguna,St,remodel (e) unit#14. relocate kitchen & create bedrm. @ (e) kit. location-modify (e0 window for egress (top hinge) same profile.,complete,2007-03-08T00:00:00.000,2007-01-04T00:00:00.000,2007-01-04T00:00:00.000,2007-07-04T00:00:00.000Z,8000,8000,apartments,apartments,2,5,Hayes Valley,94102,"{'latitude': '37.774366694408016', 'longitude': '-122.42565945414714', 'human_address': '{""address"": """", ""city"": """", ""state"": """", ""zip"": """"}'}",1.08E+11,,4,4,21,21,5,wood frame (5),5,wood frame (5),2007-03-08T00:00:00.000,,,,,
5ea2072ac2aeecdcc61c55c5,2.01E+11,8,otc alterations permit,2007-01-04T00:00:00.000,262,13,255,California,St,"oti-1, 4th floor, suite #a, el, ls, sp",complete,2008-02-21T00:00:00.000,2007-01-04T00:00:00.000,2007-01-04T00:00:00.000,2008-01-04T00:00:00.000Z,95300,95300,office,office,2,3,Financial District/South Beach,94111,"{'latitude': '37.792962974036634', 'longitude': '-122.39950975756949', 'human_address': '{""address"": """", ""city"": """", ""state"": """", ""zip"": """"}'}",1.08E+11,,14,14,0,0,1,constr type 1,1,constr type 1,2008-02-21T00:00:00.000,,,,,
5ea2072ac2aeecdcc61c55c6,2.01E+11,3,additions alterations or repairs,2007-01-04T00:00:00.000,495,6,1790,Lombard,St,"chevron station reimage consisting of replacing new canopy signs, replacing existing canopy fascia, adding led down lighting with valance and paint exterior of building earth tones.",issued,2007-08-17T00:00:00.000,2007-01-04T00:00:00.000,2007-08-17T00:00:00.000,2008-08-17T00:00:00.000Z,28000,35000,filling/service stn,filling/service stn,2,2,Marina,94123,"{'latitude': '37.80075774469952', 'longitude': '-122.43091096966963', 'human_address': '{""address"": """", ""city"": """", ""state"": """", ""zip"": """"}'}",1.08E+11,,1,1,0,0,5,wood frame (5),5,wood frame (5),,,,,,
5ea2072ac2aeecdcc61c55c7,M52902,8,otc alterations permit,2007-01-04T00:00:00.000,813,6,1390,Market,St,sidewalk repair,issued,2007-01-04T00:00:00.000,2007-01-04T00:00:00.000,2007-01-04T00:00:00.000,,,0,,,,6,Tenderloin,94102,"{'latitude': '37.777142649690035', 'longitude': '-122.41722112719671', 'human_address': '{""address"": """", ""city"": """", ""state"": """", ""zip"": """"}'}",1.08E+12,,,,,,,,,,,,,,,
5ea2072ac2aeecdcc61c55c8,2.01E+11,8,otc alterations permit,2007-01-04T00:00:00.000,1271,13,22,Parnassus,Av,remodel of guest bathroom. demo of walls making. room larger new plmg fixture and finishes new lighting and electric 1st floor bathroom all lights on motion detector switches,complete,2007-05-09T00:00:00.000,2007-01-04T00:00:00.000,2007-01-04T00:00:00.000,2007-07-04T00:00:00.000Z,18000,18000,1 family dwelling,1 family dwelling,2,5,Haight Ashbury,94117,"{'latitude': '37.7653434920996', 'longitude': '-122.4482783675009', 'human_address': '{""address"": """", ""city"": """", ""state"": """", ""zip"": """"}'}",1.08E+11,,2,2,1,1,5,wood frame (5),5,wood frame (5),2007-05-09T00:00:00.000,,,,,
5ea2072ac2aeecdcc61c55c9,2.01E+11,3,additions alterations or repairs,2007-01-04T00:00:00.000,310,15,100,Grant,Av,"interior non structural tenant improvement of (e) retail store, no exterior work. sprinkler under separate permit.",complete,2007-12-04T00:00:00.000,2007-01-04T00:00:00.000,2007-02-13T00:00:00.000,2008-02-13T00:00:00.000Z,150000,150000,retail sales,retail sales,2,3,Financial District/South Beach,94108,"{'latitude': '37.788050582493206', 'longitude': '-122.4048761520152', 'human_address': '{""address"": """", ""city"": """", ""state"": """", ""zip"": """"}'}",1.08E+11,,6,6,0,0,3,constr type 3,3,constr type 3,2007-12-04T00:00:00.000,,,,,
5ea2072ac2aeecdcc61c55ca,2.01E+11,8,otc alterations permit,2007-01-04T00:00:00.000,1009,0,390,Laurel,St,interior ti changing layout of a dental office into a new one separate paermit submitted at the same time for restrooms upgrade.,complete,2007-05-16T00:00:00.000,2007-01-04T00:00:00.000,2007-01-04T00:00:00.000,2008-01-04T00:00:00.000Z,69920,70000,office,office,2,,,,,1.08E+12,,3,3,0,0,5,wood frame (5),5,wood frame (5),2007-05-16T00:00:00.000,,,,,
5ea2072ac2aeecdcc61c55cb,2.01E+11,4,sign - erect,2007-01-04T00:00:00.000,7139,10,2950,San Jose,Av,"sign permit - ground, electric, single faced.",issued,2007-08-03T00:00:00.000,2007-01-04T00:00:00.000,2007-08-03T00:00:00.000,2007-12-03T00:00:00.000Z,4000,4000,filling/service stn,,2,11,Oceanview/Merced/Ingleside,94112,"{'latitude': '37.711656081933135', 'longitude': '-122.45569061848774', 'human_address': '{""address"": """", ""city"": """", ""state"": """", ""zip"": """"}'}",1.08E+12,,1,,0,,5,wood frame (5),,,,,,,,
5ea2072ac2aeecdcc61c55cc,2.01E+11,3,additions alterations or repairs,2007-01-04T00:00:00.000,690,46,1,Daniel Burnham,Ct,"tenant finish out of 6200 sf, new r.r hvac & electrical. interior finishes, carpet, walls, paint & ceiling.",cancelled,2007-08-13T00:00:00.000,2007-01-04T00:00:00.000,,,345000,,retail sales,retail sales,2,2,Western Addition,94109,"{'latitude': '37.78675523065996', 'longitude': '-122.42249080636066', 'human_address': '{""address"": """", ""city"": """", ""state"": """", ""zip"": """"}'}",1.08E+11,205,1,1,239,239,1,constr type 1,1,constr type 1,,,,,,
5ea2072ac2aeecdcc61c55cd,2.01E+11,3,additions alterations or repairs,2007-01-04T00:00:00.000,26,019A,875,North Point,St,shoring & underpining as a result of adjacent new construction appl #200603106437s (889 north point.),complete,2008-02-15T00:00:00.000,2007-01-04T00:00:00.000,2007-08-23T00:00:00.000,2008-02-23T00:00:00.000Z,10000,10000,1 family dwelling,1 family dwelling,2,2,Russian Hill,94109,"{'latitude': '37.80528894938244', 'longitude': '-122.42150615619767', 'human_address': '{""address"": """", ""city"": """", ""state"": """", ""zip"": """"}'}",1.08E+11,,2,2,1,1,5,wood frame (5),5,wood frame (5),2008-02-15T00:00:00.000,,,,,
5ea2072ac2aeecdcc61c55ce,2.01E+11,4,sign - erect,2007-01-04T00:00:00.000,7139,10,2950,San Jose,Av,"sign permit - electric, wall, single faced.",issued,2007-08-03T00:00:00.000,2007-01-04T00:00:00.000,2007-08-03T00:00:00.000,2007-12-03T00:00:00.000Z,3000,3000,filling/service stn,,2,11,Oceanview/Merced/Ingleside,94112,"{'latitude': '37.711656081933135', 'longitude': '-122.45569061848774', 'human_address': '{""address"": """", ""city"": """", ""state"": """", ""zip"": """"}'}",1.08E+12,,1,,0,,5,wood frame (5),,,,,,,,
5ea2072ac2aeecdcc61c55cf,2.01E+11,4,sign - erect,2007-01-04T00:00:00.000,1732,22,1734,Irving,St,"sign permit - electric, wall, single faced.",complete,2007-10-02T00:00:00.000,2007-01-04T00:00:00.000,2007-08-17T00:00:00.000,2007-12-17T00:00:00.000Z,3000,3000,filling/service stn,,2,4,Inner Sunset,94122,"{'latitude': '37.76382590584381', 'longitude': '-122.4768061142036', 'human_address': '{""address"": """", ""city"": """", ""state"": """", ""zip"": """"}'}",1.08E+12,,1,,0,,5,wood frame (5),,,2007-10-02T00:00:00.000,,,,,
5ea2072ac2aeecdcc61c55d0,2.01E+11,3,additions alterations or repairs,2007-01-04T00:00:00.000,1732,22,1734,Irving,St,"chevron station remiage consisting of replacing signs, replacing (e) canoy fasio with new canopy fascia adding l.e.d. down listing with valance and paint extension of boilding earth tones.",complete,2007-10-02T00:00:00.000,2007-01-04T00:00:00.000,2007-08-17T00:00:00.000,2008-08-17T00:00:00.000Z,25000,35000,filling/service stn,filling/service stn,2,4,Inner Sunset,94122,"{'latitude': '37.76382590584381', 'longitude': '-122.4768061142036', 'human_address': '{""address"": """", ""city"": """", ""state"": """", ""zip"": """"}'}",1.08E+12,,1,1,0,0,5,wood frame (5),5,wood frame (5),2007-10-02T00:00:00.000,,,,,
5ea2072ac2aeecdcc61c55d1,2.01E+11,3,additions alterations or repairs,2007-01-04T00:00:00.000,830,23,559,Fell,St,legalize basement unit by adding apt to basement. add shower and kitchen.,complete,2007-10-11T00:00:00.000,2007-01-04T00:00:00.000,2007-03-30T00:00:00.000,2008-03-30T00:00:00.000Z,10000,50000,1 family dwelling,2 family dwelling,2,5,Hayes Valley,94102,"{'latitude': '37.77515782054806', 'longitude': '-122.42695537836877', 'human_address': '{""address"": """", ""city"": """", ""state"": """", ""zip"": """"}'}",1.08E+11,,2,2,1,2,5,wood frame (5),5,wood frame (5),2007-10-11T00:00:00.000,,,,,
5ea2072ac2aeecdcc61c55d2,2.01E+11,4,sign - erect,2007-01-04T00:00:00.000,1732,22,1734,Irving,St,"sign permit - electric, ground, double faced.",complete,2007-10-02T00:00:00.000,2007-01-04T00:00:00.000,2007-08-17T00:00:00.000,2007-12-17T00:00:00.000Z,4000,4000,filling/service stn,,2,4,Inner Sunset,94122,"{'latitude': '37.76382590584381', 'longitude': '-122.4768061142036', 'human_address': '{""address"": """", ""city"": """", ""state"": """", ""zip"": """"}'}",1.08E+12,,1,,0,,5,wood frame (5),,,2007-10-02T00:00:00.000,,,,,
5ea2072bc2aeecdcc61c55d3,2.01E+11,8,otc alterations permit,2007-01-05T00:00:00.000,2750,4,308,Diamond,St,"leak repair of roof, deck & wall at north side of master bedroom including (e) doors. side two french doors. repair in kind, no structural changes. minimal dry rot repair.",complete,2007-09-19T00:00:00.000,2007-01-05T00:00:00.000,2007-01-05T00:00:00.000,2007-05-05T00:00:00.000Z,4800,4800,1 family dwelling,1 family dwelling,2,8,Castro/Upper Market,94114,"{'latitude': '37.757012197525405', 'longitude': '-122.4371587601304', 'human_address': '{""address"": """", ""city"": """", ""state"": """", ""zip"": """"}'}",1.08E+12,,2,2,1,1,5,wood frame (5),5,wood frame (5),2007-09-19T00:00:00.000,,,,,
5ea2072bc2aeecdcc61c55d4,M52922,8,otc alterations permit,2007-01-05T00:00:00.000,305,36,620,Jones,St,street space,issued,2007-01-05T00:00:00.000,2007-01-05T00:00:00.000,2007-01-05T00:00:00.000,,,0,,,,3,Tenderloin,94102,"{'latitude': '37.78716029095172', 'longitude': '-122.41288961192863', 'human_address': '{""address"": """", ""city"": """", ""state"": """", ""zip"": """"}'}",1.08E+12,,,,,,,,,,,,,,,
5ea2072bc2aeecdcc61c55d5,2.01E+11,8,otc alterations permit,2007-01-05T00:00:00.000,0438A,4,3769,Fillmore,St,reroofing,complete,2007-02-08T00:00:00.000,2007-01-05T00:00:00.000,2007-01-05T00:00:00.000,2007-07-05T00:00:00.000Z,12500,12500,2 family dwelling,2 family dwelling,0,2,Marina,94123,"{'latitude': '37.80552683684263', 'longitude': '-122.4376542472322', 'human_address': '{""address"": """", ""city"": """", ""state"": """", ""zip"": """"}'}",1.08E+11,,,,,,,,,,2007-02-08T00:00:00.000,,,,,
5ea2072bc2aeecdcc61c55d6,2.01E+11,8,otc alterations permit,2007-01-05T00:00:00.000,7205,002A,2929,21st,Av,reroofing,issued,2007-01-05T00:00:00.000,2007-01-05T00:00:00.000,2007-01-05T00:00:00.000,2007-07-05T00:00:00.000Z,9380,9380,1 family dwelling,1 family dwelling,0,7,Sunset/Parkside,94132,"{'latitude': '37.73391130441957', 'longitude': '-122.47730430716531', 'human_address': '{""address"": """", ""city"": """", ""state"": """", ""zip"": """"}'}",1.08E+12,,,,,,,,,,,,,,,
5ea2072bc2aeecdcc61c55d7,2.01E+11,8,otc alterations permit,2007-01-05T00:00:00.000,2989B,15,1486,Portola,Dr,install new kitchen countertop no structural changed.,complete,2007-01-26T00:00:00.000,2007-01-05T00:00:00.000,2007-01-05T00:00:00.000,2007-05-05T00:00:00.000Z,4324,4324,1 family dwelling,1 family dwelling,0,7,West of Twin Peaks,94127,"{'latitude': '37.73786749934623', 'longitude': '-122.46823300539053', 'human_address': '{""address"": """", ""city"": """", ""state"": """", ""zip"": """"}'}",1.08E+12,,2,2,1,1,5,wood frame (5),5,wood frame (5),2007-01-26T00:00:00.000,,,,,
5ea2072bc2aeecdcc61c55d8,2.01E+11,8,otc alterations permit,2007-01-05T00:00:00.000,1673,27,5450,Fulton,St,reroofing,issued,2007-01-05T00:00:00.000,2007-01-05T00:00:00.000,2007-01-05T00:00:00.000,2007-07-05T00:00:00.000Z,6500,6500,1 family dwelling,1 family dwelling,0,1,Outer Richmond,94121,"{'latitude': '37.77247248892203', 'longitude': '-122.49036417862972', 'human_address': '{""address"": """", ""city"": """", ""state"": """", ""zip"": """"}'}",1.08E+12,,,,,,,,,,,,,,,
5ea2072bc2aeecdcc61c55d9,2.01E+11,8,otc alterations permit,2007-01-05T00:00:00.000,0438A,4,3771,Fillmore,St,reroofing,complete,2007-02-08T00:00:00.000,2007-01-05T00:00:00.000,2007-01-05T00:00:00.000,2007-07-05T00:00:00.000Z,12500,12500,2 family dwelling,2 family dwelling,0,2,Marina,94123,"{'latitude': '37.80552683684263', 'longitude': '-122.4376542472322', 'human_address': '{""address"": """", ""city"": """", ""state"": """", ""zip"": """"}'}",1.08E+12,,,,,,,,,,2007-02-08T00:00:00.000,,,,,
5ea2072bc2aeecdcc61c55da,2.01E+11,3,additions alterations or repairs,2007-01-05T00:00:00.000,254,24,1075,California,St,"upgrade 3 bathrooms to full accessibility including roll in shower in guest room 709 and accessible tubs in guest rooms 305 and 1101. work includes partitions, plumbing fixtures, electrical fixtures & finishes.",complete,2008-10-08T00:00:00.000,2007-01-05T00:00:00.000,2007-06-20T00:00:00.000,2008-06-20T00:00:00.000Z,60000,60000,tourist hotel/motel,tourist hotel/motel,2,3,Nob Hill,94108,"{'latitude': '37.79136899616078', 'longitude': '-122.41204913750134', 'human_address': '{""address"": """", ""city"": """", ""state"": """", ""zip"": """"}'}",1.08E+12,0,12,12,147,147,1,constr type 1,1,constr type 1,2008-10-08T00:00:00.000,,,,,
5ea2072bc2aeecdcc61c55db,2.01E+11,8,otc alterations permit,2007-01-05T00:00:00.000,3721,4,100,01st,St,renew pa# 2006/06/29/5325 & pa# 2006/06/20/4471 for final inspection only.,complete,2007-01-10T00:00:00.000,2007-01-05T00:00:00.000,2007-01-05T00:00:00.000,2007-05-05T00:00:00.000Z,1,1,office,office,0,6,Financial District/South Beach,94105,"{'latitude': '37.78933252407226', 'longitude': '-122.39739978578936', 'human_address': '{""address"": """", ""city"": """", ""state"": """", ""zip"": """"}'}",1.08E+12,,27,27,0,0,1,constr type 1,1,constr type 1,2007-01-10T00:00:00.000,,,,,
5ea2072bc2aeecdcc61c55dc,2.01E+11,3,additions alterations or repairs,2007-01-05T00:00:00.000,3711,12,77,Beale,St,"oti-1, 32nd floor, pg & e, el, ls, sp",expired,2010-10-20T00:00:00.000,2007-01-05T00:00:00.000,2007-04-25T00:00:00.000,2009-04-25T00:00:00.000Z,337000,337000,office,office,2,6,Financial District/South Beach,94105,"{'latitude': '37.791484026022516', 'longitude': '-122.39591566843751', 'human_address': '{""address"": """", ""city"": """", ""state"": """", ""zip"": """"}'}",1.08E+12,,32,32,0,0,1,constr type 1,1,constr type 1,,,,,,
5ea2072bc2aeecdcc61c55dd,2.01E+11,8,otc alterations permit,2007-01-05T00:00:00.000,496,001A,3035,Gough,St,remove & replace existing retaining wall @ side yard (south) walkway and add conc. grade beam @ southern side hallway & portion of existing garage area.,complete,2008-02-21T00:00:00.000,2007-01-05T00:00:00.000,2007-01-05T00:00:00.000,2007-07-05T00:00:00.000Z,15000,15000,apartments,apartments,2,2,Marina,94123,"{'latitude': '37.80140526510581', 'longitude': '-122.42828027621671', 'human_address': '{""address"": """", ""city"": """", ""state"": """", ""zip"": """"}'}",1.08E+12,0,4,4,12,12,5,wood frame (5),5,wood frame (5),2008-02-21T00:00:00.000,,,,,
5ea2072bc2aeecdcc61c55de,2.01E+11,3,additions alterations or repairs,2007-01-05T00:00:00.000,231,23,2,Embarcadero Center,,"oti-1, boston consulting grp, 25th/fl el,ls, sp, me",complete,2007-07-27T00:00:00.000,2007-01-05T00:00:00.000,2007-01-30T00:00:00.000,2008-01-30T00:00:00.000Z,180000,230608,office,office,2,3,Financial District/South Beach,94111,"{'latitude': '37.79479859387513', 'longitude': '-122.39847275186533', 'human_address': '{""address"": """", ""city"": """", ""state"": """", ""zip"": """"}'}",1.08E+11,,28,28,0,0,1,constr type 1,1,constr type 1,2007-07-27T00:00:00.000,,,,,
5ea2072bc2aeecdcc61c55df,2.01E+11,8,otc alterations permit,2007-01-05T00:00:00.000,3740,34,221,Main,St,oti-1 15th floor el me ls sp,complete,2007-07-05T00:00:00.000,2007-01-05T00:00:00.000,2007-01-05T00:00:00.000,2008-01-05T00:00:00.000Z,140000,140000,office,office,2,6,Financial District/South Beach,94105,"{'latitude': '37.79034577603179', 'longitude': '-122.39223862434201', 'human_address': '{""address"": """", ""city"": """", ""state"": """", ""zip"": """"}'}",1.08E+12,,16,16,0,0,1,constr type 1,1,constr type 1,2007-07-05T00:00:00.000,,,,,
5ea2072bc2aeecdcc61c55e0,2.01E+11,8,otc alterations permit,2007-01-05T00:00:00.000,682,12,2000,Post,St,renew 200307189864 for final inspection.,complete,2007-01-12T00:00:00.000,2007-01-05T00:00:00.000,2007-01-05T00:00:00.000,2007-05-05T00:00:00.000Z,1,1,apartments,apartments,0,5,Japantown,94115,"{'latitude': '37.78543513780336', 'longitude': '-122.43614202260812', 'human_address': '{""address"": """", ""city"": """", ""state"": """", ""zip"": """"}'}",1.08E+12,,4,4,304,304,5,wood frame (5),5,wood frame (5),2007-01-12T00:00:00.000,,,,,
5ea2072bc2aeecdcc61c55e1,2.01E+11,8,otc alterations permit,2007-01-05T00:00:00.000,4087,15,878,York,St,reroofing,complete,2007-01-22T00:00:00.000,2007-01-05T00:00:00.000,2007-01-05T00:00:00.000,2007-07-05T00:00:00.000Z,13500,13500,1 family dwelling,1 family dwelling,0,9,Mission,94110,"{'latitude': '37.75808578914124', 'longitude': '-122.40896988126467', 'human_address': '{""address"": """", ""city"": """", ""state"": """", ""zip"": """"}'}",1.08E+12,,,,,,,,,,2007-01-22T00:00:00.000,,,,,
5ea2072bc2aeecdcc61c55e2,2.01E+11,8,otc alterations permit,2007-01-05T00:00:00.000,254,24,1075,California,St,upgrade on guestroom bathroom to full accessibility with roll-in shower (room 401). revision to pa# 200510185811 for work in guest room 401 only. note: this project already permitted. this is a revised application which removes 1 bathroom (room 305) from scope.,issued,2007-01-05T00:00:00.000,2007-01-05T00:00:00.000,2007-01-05T00:00:00.000,2007-05-05T00:00:00.000Z,1,1,tourist hotel/motel,tourist hotel/motel,2,3,Nob Hill,94108,"{'latitude': '37.79136899616078', 'longitude': '-122.41204913750134', 'human_address': '{""address"": """", ""city"": """", ""state"": """", ""zip"": """"}'}",1.08E+12,0,12,12,147,147,1,constr type 1,1,constr type 1,,,,,,
5ea2072bc2aeecdcc61c55e3,2.01E+11,8,otc alterations permit,2007-01-05T00:00:00.000,2048,10,411,Noriega,St,"minor renovation of non bearing walls on first floor, move opening in bearing wall, add stl c-channel in floor below to reduce deflection, renovate extg kchn",complete,2007-06-28T00:00:00.000,2007-01-05T00:00:00.000,2007-01-05T00:00:00.000,2007-07-05T00:00:00.000Z,20000,20000,1 family dwelling,1 family dwelling,2,7,Inner Sunset,94122,"{'latitude': '37.75450278285374', 'longitude': '-122.46820338134366', 'human_address': '{""address"": """", ""city"": """", ""state"": """", ""zip"": """"}'}",1.08E+12,,2,2,1,1,5,wood frame (5),5,wood frame (5),2007-06-28T00:00:00.000,,,,,
5ea2072bc2aeecdcc61c55e4,2.01E+11,8,otc alterations permit,2007-01-05T00:00:00.000,5673,8,370,Coleridge,St,<50% rear deck repair. (2x decking) work in kind. approx 30 sf of rear fence repair due to dry rot.,expired,2010-06-09T00:00:00.000,2007-01-05T00:00:00.000,2007-01-05T00:00:00.000,2007-05-05T00:00:00.000Z,150,150,1 family dwelling,1 family dwelling,0,9,Bernal Heights,94110,"{'latitude': '37.741100842998094', 'longitude': '-122.42171177887877', 'human_address': '{""address"": """", ""city"": """", ""state"": """", ""zip"": """"}'}",1.08E+12,,3,3,1,1,5,wood frame (5),5,wood frame (5),,,,,,
5ea2072bc2aeecdcc61c55e5,M52944,8,otc alterations permit,2007-01-05T00:00:00.000,6665,023C,91,Miguel,St,street space,issued,2007-01-05T00:00:00.000,2007-01-05T00:00:00.000,2007-01-05T00:00:00.000,,,0,,,,8,Glen Park,94131,"{'latitude': '37.73882848237491', 'longitude': '-122.4287384570472', 'human_address': '{""address"": """", ""city"": """", ""state"": """", ""zip"": """"}'}",1.08E+12,,,,,,,,,,,,,,,
5ea2072bc2aeecdcc61c55e6,M52943,8,otc alterations permit,2007-01-05T00:00:00.000,3514,48,1645,Mission,St,verification and additional address,issued,2007-01-05T00:00:00.000,2007-01-05T00:00:00.000,2007-01-05T00:00:00.000,,,0,,,,6,Mission,94103,"{'latitude': '37.77158216475411', 'longitude': '-122.41882498334044', 'human_address': '{""address"": """", ""city"": """", ""state"": """", ""zip"": """"}'}",1.08E+12,0,,,,,,,,,,,,,,
5ea2072bc2aeecdcc61c55e7,M52943,8,otc alterations permit,2007-01-05T00:00:00.000,3514,48,1647,Mission,St,verification and additional address,issued,2007-01-05T00:00:00.000,2007-01-05T00:00:00.000,2007-01-05T00:00:00.000,,,0,,,,6,Mission,94103,"{'latitude': '37.77158216475411', 'longitude': '-122.41882498334044', 'human_address': '{""address"": """", ""city"": """", ""state"": """", ""zip"": """"}'}",1.08E+12,,,,,,,,,,,,,,,
5ea2072bc2aeecdcc61c55e8,M52943,8,otc alterations permit,2007-01-05T00:00:00.000,3514,48,1649,Mission,St,verification and additional address,issued,2007-01-05T00:00:00.000,2007-01-05T00:00:00.000,2007-01-05T00:00:00.000,,,0,,,,6,Mission,94103,"{'latitude': '37.77158216475411', 'longitude': '-122.41882498334044', 'human_address': '{""address"": """", ""city"": """", ""state"": """", ""zip"": """"}'}",1.08E+12,,,,,,,,,,,,,,,
5ea2072bc2aeecdcc61c55e9,2.01E+11,3,additions alterations or repairs,2007-01-05T00:00:00.000,2954A,37,150,Marietta,Dr,change of use. small family day care.,withdrawn,2007-02-01T00:00:00.000,2007-01-05T00:00:00.000,,,1,,1 family dwelling,1 family dwelling,2,7,West of Twin Peaks,94127,"{'latitude': '37.74037437193816', 'longitude': '-122.44775040189734', 'human_address': '{""address"": """", ""city"": """", ""state"": """", ""zip"": """"}'}",1.08E+12,,2,2,1,1,5,wood frame (5),5,wood frame (5),,,,,,
5ea2072bc2aeecdcc61c55ea,M52945,8,otc alterations permit,2007-01-05T00:00:00.000,4098,036E,617,Wisconsin,St,sidewalk,issued,2007-01-05T00:00:00.000,2007-01-05T00:00:00.000,2007-01-05T00:00:00.000,,,0,,,,10,Potrero Hill,94107,"{'latitude': '37.759272752381015', 'longitude': '-122.39881437729044', 'human_address': '{""address"": """", ""city"": """", ""state"": """", ""zip"": """"}'}",1.08E+12,,,,,,,,,,,,,,,
5ea2072bc2aeecdcc61c55eb,M52946,8,otc alterations permit,2007-01-05T00:00:00.000,143,14,1052,Montgomery,St,street space,issued,2007-01-05T00:00:00.000,2007-01-05T00:00:00.000,2007-01-05T00:00:00.000,,,0,,,,3,North Beach,94133,"{'latitude': '37.7989842049657', 'longitude': '-122.40380426431781', 'human_address': '{""address"": """", ""city"": """", ""state"": """", ""zip"": """"}'}",1.08E+12,0,,,,,,,,,,,,,,
5ea2072bc2aeecdcc61c55ec,M52946,8,otc alterations permit,2007-01-05T00:00:00.000,143,14,1054,Montgomery,St,street space,issued,2007-01-05T00:00:00.000,2007-01-05T00:00:00.000,2007-01-05T00:00:00.000,,,0,,,,3,North Beach,94133,"{'latitude': '37.7989842049657', 'longitude': '-122.40380426431781', 'human_address': '{""address"": """", ""city"": """", ""state"": """", ""zip"": """"}'}",1.08E+12,,,,,,,,,,,,,,,
5ea2072bc2aeecdcc61c55ed,2.01E+11,8,otc alterations permit,2007-01-05T00:00:00.000,819,13,580,Fell,St,"repair as per h.r. wellington report# 874836, item# 4b. (see attached termite report) less than 50% of structure.",complete,2007-01-18T00:00:00.000,2007-01-05T00:00:00.000,2007-01-05T00:00:00.000,2007-05-05T00:00:00.000Z,4000,4000,2 family dwelling,2 family dwelling,0,5,Hayes Valley,94102,"{'latitude': '37.77554725925998', 'longitude': '-122.42739447315483', 'human_address': '{""address"": """", ""city"": """", ""state"": """", ""zip"": """"}'}",1.08E+11,,1,1,2,2,5,wood frame (5),5,wood frame (5),2007-01-18T00:00:00.000,,,,,
5ea2072bc2aeecdcc61c55ee,2.01E+11,8,otc alterations permit,2007-01-05T00:00:00.000,819,13,582,Fell,St,"repair as per h.r. wellington report# 874836, item# 4b. (see attached termite report) less than 50% of structure.",complete,2007-01-18T00:00:00.000,2007-01-05T00:00:00.000,2007-01-05T00:00:00.000,2007-05-05T00:00:00.000Z,4000,4000,2 family dwelling,2 family dwelling,0,5,Hayes Valley,94102,"{'latitude': '37.77554725925998', 'longitude': '-122.42739447315483', 'human_address': '{""address"": """", ""city"": """", ""state"": """", ""zip"": """"}'}",1.08E+12,,1,1,2,2,5,wood frame (5),5,wood frame (5),2007-01-18T00:00:00.000,,,,,
5ea2072bc2aeecdcc61c55ef,2.01E+11,8,otc alterations permit,2007-01-05T00:00:00.000,7005,48,505,Garfield,St,"repair as per h.r. wellington report# 874947, item# 1b, 1c, 1d, 1e, 1g, 1h, 3a, 4a & 11b. (see attached termite report)",complete,2007-01-09T00:00:00.000,2007-01-05T00:00:00.000,2007-01-05T00:00:00.000,2007-05-05T00:00:00.000Z,1500,1500,1 family dwelling,1 family dwelling,0,11,Oceanview/Merced/Ingleside,94132,"{'latitude': '37.719466301527994', 'longitude': '-122.46738826049216', 'human_address': '{""address"": """", ""city"": """", ""state"": """", ""zip"": """"}'}",1.08E+12,,1,1,1,1,5,wood frame (5),5,wood frame (5),2007-01-09T00:00:00.000,,,,,
5ea2072bc2aeecdcc61c55f0,2.01E+11,8,otc alterations permit,2007-01-05T00:00:00.000,3710,19,45,Fremont,St,oti-2 b el me,complete,2007-09-05T00:00:00.000,2007-01-05T00:00:00.000,2007-01-05T00:00:00.000,2008-01-05T00:00:00.000Z,27603,27603,office,office,2,6,Financial District/South Beach,94105,"{'latitude': '37.791242409176604', 'longitude': '-122.39713339753926', 'human_address': '{""address"": """", ""city"": """", ""state"": """", ""zip"": """"}'}",1.08E+12,,36,36,0,0,1,constr type 1,1,constr type 1,2007-09-05T00:00:00.000,,,,,
5ea2072bc2aeecdcc61c55f1,2.01E+11,8,otc alterations permit,2007-01-05T00:00:00.000,3533,73,45,Brosnan,St,to renew  building permit pa#200410055932.,complete,2007-04-04T00:00:00.000,2007-01-05T00:00:00.000,2007-01-05T00:00:00.000,2007-07-05T00:00:00.000Z,8000,8000,apartments,apartments,0,8,Mission,94103,"{'latitude': '37.76855043225975', 'longitude': '-122.42331806825595', 'human_address': '{""address"": """", ""city"": """", ""state"": """", ""zip"": """"}'}",1.08E+12,,3,3,12,12,5,wood frame (5),5,wood frame (5),2007-04-04T00:00:00.000,,,,,
5ea2072bc2aeecdcc61c55f2,2.01E+11,8,otc alterations permit,2007-01-05T00:00:00.000,127,32,999,Green,St,kitchen finishes and fixtures upgrade. electrical and plumbing upgrade. removal of (e) non structural partition wall. no structural work to be done.,complete,2008-01-03T00:00:00.000,2007-01-05T00:00:00.000,2007-01-05T00:00:00.000,2008-01-05T00:00:00.000Z,60000,60000,apartments,apartments,2,3,Nob Hill,94133,"{'latitude': '37.79845073717453', 'longitude': '-122.41521861153946', 'human_address': '{""address"": """", ""city"": """", ""state"": """", ""zip"": """"}'}",1.08E+11,904,31,31,106,106,1,constr type 1,1,constr type 1,2008-01-03T00:00:00.000,,,,,
5ea2072bc2aeecdcc61c55f3,2.01E+11,8,otc alterations permit,2007-01-05T00:00:00.000,2882,17,436,Castenada,Av,renewal of pa# 2006/04/21/9597 for final inspection.,complete,2007-01-23T00:00:00.000,2007-01-05T00:00:00.000,2007-01-05T00:00:00.000,2007-05-05T00:00:00.000Z,1,1,1 family dwelling,1 family dwelling,0,7,West of Twin Peaks,94116,"{'latitude': '37.74585067463113', 'longitude': '-122.46660499890821', 'human_address': '{""address"": """", ""city"": """", ""state"": """", ""zip"": """"}'}",1.08E+12,,2,2,1,1,5,wood frame (5),5,wood frame (5),2007-01-23T00:00:00.000,,,,,
5ea2072bc2aeecdcc61c55f4,2.01E+11,8,otc alterations permit,2007-01-05T00:00:00.000,3538,115,30,Walter,St,bathroom remodel @ 1st floor unit.,complete,2007-05-03T00:00:00.000,2007-01-05T00:00:00.000,2007-01-05T00:00:00.000,2007-07-05T00:00:00.000Z,15000,15000,2 family dwelling,2 family dwelling,0,8,Castro/Upper Market,94114,"{'latitude': '37.76862771114598', 'longitude': '-122.43268225647348', 'human_address': '{""address"": """", ""city"": """", ""state"": """", ""zip"": """"}'}",1.08E+12,0,2,2,2,2,5,wood frame (5),5,wood frame (5),2007-05-03T00:00:00.000,,,,,
5ea2072bc2aeecdcc61c55f5,2.01E+11,8,otc alterations permit,2007-01-05T00:00:00.000,3710,19,45,Fremont,St,oti-1 rev. b,complete,2007-09-24T00:00:00.000,2007-01-05T00:00:00.000,2007-01-05T00:00:00.000,2007-05-05T00:00:00.000Z,2000,2000,office,office,2,6,Financial District/South Beach,94105,"{'latitude': '37.791242409176604', 'longitude': '-122.39713339753926', 'human_address': '{""address"": """", ""city"": """", ""state"": """", ""zip"": """"}'}",1.08E+12,,36,36,0,0,1,constr type 1,1,constr type 1,2007-09-24T00:00:00.000,,,,,
5ea2072bc2aeecdcc61c55f6,2.01E+11,8,otc alterations permit,2007-01-05T00:00:00.000,0436C,3,1434,Jefferson,St,"2 bathrooms remodel. new cabinets, tile, shower / tub, toilet, sink, fixtures. (2 baths in one unit) non structural work.",complete,2007-04-09T00:00:00.000,2007-01-05T00:00:00.000,2007-01-05T00:00:00.000,2007-07-05T00:00:00.000Z,20000,20000,2 family dwelling,2 family dwelling,0,2,Marina,94123,"{'latitude': '37.80588809963626', 'longitude': '-122.43622750063143', 'human_address': '{""address"": """", ""city"": """", ""state"": """", ""zip"": """"}'}",1.08E+12,0,2,2,2,2,5,wood frame (5),5,wood frame (5),2007-04-09T00:00:00.000,,,,,
5ea2072bc2aeecdcc61c55f7,M52962,8,otc alterations permit,2007-01-05T00:00:00.000,3702,56,1160,Mission,St,street space,issued,2007-01-05T00:00:00.000,2007-01-05T00:00:00.000,2007-01-05T00:00:00.000,,,0,,,,6,South of Market,94103,"{'latitude': '37.778899602203325', 'longitude': '-122.41288383965127', 'human_address': '{""address"": """", ""city"": """", ""state"": """", ""zip"": """"}'}",1.08E+12,,,,,,,,,,,,,,,
5ea2072bc2aeecdcc61c55f8,2.01E+11,8,otc alterations permit,2007-01-05T00:00:00.000,684,42,1961,Sutter,St,reroofing,issued,2007-01-05T00:00:00.000,2007-01-05T00:00:00.000,2007-01-05T00:00:00.000,2007-07-05T00:00:00.000Z,22500,22500,apartments,apartments,0,5,Japantown,94115,"{'latitude': '37.78595688098948', 'longitude': '-122.4326170962357', 'human_address': '{""address"": """", ""city"": """", ""state"": """", ""zip"": """"}'}",1.08E+11,,,,,,,,,,,,,,,
5ea2072bc2aeecdcc61c55f9,2.01E+11,8,otc alterations permit,2007-01-05T00:00:00.000,684,42,1969,Sutter,St,reroofing,issued,2007-01-05T00:00:00.000,2007-01-05T00:00:00.000,2007-01-05T00:00:00.000,2007-07-05T00:00:00.000Z,22500,22500,apartments,apartments,0,5,Japantown,94115,"{'latitude': '37.78595688098948', 'longitude': '-122.4326170962357', 'human_address': '{""address"": """", ""city"": """", ""state"": """", ""zip"": """"}'}",1.08E+12,,,,,,,,,,,,,,,
5ea2072bc2aeecdcc61c55fa,2.01E+11,8,otc alterations permit,2007-01-05T00:00:00.000,6520,16,2896,Folsom,St,reroofing.,issued,2007-01-05T00:00:00.000,2007-01-05T00:00:00.000,2007-01-05T00:00:00.000,2008-01-05T00:00:00.000Z,27000,27000,apartments,apartments,0,9,Mission,94110,"{'latitude': '37.75101965420707', 'longitude': '-122.41424546081164', 'human_address': '{""address"": """", ""city"": """", ""state"": """", ""zip"": """"}'}",1.08E+12,,,,,,,,,,,,,,,
5ea2072bc2aeecdcc61c55fb,2.01E+11,8,otc alterations permit,2007-01-05T00:00:00.000,6520,16,2898,Folsom,St,reroofing.,issued,2007-01-05T00:00:00.000,2007-01-05T00:00:00.000,2007-01-05T00:00:00.000,2008-01-05T00:00:00.000Z,27000,27000,apartments,apartments,0,9,Mission,94110,"{'latitude': '37.75101965420707', 'longitude': '-122.41424546081164', 'human_address': '{""address"": """", ""city"": """", ""state"": """", ""zip"": """"}'}",1.08E+12,,,,,,,,,,,,,,,
5ea2072bc2aeecdcc61c55fc,2.01E+11,8,otc alterations permit,2007-01-05T00:00:00.000,3588,77,45,Linda,St,repair rear stair case & landings. less than 50% repair in kind.,complete,2007-04-16T00:00:00.000,2007-01-05T00:00:00.000,2007-01-05T00:00:00.000,2007-05-05T00:00:00.000Z,4000,4000,2 family dwelling,2 family dwelling,0,8,Mission,94110,"{'latitude': '37.76099574957879', 'longitude': '-122.42280189332148', 'human_address': '{""address"": """", ""city"": """", ""state"": """", ""zip"": """"}'}",1.08E+12,,2,2,2,2,5,wood frame (5),5,wood frame (5),2007-04-16T00:00:00.000,,,,,
5ea2072bc2aeecdcc61c55fd,M52963,8,otc alterations permit,2007-01-05T00:00:00.000,2648,25,73,Diamond,St,street space permit,issued,2007-01-05T00:00:00.000,2007-01-05T00:00:00.000,2007-01-05T00:00:00.000,,,0,,,,8,Castro/Upper Market,94114,"{'latitude': '37.76123884304633', 'longitude': '-122.43690897413354', 'human_address': '{""address"": """", ""city"": """", ""state"": """", ""zip"": """"}'}",1.08E+12,,,,,,,,,,,,,,,
5ea2072bc2aeecdcc61c55fe,M52964,8,otc alterations permit,2007-01-05T00:00:00.000,2167,1,2001,47th,Av,street space permit,issued,2007-01-05T00:00:00.000,2007-01-05T00:00:00.000,2007-01-05T00:00:00.000,,,0,,,,4,Sunset/Parkside,94116,"{'latitude': '37.74903036693942', 'longitude': '-122.50646911882275', 'human_address': '{""address"": """", ""city"": """", ""state"": """", ""zip"": """"}'}",1.08E+12,,,,,,,,,,,,,,,
5ea2072bc2aeecdcc61c55ff,M52965,8,otc alterations permit,2007-01-05T00:00:00.000,3273,21,725,Darien,Wy,street space & sidewalk permit only.,issued,2007-01-05T00:00:00.000,2007-01-05T00:00:00.000,2007-01-05T00:00:00.000,,,0,,,,7,West of Twin Peaks,94127,"{'latitude': '37.73065073549003', 'longitude': '-122.46401359060258', 'human_address': '{""address"": """", ""city"": """", ""state"": """", ""zip"": """"}'}",1.08E+12,,,,,,,,,,,,,,,
5ea2072bc2aeecdcc61c5600,M52966,8,otc alterations permit,2007-01-05T00:00:00.000,6616,14,36,Valley,St,sidewalk permit only.,issued,2007-01-05T00:00:00.000,2007-01-05T00:00:00.000,2007-01-05T00:00:00.000,,,0,,,,8,Noe Valley,94110,"{'latitude': '37.74496395502768', 'longitude': '-122.42310235545759', 'human_address': '{""address"": """", ""city"": """", ""state"": """", ""zip"": """"}'}",1.08E+12,,,,,,,,,,,,,,,
5ea2072bc2aeecdcc61c5601,2.01E+11,2,new construction wood frame,2007-01-05T00:00:00.000,6942,39,244,Granada,Av,"to erect a new 3-story, two units dwelling with no basement building.",issued,2008-10-09T00:00:00.000,2007-01-05T00:00:00.000,2008-10-09T00:00:00.000,2011-09-24T00:00:00.000Z,280000,437169,,2 family dwelling,2,7,Oceanview/Merced/Ingleside,94112,"{'latitude': '37.7228531780017', 'longitude': '-122.45684952547855', 'human_address': '{""address"": """", ""city"": """", ""state"": """", ""zip"": """"}'}",1.08E+12,,,3,,2,,,5,wood frame (5),,,Y,,2008-10-09T00:00:00.000,
5ea2072bc2aeecdcc61c5602,2.01E+11,3,additions alterations or repairs,2007-01-05T00:00:00.000,1202,002J,616,Divisadero,St,removal of (e) area @fly loft and roof rear & sidewalls to 2nd eastern structural bay within (e) auditorm. new rear wall will be constructed @eastern side of bldg. new basement with parking garage & access to hayes st. permitting vehicle access. the western facade will have the blade and masonee sig,filed,2007-01-05T00:00:00.000,2007-01-05T00:00:00.000,,,400000,,church,office,2,5,Hayes Valley,94117,"{'latitude': '37.775313751422985', 'longitude': '-122.4374623861592', 'human_address': '{""address"": """", ""city"": """", ""state"": """", ""zip"": """"}'}",1.08E+11,,3,3,0,0,1,constr type 1,1,constr type 1,,,Y,,,
5ea2072bc2aeecdcc61c5603,M52982,8,otc alterations permit,2007-01-05T00:00:00.000,4075,18,785,San Bruno,Av,street space,issued,2007-01-05T00:00:00.000,2007-01-05T00:00:00.000,2007-01-05T00:00:00.000,,,0,,,,10,Potrero Hill,94107,"{'latitude': '37.759713835202476', 'longitude': '-122.40468014636045', 'human_address': '{""address"": """", ""city"": """", ""state"": """", ""zip"": """"}'}",1.08E+12,,,,,,,,,,,,,,,
5ea2072bc2aeecdcc61c5604,2.01E+11,5,grade or quarry or fill or excavate,2007-01-05T00:00:00.000,4228,10,1301,Indiana,St,dirt removal as required to level site for new construction #bpn 2002-12-24-4169s.,complete,2008-05-05T00:00:00.000,2007-01-05T00:00:00.000,2007-05-23T00:00:00.000,2008-05-23T00:00:00.000Z,67500,100000,,,2,10,Potrero Hill,94107,"{'latitude': '37.754173905047736', 'longitude': '-122.39034620596833', 'human_address': '{""address"": """", ""city"": """", ""state"": """", ""zip"": """"}'}",1.08E+12,,,,,,,,,,2008-05-05T00:00:00.000,,,,,
5ea2072bc2aeecdcc61c5605,M52983,8,otc alterations permit,2007-01-05T00:00:00.000,39,7,2013,Grant,Av,street space,issued,2007-01-05T00:00:00.000,2007-01-05T00:00:00.000,2007-01-05T00:00:00.000,,,0,,,,3,North Beach,94133,"{'latitude': '37.80553541130805', 'longitude': '-122.40872356719942', 'human_address': '{""address"": """", ""city"": """", ""state"": """", ""zip"": """"}'}",1.08E+11,,,,,,,,,,,,,,,
5ea2072bc2aeecdcc61c5606,M52984,8,otc alterations permit,2007-01-05T00:00:00.000,49,12,2444,Leavenworth,St,street space,issued,2007-01-05T00:00:00.000,2007-01-05T00:00:00.000,2007-01-05T00:00:00.000,,,0,,,,2,Russian Hill,94133,"{'latitude': '37.803782763131125', 'longitude': '-122.41796659180626', 'human_address': '{""address"": """", ""city"": """", ""state"": """", ""zip"": """"}'}",1.08E+12,,,,,,,,,,,,,,,
5ea2072bc2aeecdcc61c5607,2.01E+11,5,grade or quarry or fill or excavate,2007-01-05T00:00:00.000,4228,10,1275,Indiana,St,dirt removal as required to level site for new construction #bpn 2002-12-24-4471.,complete,2008-05-05T00:00:00.000,2007-01-05T00:00:00.000,2007-05-23T00:00:00.000,2008-05-23T00:00:00.000Z,67500,100000,,,2,10,Potrero Hill,94107,"{'latitude': '37.754173905047736', 'longitude': '-122.39034620596833', 'human_address': '{""address"": """", ""city"": """", ""state"": """", ""zip"": """"}'}",1.08E+12,,,,,,,,,,2008-05-05T00:00:00.000,,,,,
5ea2072bc2aeecdcc61c5608,M52985,8,otc alterations permit,2007-01-05T00:00:00.000,586,14,2513,Pacific,Av,street space,issued,2007-01-05T00:00:00.000,2007-01-05T00:00:00.000,2007-01-05T00:00:00.000,,,0,,,,2,Pacific Heights,94115,"{'latitude': '37.79276909001666', 'longitude': '-122.43714251683652', 'human_address': '{""address"": """", ""city"": """", ""state"": """", ""zip"": """"}'}",1.08E+12,0,,,,,,,,,,,,,,
5ea2072bc2aeecdcc61c5609,M52986,8,otc alterations permit,2007-01-05T00:00:00.000,744,18,800,Turk,St,sidewalk repair,issued,2007-01-05T00:00:00.000,2007-01-05T00:00:00.000,2007-01-05T00:00:00.000,,,0,,,,5,Western Addition,94102,"{'latitude': '37.78190997723413', 'longitude': '-122.42266836945097', 'human_address': '{""address"": """", ""city"": """", ""state"": """", ""zip"": """"}'}",1.08E+11,,,,,,,,,,,,,,,
5ea2072bc2aeecdcc61c560a,2.01E+11,5,grade or quarry or fill or excavate,2007-01-05T00:00:00.000,279,14,1299,Bush,St,temporary shoring & underpinning as required for bpn# 2005-03-10-7166. work under this permit to be an underpinning piers & soldier beams except underpinning piers #27 to #31 as shown on street #sp1,complete,2009-10-16T00:00:00.000,2007-01-05T00:00:00.000,2008-03-13T00:00:00.000,2010-03-13T00:00:00.000Z,100000,432300,,,2,3,Nob Hill,94109,"{'latitude': '37.788708778323645', 'longitude': '-122.41839815030428', 'human_address': '{""address"": """", ""city"": """", ""state"": """", ""zip"": """"}'}",1.08E+12,0,,,,,,,,,2009-10-16T00:00:00.000,,,,,
5ea2072bc2aeecdcc61c560b,2.01E+11,8,otc alterations permit,2007-01-05T00:00:00.000,1762,26,1382,08th,Av,replace two windows in kind at front of house. alluminum to vinyl. .67 u factor min. comply with (his nov#200677707 & #200675397),complete,2007-02-01T00:00:00.000,2007-01-05T00:00:00.000,2007-01-05T00:00:00.000,2007-05-05T00:00:00.000Z,1200,1200,apartments,apartments,0,5,Inner Sunset,94122,"{'latitude': '37.762582967948525', 'longitude': '-122.46486983244503', 'human_address': '{""address"": """", ""city"": """", ""state"": """", ""zip"": """"}'}",1.08E+12,0,3,3,3,3,5,wood frame (5),5,wood frame (5),2007-02-01T00:00:00.000,,,,,
5ea2072bc2aeecdcc61c560c,2.01E+11,8,otc alterations permit,2007-01-05T00:00:00.000,2861,31,2238,09th,Av,remodel kitchen on level 'a' and refurbish existing stairway with open handrail,complete,2007-06-01T00:00:00.000,2007-01-05T00:00:00.000,2007-01-05T00:00:00.000,2007-07-05T00:00:00.000Z,25000,25000,1 family dwelling,1 family dwelling,2,7,West of Twin Peaks,94116,"{'latitude': '37.74732650535603', 'longitude': '-122.46555073484286', 'human_address': '{""address"": """", ""city"": """", ""state"": """", ""zip"": """"}'}",1.08E+12,,2,2,1,1,5,wood frame (5),5,wood frame (5),2007-06-01T00:00:00.000,,,,,
5ea2072bc2aeecdcc61c560d,2.01E+11,8,otc alterations permit,2007-01-05T00:00:00.000,321,32,765,Ofarrell,St,"total of 8 units. this is a  revision to pa# 2006/08/07/8815. repair wiring, plumbing, partial walls painting etc. for unit# 4, #7, #22, #31, #32, #37, #41 & #43. bath room, kitchen, 1 in each unit. minimum upgrade.",complete,2007-01-29T00:00:00.000,2007-01-05T00:00:00.000,2007-01-05T00:00:00.000,2007-05-05T00:00:00.000Z,1,1,apartments,apartments,0,6,Tenderloin,94109,"{'latitude': '37.784967277951175', 'longitude': '-122.41725672531369', 'human_address': '{""address"": """", ""city"": """", ""state"": """", ""zip"": """"}'}",1.08E+11,,4,4,33,33,5,wood frame (5),5,wood frame (5),2007-01-29T00:00:00.000,,,,,
5ea2072bc2aeecdcc61c560e,M53002,8,otc alterations permit,2007-01-05T00:00:00.000,7112,006A,20,Sadowa,St,street space & sidewalk,issued,2007-01-05T00:00:00.000,2007-01-05T00:00:00.000,2007-01-05T00:00:00.000,,,0,,,,11,Oceanview/Merced/Ingleside,94112,"{'latitude': '37.712578241446195', 'longitude': '-122.45502045341854', 'human_address': '{""address"": """", ""city"": """", ""state"": """", ""zip"": """"}'}",1.08E+12,,,,,,,,,,,,,,,
5ea2072bc2aeecdcc61c560f,2.01E+11,3,additions alterations or repairs,2007-01-05T00:00:00.000,279,15,1283,Bush,St,underpinning as required by adjacent. new construction 2005-03-10-7166s.,withdrawn,2007-11-05T00:00:00.000,2007-01-05T00:00:00.000,,,25000,252500,apartments,apartments,2,3,Nob Hill,94109,"{'latitude': '37.78872703093541', 'longitude': '-122.41825701981622', 'human_address': '{""address"": """", ""city"": """", ""state"": """", ""zip"": """"}'}",1.08E+12,0,4,4,8,8,5,wood frame (5),5,wood frame (5),,,,,,
5ea2072bc2aeecdcc61c5610,2.01E+11,4,sign - erect,2007-01-05T00:00:00.000,3705,42,865,Market,St,to erect electrical sign,issued,2007-01-05T00:00:00.000,2007-01-05T00:00:00.000,2007-01-05T00:00:00.000,2007-05-05T00:00:00.000Z,,4000,retail sales,,2,6,South of Market,94103,"{'latitude': '37.78394695457302', 'longitude': '-122.40715830829208', 'human_address': '{""address"": """", ""city"": """", ""state"": """", ""zip"": """"}'}",1.08E+12,,6,,0,,3,constr type 3,,,,,,,,
5ea2072bc2aeecdcc61c5611,M53003,8,otc alterations permit,2007-01-05T00:00:00.000,1232,23,1567,Page,St,street space,issued,2007-01-05T00:00:00.000,2007-01-05T00:00:00.000,2007-01-05T00:00:00.000,,,0,,,,5,Haight Ashbury,94117,"{'latitude': '37.77077091593777', 'longitude': '-122.44660871824203', 'human_address': '{""address"": """", ""city"": """", ""state"": """", ""zip"": """"}'}",1.08E+12,,,,,,,,,,,,,,,
5ea2072bc2aeecdcc61c5612,M53004,8,otc alterations permit,2007-01-05T00:00:00.000,5685,18,355,Banks,St,street space,issued,2007-01-05T00:00:00.000,2007-01-05T00:00:00.000,2007-01-05T00:00:00.000,,,0,,,,9,Bernal Heights,94110,"{'latitude': '37.73864515727059', 'longitude': '-122.41252448699053', 'human_address': '{""address"": """", ""city"": """", ""state"": """", ""zip"": """"}'}",1.08E+12,,,,,,,,,,,,,,,
5ea2072bc2aeecdcc61c5613,2.01E+11,3,additions alterations or repairs,2007-01-05T00:00:00.000,279,12,1144,Larkin,St,underpinning as required by adjacent new construction 2005-03-10-7166s.,complete,2009-10-16T00:00:00.000,2007-01-05T00:00:00.000,2008-02-27T00:00:00.000,2009-02-27T00:00:00.000Z,10000,43000,apartments,apartments,2,3,Nob Hill,94109,"{'latitude': '37.788527586779594', 'longitude': '-122.41831373627939', 'human_address': '{""address"": """", ""city"": """", ""state"": """", ""zip"": """"}'}",1.08E+11,,3,3,16,16,5,wood frame (5),5,wood frame (5),2009-10-16T00:00:00.000,,,,,
5ea2072bc2aeecdcc61c5614,2.01E+11,8,otc alterations permit,2007-01-05T00:00:00.000,4150,15,2868,23rd,St,complaint 3200681897. stairs repair less than 50% of structure.,complete,2007-03-07T00:00:00.000,2007-01-05T00:00:00.000,2007-01-05T00:00:00.000,2007-05-05T00:00:00.000Z,500,500,apartments,apartments,0,9,Mission,94110,"{'latitude': '37.75459529763203', 'longitude': '-122.40973764782687', 'human_address': '{""address"": """", ""city"": """", ""state"": """", ""zip"": """"}'}",1.08E+12,0,2,2,4,4,5,wood frame (5),5,wood frame (5),2007-03-07T00:00:00.000,,,,,
5ea2072bc2aeecdcc61c5615,2.01E+11,8,otc alterations permit,2007-01-05T00:00:00.000,2984,14,45,Allston,Wy,reenforce bay window section at rear of house (n) partitions at garage to create (n) storage rooms (two) voluntary strengthen garage wall. no calcs no spec insp.,issued,2007-01-05T00:00:00.000,2007-01-05T00:00:00.000,2007-01-05T00:00:00.000,2007-07-05T00:00:00.000Z,8000,8000,1 family dwelling,1 family dwelling,2,7,West of Twin Peaks,94127,"{'latitude': '37.74144783654101', 'longitude': '-122.46266408986418', 'human_address': '{""address"": """", ""city"": """", ""state"": """", ""zip"": """"}'}",1.08E+12,,2,2,1,1,5,wood frame (5),5,wood frame (5),,,,,,
5ea2072bc2aeecdcc61c5616,2.01E+11,6,demolitions,2007-01-05T00:00:00.000,3776,92,246,Ritch,St,to demolish 1 story storage building,withdrawn,2010-12-01T00:00:00.000,2007-01-05T00:00:00.000,,,,,"warehouse,no frnitur",,0,6,South of Market,94107,"{'latitude': '37.780218861178675', 'longitude': '-122.39581632031391', 'human_address': '{""address"": """", ""city"": """", ""state"": """", ""zip"": """"}'}",1.08E+12,,1,,0,,5,wood frame (5),,,,,,,,
5ea2072bc2aeecdcc61c5617,2.01E+11,8,otc alterations permit,2007-01-05T00:00:00.000,94,5,1100,Filbert,St,reactivate job permit#200509132712. seismic improvement work to complete.,expired,2014-08-19T00:00:00.000,2007-01-05T00:00:00.000,2007-01-05T00:00:00.000,2007-07-05T00:00:00.000Z,15000,15000,apartments,apartments,0,2,Russian Hill,94109,"{'latitude': '37.80045478404231', 'longitude': '-122.41788437239934', 'human_address': '{""address"": """", ""city"": """", ""state"": """", ""zip"": """"}'}",1.08E+12,0,3,3,3,3,5,wood frame (5),5,wood frame (5),,,,,,
5ea2072bc2aeecdcc61c5618,2.01E+11,8,otc alterations permit,2007-01-05T00:00:00.000,94,5,1112,Filbert,St,reactivate job permit#200509132712. seismic improvement work to complete.,expired,2014-08-19T00:00:00.000,2007-01-05T00:00:00.000,2007-01-05T00:00:00.000,2007-07-05T00:00:00.000Z,15000,15000,apartments,apartments,0,2,Russian Hill,94109,"{'latitude': '37.80045478404231', 'longitude': '-122.41788437239934', 'human_address': '{""address"": """", ""city"": """", ""state"": """", ""zip"": """"}'}",1.08E+12,,3,3,3,3,5,wood frame (5),5,wood frame (5),,,,,,
5ea2072bc2aeecdcc61c5619,2.01E+11,8,otc alterations permit,2007-01-05T00:00:00.000,5612,32,91,Winfield,St,reroofing.,complete,2007-05-23T00:00:00.000,2007-01-05T00:00:00.000,2007-01-05T00:00:00.000,2007-07-05T00:00:00.000Z,7940,7940,1 family dwelling,1 family dwelling,0,9,Bernal Heights,94110,"{'latitude': '37.74366476902927', 'longitude': '-122.41761907508271', 'human_address': '{""address"": """", ""city"": """", ""state"": """", ""zip"": """"}'}",1.08E+12,,,,,,,,,,2007-05-23T00:00:00.000,,,,,
5ea2072bc2aeecdcc61c561a,2.01E+11,2,new construction wood frame,2007-01-05T00:00:00.000,3776,92,246,Ritch,St,to erect a new 5 story 19 dwelling unit,complete,2014-02-06T00:00:00.000,2007-01-05T00:00:00.000,2012-04-20T00:00:00.000,2015-04-05T00:00:00.000Z,1800000,1891285,,apartments,2,6,South of Market,94107,"{'latitude': '37.780218861178675', 'longitude': '-122.39581632031391', 'human_address': '{""address"": """", ""city"": """", ""state"": """", ""zip"": """"}'}",1.08E+12,,,5,,19,,,5,wood frame (5),2014-02-06T00:00:00.000,,Y,,2012-08-14T00:00:00.000,
5ea2072bc2aeecdcc61c561b,2.01E+11,3,additions alterations or repairs,2007-01-05T00:00:00.000,266,9,1,Front,St,"oti-1, aetna, 6/fl, el,, me, ls, sp.",complete,2007-06-22T00:00:00.000,2007-01-05T00:00:00.000,2007-01-29T00:00:00.000,2009-01-29T00:00:00.000Z,308000,308000,office,office,2,3,Financial District/South Beach,94111,"{'latitude': '37.79175821447036', 'longitude': '-122.39891194475122', 'human_address': '{""address"": """", ""city"": """", ""state"": """", ""zip"": """"}'}",1.08E+12,,38,38,0,0,1,constr type 1,1,constr type 1,2007-06-22T00:00:00.000,,,,,
5ea2072bc2aeecdcc61c561c,2.01E+11,8,otc alterations permit,2007-01-05T00:00:00.000,2199,003C,2147,18th,Av,reroofing.,issued,2007-01-05T00:00:00.000,2007-01-05T00:00:00.000,2007-01-05T00:00:00.000,2007-05-05T00:00:00.000Z,4800,4800,1 family dwelling,1 family dwelling,0,7,West of Twin Peaks,94116,"{'latitude': '37.74778375279827', 'longitude': '-122.47524676987994', 'human_address': '{""address"": """", ""city"": """", ""state"": """", ""zip"": """"}'}",1.08E+12,,,,,,,,,,,,,,,
5ea2072bc2aeecdcc61c561d,2.01E+11,8,otc alterations permit,2007-01-05T00:00:00.000,1662,45,754,20th,Av,reroofing.,issued,2007-01-05T00:00:00.000,2007-01-05T00:00:00.000,2007-01-05T00:00:00.000,2007-05-05T00:00:00.000Z,4800,4800,2 family dwelling,2 family dwelling,0,1,Outer Richmond,94121,"{'latitude': '37.773661165865164', 'longitude': '-122.4785658160331', 'human_address': '{""address"": """", ""city"": """", ""state"": """", ""zip"": """"}'}",1.08E+12,,,,,,,,,,,,,,,
5ea2072bc2aeecdcc61c561e,2.01E+11,3,additions alterations or repairs,2007-01-05T00:00:00.000,266,9,1,Front,St,"oti-2, aetna, 6/fl, el, me, ls.",complete,2007-06-22T00:00:00.000,2007-01-05T00:00:00.000,2007-02-12T00:00:00.000,2008-02-12T00:00:00.000Z,80000,100000,office,office,2,3,Financial District/South Beach,94111,"{'latitude': '37.79175821447036', 'longitude': '-122.39891194475122', 'human_address': '{""address"": """", ""city"": """", ""state"": """", ""zip"": """"}'}",1.08E+12,,33,33,0,0,1,constr type 1,1,constr type 1,2007-06-22T00:00:00.000,,,,,
5ea2072bc2aeecdcc61c561f,2.01E+11,8,otc alterations permit,2007-01-05T00:00:00.000,0026T,289A,2655,Hyde,St,"remove & replace exterior cement plaster approx 2400 sqft, interior gypsum board around window and sliding glass doors. 26 windows and 4 sliding glass doors (same size, same location), & water damaged framing and sheating at the south wall units#107,106,105,104,207,206,205,204,307,306,305,304. 12 un",complete,2007-03-29T00:00:00.000,2007-01-05T00:00:00.000,2007-01-05T00:00:00.000,2008-01-05T00:00:00.000Z,75000,75000,apartments,apartments,2,2,Russian Hill,94109,"{'latitude': '37.8054734094747', 'longitude': '-122.42059704496393', 'human_address': '{""address"": """", ""city"": """", ""state"": """", ""zip"": """"}'}",1.08E+12,0,3,3,24,24,5,wood frame (5),5,wood frame (5),2007-03-29T00:00:00.000,,,,,0
5ea2072bc2aeecdcc61c5620,2.01E+11,8,otc alterations permit,2007-01-05T00:00:00.000,1662,45,756,20th,Av,reroofing.,issued,2007-01-05T00:00:00.000,2007-01-05T00:00:00.000,2007-01-05T00:00:00.000,2007-05-05T00:00:00.000Z,4800,4800,2 family dwelling,2 family dwelling,0,1,Outer Richmond,94121,"{'latitude': '37.773661165865164', 'longitude': '-122.4785658160331', 'human_address': '{""address"": """", ""city"": """", ""state"": """", ""zip"": """"}'}",1.08E+12,,,,,,,,,,,,,,,
5ea2072bc2aeecdcc61c5621,2.01E+11,8,otc alterations permit,2007-01-05T00:00:00.000,268,6,220,Bush,St,"oti-1   8th floor el, l/s, sp",complete,2007-06-19T00:00:00.000,2007-01-05T00:00:00.000,2007-01-05T00:00:00.000,2008-01-05T00:00:00.000Z,80000,80000,office,office,2,3,Financial District/South Beach,94104,"{'latitude': '37.79139224704139', 'longitude': '-122.40130698499809', 'human_address': '{""address"": """", ""city"": """", ""state"": """", ""zip"": """"}'}",1.08E+11,,22,22,0,0,1,constr type 1,1,constr type 1,2007-06-19T00:00:00.000,,,,,
5ea2072bc2aeecdcc61c5622,M53022,8,otc alterations permit,2007-01-05T00:00:00.000,961,4,2515,Scott,St,street space,issued,2007-01-05T00:00:00.000,2007-01-05T00:00:00.000,2007-01-05T00:00:00.000,,,0,,,,2,Pacific Heights,94115,"{'latitude': '37.79307710747633', 'longitude': '-122.44006974346662', 'human_address': '{""address"": """", ""city"": """", ""state"": """", ""zip"": """"}'}",1.08E+11,,,,,,,,,,,,,,,
5ea2072bc2aeecdcc61c5623,2.01E+11,8,otc alterations permit,2007-01-05T00:00:00.000,2704,56,381,Corbett,Av,demo and remodel: kitchen and bathroom at ground level,expired,2007-07-30T00:00:00.000,2007-01-05T00:00:00.000,2007-01-05T00:00:00.000,2007-07-05T00:00:00.000Z,10000,10000,apartments,apartments,0,8,Castro/Upper Market,94114,"{'latitude': '37.7593171602773', 'longitude': '-122.44561879010135', 'human_address': '{""address"": """", ""city"": """", ""state"": """", ""zip"": """"}'}",1.08E+12,0,3,3,3,3,5,wood frame (5),5,wood frame (5),,,,,,
5ea2072bc2aeecdcc61c5624,2.01E+11,8,otc alterations permit,2007-01-05T00:00:00.000,3251,6,250,San Fernando,Wy,reroofing,complete,2007-01-17T00:00:00.000,2007-01-05T00:00:00.000,2007-01-05T00:00:00.000,2007-07-05T00:00:00.000Z,18527,18527,1 family dwelling,1 family dwelling,0,7,West of Twin Peaks,94127,"{'latitude': '37.7324148199799', 'longitude': '-122.4698654023569', 'human_address': '{""address"": """", ""city"": """", ""state"": """", ""zip"": """"}'}",1.08E+12,,,,,,,,,,2007-01-17T00:00:00.000,,,,,
5ea2072bc2aeecdcc61c5625,2.01E+11,8,otc alterations permit,2007-01-05T00:00:00.000,1114,8,45,Encanto,Av,reroofing,complete,2007-01-17T00:00:00.000,2007-01-05T00:00:00.000,2007-01-05T00:00:00.000,2007-07-05T00:00:00.000Z,13674,13674,1 family dwelling,1 family dwelling,0,2,Lone Mountain/USF,94115,"{'latitude': '37.780403040504375', 'longitude': '-122.44386520813573', 'human_address': '{""address"": """", ""city"": """", ""state"": """", ""zip"": """"}'}",1.08E+11,,,,,,,,,,2007-01-17T00:00:00.000,,,,,
5ea2072bc2aeecdcc61c5626,2.01E+11,3,additions alterations or repairs,2007-01-05T00:00:00.000,3729,74,1269,Howard,St,"revise pa# 200610195527-install wheel chair lift, provide structural details for installation skylight.",issued,2007-02-13T00:00:00.000,2007-01-05T00:00:00.000,2007-02-13T00:00:00.000,2008-02-13T00:00:00.000Z,35000,35000,office,office,2,6,South of Market,94103,"{'latitude': '37.775158468223474', 'longitude': '-122.41238465243752', 'human_address': '{""address"": """", ""city"": """", ""state"": """", ""zip"": """"}'}",1.08E+12,,2,2,0,0,5,wood frame (5),5,wood frame (5),,,,,,
5ea2072bc2aeecdcc61c5627,2.01E+11,8,otc alterations permit,2007-01-05T00:00:00.000,678,126,2295,Bush,St,"1 at 11' 2"" wide x 3' projection x 4' drop and 1 corner at 12' wide, 8' wide corner panel, 12' wide x 3' projection x 4 4' drop",issued,2007-01-05T00:00:00.000,2007-01-05T00:00:00.000,2007-01-05T00:00:00.000,,,0,,,2,5,Pacific Heights,94115,"{'latitude': '37.786572696599826', 'longitude': '-122.4347131457043', 'human_address': '{""address"": """", ""city"": """", ""state"": """", ""zip"": """"}'}",1.08E+12,0,,,,,,,,,,,,,,
5ea2072bc2aeecdcc61c5628,2.01E+11,8,otc alterations permit,2007-01-05T00:00:00.000,59,121,150,Lombard,St,"remodel one kitchen w/new appliance & cabinets/countertops, retile bathroom new vanity &* bath tub - no stuctrual work in kind",complete,2007-03-02T00:00:00.000,2007-01-05T00:00:00.000,2007-01-05T00:00:00.000,2007-07-05T00:00:00.000Z,10000,10000,apartments,apartments,0,3,Financial District/South Beach,94111,"{'latitude': '37.80442696445743', 'longitude': '-122.40426517628732', 'human_address': '{""address"": """", ""city"": """", ""state"": """", ""zip"": """"}'}",1.08E+11,509,9,9,72,72,2,constr type 2,2,constr type 2,2007-03-02T00:00:00.000,,,,,
5ea2072bc2aeecdcc61c5629,M53042,8,otc alterations permit,2007-01-05T00:00:00.000,3584,32,3976,19th,St,street space permit,issued,2007-01-05T00:00:00.000,2007-01-05T00:00:00.000,2007-01-05T00:00:00.000,,,0,,,,8,Castro/Upper Market,94114,"{'latitude': '37.75970572983867', 'longitude': '-122.43202607528404', 'human_address': '{""address"": """", ""city"": """", ""state"": """", ""zip"": """"}'}",1.08E+12,,,,,,,,,,,,,,,
5ea2072bc2aeecdcc61c562a,2.01E+11,3,additions alterations or repairs,2007-01-05T00:00:00.000,6546,38,4239,25th,St,front horizontal addition & new front entry (one story) addition to an (e) single family structure. remodel (2) bedrooms & family room & entry.,complete,2008-03-24T00:00:00.000,2007-01-05T00:00:00.000,2007-07-17T00:00:00.000,2008-07-17T00:00:00.000Z,75000,75000,1 family dwelling,1 family dwelling,2,8,Noe Valley,94114,"{'latitude': '37.74938468025206', 'longitude': '-122.43501167737475', 'human_address': '{""address"": """", ""city"": """", ""state"": """", ""zip"": """"}'}",1.08E+12,,2,2,1,1,5,wood frame (5),5,wood frame (5),2008-03-24T00:00:00.000,Y,Y,,2007-07-17T00:00:00.000,
5ea2072bc2aeecdcc61c562b,2.01E+11,8,otc alterations permit,2007-01-05T00:00:00.000,4104,35,545,Pennsylvania,Av,reroofing,complete,2007-01-10T00:00:00.000,2007-01-05T00:00:00.000,2007-01-05T00:00:00.000,2007-07-05T00:00:00.000Z,7400,7400,2 family dwelling,2 family dwelling,0,10,Potrero Hill,94107,"{'latitude': '37.75961804522055', 'longitude': '-122.39297877811363', 'human_address': '{""address"": """", ""city"": """", ""state"": """", ""zip"": """"}'}",1.08E+12,,,,,,,,,,2007-01-10T00:00:00.000,,,,,
5ea2072bc2aeecdcc61c562c,2.01E+11,8,otc alterations permit,2007-01-05T00:00:00.000,4104,36,547,Pennsylvania,Av,reroofing,complete,2007-01-10T00:00:00.000,2007-01-05T00:00:00.000,2007-01-05T00:00:00.000,2007-07-05T00:00:00.000Z,7400,7400,2 family dwelling,2 family dwelling,0,10,Potrero Hill,94107,"{'latitude': '37.75961804522055', 'longitude': '-122.39297877811363', 'human_address': '{""address"": """", ""city"": """", ""state"": """", ""zip"": """"}'}",1.08E+12,547,,,,,,,,,2007-01-10T00:00:00.000,,,,,
5ea2072bc2aeecdcc61c562d,2.01E+11,8,otc alterations permit,2007-01-05T00:00:00.000,4145,9,2320,Bryant,St,rvision to appl #200611298674. add 2 skylight at dinining room and playroom area. 2x4 size,complete,2007-01-08T00:00:00.000,2007-01-05T00:00:00.000,2007-01-05T00:00:00.000,2007-05-05T00:00:00.000Z,1,1,1 family dwelling,1 family dwelling,0,9,Mission,94110,"{'latitude': '37.75687802305521', 'longitude': '-122.4098382298529', 'human_address': '{""address"": """", ""city"": """", ""state"": """", ""zip"": """"}'}",1.08E+12,,2,2,1,1,5,wood frame (5),5,wood frame (5),2007-01-08T00:00:00.000,,,,,
5ea2072bc2aeecdcc61c562e,2.01E+11,8,otc alterations permit,2007-01-05T00:00:00.000,1840,014B,1483,Funston,Av,reroofing,complete,2007-02-14T00:00:00.000,2007-01-05T00:00:00.000,2007-01-05T00:00:00.000,2007-07-05T00:00:00.000Z,14000,14000,1 family dwelling,1 family dwelling,0,7,Inner Sunset,94122,"{'latitude': '37.760457517817436', 'longitude': '-122.47068810136602', 'human_address': '{""address"": """", ""city"": """", ""state"": """", ""zip"": """"}'}",1.08E+12,,,,,,,,,,2007-02-14T00:00:00.000,,,,,
5ea2072bc2aeecdcc61c562f,2.01E+11,8,otc alterations permit,2007-01-05T00:00:00.000,818,1,449,Octavia,St,"fabricate and install 1 awning, free hanging valance and awning will not extend passed window opening",expired,2008-11-17T00:00:00.000,2007-01-05T00:00:00.000,2007-01-05T00:00:00.000,2007-05-05T00:00:00.000Z,700,700,retail sales,retail sales,2,5,Hayes Valley,94102,"{'latitude': '37.77639338632711', 'longitude': '-122.42475605739483', 'human_address': '{""address"": """", ""city"": """", ""state"": """", ""zip"": """"}'}",1.08E+12,,3,3,14,14,5,wood frame (5),5,wood frame (5),,,,,,
5ea2072bc2aeecdcc61c5630,2.01E+11,8,otc alterations permit,2007-01-05T00:00:00.000,5523,14,3264,Folsom,St,reroofing,complete,2007-02-07T00:00:00.000,2007-01-05T00:00:00.000,2007-01-05T00:00:00.000,2007-07-05T00:00:00.000Z,15000,15000,1 family dwelling,1 family dwelling,0,9,Bernal Heights,94110,"{'latitude': '37.745819643396594', 'longitude': '-122.41372275692359', 'human_address': '{""address"": """", ""city"": """", ""state"": """", ""zip"": """"}'}",1.08E+12,,,,,,,,,,2007-02-07T00:00:00.000,,,,,
5ea2072bc2aeecdcc61c5631,2.01E+11,8,otc alterations permit,2007-01-05T00:00:00.000,693,10,946,Geary,St,reroofing,expired,2011-02-25T00:00:00.000,2007-01-05T00:00:00.000,2007-01-05T00:00:00.000,2007-07-05T00:00:00.000Z,6000,6000,apartments,apartments,0,6,Tenderloin,94109,"{'latitude': '37.78626385389539', 'longitude': '-122.41887130268813', 'human_address': '{""address"": """", ""city"": """", ""state"": """", ""zip"": """"}'}",1.08E+12,,,,,,,,,,,,,,,
5ea2072bc2aeecdcc61c5632,2.01E+11,8,otc alterations permit,2007-01-05T00:00:00.000,6112,23,681,University,St,to renew expired permit #200603086256 for final inpsecition only,issued,2007-01-05T00:00:00.000,2007-01-05T00:00:00.000,2007-01-05T00:00:00.000,2007-05-05T00:00:00.000Z,1,1,1 family dwelling,1 family dwelling,0,9,Portola,94134,"{'latitude': '37.72175511446843', 'longitude': '-122.41185922545053', 'human_address': '{""address"": """", ""city"": """", ""state"": """", ""zip"": """"}'}",1.08E+12,,2,2,1,1,5,wood frame (5),5,wood frame (5),2007-01-05T00:00:00.000,,,,,
5ea2072bc2aeecdcc61c5633,M53062,8,otc alterations permit,2007-01-05T00:00:00.000,1619,006F,767,25th,Av,street space permit,issued,2007-01-05T00:00:00.000,2007-01-05T00:00:00.000,2007-01-05T00:00:00.000,,,0,,,,1,Outer Richmond,94121,"{'latitude': '37.774976854610216', 'longitude': '-122.48469510504466', 'human_address': '{""address"": """", ""city"": """", ""state"": """", ""zip"": """"}'}",1.08E+12,,,,,,,,,,,,,,,
5ea2072bc2aeecdcc61c5634,2.01E+11,8,otc alterations permit,2007-01-05T00:00:00.000,2610,42,105,Alpine,Tr,"legalize ""habitable space"" at 1st floor and provide full bathroom. remodel kitchen. fill in 2 lightwells at 3rd floor. add new bathrooms. add steel beam at garage. remodel 3rd floor bathroom. new vanity at 2nd floor.",complete,2008-03-19T00:00:00.000,2007-01-05T00:00:00.000,2007-01-05T00:00:00.000,2008-01-05T00:00:00.000Z,99000,99000,1 family dwelling,1 family dwelling,2,8,Castro/Upper Market,94117,"{'latitude': '37.7688781735904', 'longitude': '-122.43728491404069', 'human_address': '{""address"": """", ""city"": """", ""state"": """", ""zip"": """"}'}",1.08E+12,,3,3,1,1,5,wood frame (5),5,wood frame (5),2008-03-19T00:00:00.000,Y,,,,
5ea2072bc2aeecdcc61c5635,M53063,8,otc alterations permit,2007-01-05T00:00:00.000,5719,15,105,Richland,Av,street space permit only.,issued,2007-01-05T00:00:00.000,2007-01-05T00:00:00.000,2007-01-05T00:00:00.000,,,0,,,,9,Bernal Heights,94110,"{'latitude': '37.736149628078195', 'longitude': '-122.42410384857304', 'human_address': '{""address"": """", ""city"": """", ""state"": """", ""zip"": """"}'}",1.08E+12,,,,,,,,,,,,,,,
5ea2072bc2aeecdcc61c5636,2.01E+11,8,otc alterations permit,2007-01-05T00:00:00.000,2359,1,2301,30th,Av,reroofing.,issued,2007-01-05T00:00:00.000,2007-01-05T00:00:00.000,2007-01-05T00:00:00.000,2007-07-05T00:00:00.000Z,7500,7500,1 family dwelling,1 family dwelling,0,4,Sunset/Parkside,94116,"{'latitude': '37.744239662427184', 'longitude': '-122.48788151268484', 'human_address': '{""address"": """", ""city"": """", ""state"": """", ""zip"": """"}'}",1.08E+12,,,,,,,,,,,,,,,
5ea2072bc2aeecdcc61c5637,M53082,8,otc alterations permit,2007-01-05T00:00:00.000,1245,1,1501,Haight,St,sidewalk permit only.,issued,2007-01-05T00:00:00.000,2007-01-05T00:00:00.000,2007-01-05T00:00:00.000,,,0,,,,5,Haight Ashbury,94117,"{'latitude': '37.76976308868339', 'longitude': '-122.4471153332011', 'human_address': '{""address"": """", ""city"": """", ""state"": """", ""zip"": """"}'}",1.08E+11,,,,,,,,,,,,,,,
5ea2072bc2aeecdcc61c5638,M53082,8,otc alterations permit,2007-01-05T00:00:00.000,1245,1,1509,Haight,St,sidewalk permit only.,issued,2007-01-05T00:00:00.000,2007-01-05T00:00:00.000,2007-01-05T00:00:00.000,,,0,,,,5,Haight Ashbury,94117,"{'latitude': '37.76976308868339', 'longitude': '-122.4471153332011', 'human_address': '{""address"": """", ""city"": """", ""state"": """", ""zip"": """"}'}",1.08E+12,,,,,,,,,,,,,,,
5ea2072bc2aeecdcc61c5639,2.01E+11,8,otc alterations permit,2007-01-05T00:00:00.000,315,3,201,Powell,St,renew for final 200104197205,complete,2007-01-30T00:00:00.000,2007-01-05T00:00:00.000,2007-01-05T00:00:00.000,2007-05-05T00:00:00.000Z,1,1,tourist hotel/motel,tourist hotel/motel,0,3,Tenderloin,94102,"{'latitude': '37.78675094386961', 'longitude': '-122.40846710769029', 'human_address': '{""address"": """", ""city"": """", ""state"": """", ""zip"": """"}'}",1.08E+11,,7,7,183,183,2,constr type 2,2,constr type 2,2007-01-30T00:00:00.000,,,,,
5ea2072bc2aeecdcc61c563a,2.01E+11,8,otc alterations permit,2007-01-05T00:00:00.000,1222,19,1484,Page,St,kitchen remodel. replace kitchen cabinets & flooring. (no structural work) up date plumbing & electrical seperate permits. 50% or more lighting will be fluorscent.,complete,2007-04-16T00:00:00.000,2007-01-05T00:00:00.000,2007-01-05T00:00:00.000,2008-01-05T00:00:00.000Z,60000,60000,1 family dwelling,1 family dwelling,0,5,Haight Ashbury,94117,"{'latitude': '37.77140195873266', 'longitude': '-122.44534195749844', 'human_address': '{""address"": """", ""city"": """", ""state"": """", ""zip"": """"}'}",1.08E+12,,2,2,1,1,5,wood frame (5),5,wood frame (5),2007-04-16T00:00:00.000,,,,,
5ea2072bc2aeecdcc61c563b,M52942,8,otc alterations permit,2007-01-05T00:00:00.000,495,3,3127,Octavia,St,street space permit only.,issued,2007-01-05T00:00:00.000,2007-01-05T00:00:00.000,2007-01-05T00:00:00.000,,,0,,,,2,Marina,94123,"{'latitude': '37.801040654033585', 'longitude': '-122.42984918010609', 'human_address': '{""address"": """", ""city"": """", ""state"": """", ""zip"": """"}'}",1.08E+11,,,,,,,,,,,,,,,
5ea2072bc2aeecdcc61c563c,2.01E+11,8,otc alterations permit,2007-01-05T00:00:00.000,74,7,850,Greenwich,St,work @ 852 & 854 only. replace roof deck railing with a stainless steel post & wire railing system. remove & replace deteriorated deck boards. less than 50%. remodel kitchen & bathroom in (852 greenwich) install new kitchen counter tops & gas range in 854 greenwich.,complete,2007-11-06T00:00:00.000,2007-01-05T00:00:00.000,2007-01-05T00:00:00.000,2007-07-05T00:00:00.000Z,20000,20000,2 family dwelling,2 family dwelling,0,3,Russian Hill,94133,"{'latitude': '37.801937270905064', 'longitude': '-122.41381004222117', 'human_address': '{""address"": """", ""city"": """", ""state"": """", ""zip"": """"}'}",1.08E+11,,4,4,2,2,5,wood frame (5),5,wood frame (5),2007-11-06T00:00:00.000,,,,,
5ea2072bc2aeecdcc61c563d,2.01E+11,8,otc alterations permit,2007-01-05T00:00:00.000,74,7,852,Greenwich,St,work @ 852 & 854 only. replace roof deck railing with a stainless steel post & wire railing system. remove & replace deteriorated deck boards. less than 50%. remodel kitchen & bathroom in (852 greenwich) install new kitchen counter tops & gas range in 854 greenwich.,complete,2007-11-06T00:00:00.000,2007-01-05T00:00:00.000,2007-01-05T00:00:00.000,2007-07-05T00:00:00.000Z,20000,20000,2 family dwelling,2 family dwelling,0,3,Russian Hill,94133,"{'latitude': '37.801937270905064', 'longitude': '-122.41381004222117', 'human_address': '{""address"": """", ""city"": """", ""state"": """", ""zip"": """"}'}",1.08E+12,,4,4,2,2,5,wood frame (5),5,wood frame (5),2007-11-06T00:00:00.000,,,,,
5ea2072bc2aeecdcc61c563e,2.01E+11,8,otc alterations permit,2007-01-05T00:00:00.000,74,7,854,Greenwich,St,work @ 852 & 854 only. replace roof deck railing with a stainless steel post & wire railing system. remove & replace deteriorated deck boards. less than 50%. remodel kitchen & bathroom in (852 greenwich) install new kitchen counter tops & gas range in 854 greenwich.,complete,2007-11-06T00:00:00.000,2007-01-05T00:00:00.000,2007-01-05T00:00:00.000,2007-07-05T00:00:00.000Z,20000,20000,2 family dwelling,2 family dwelling,0,3,Russian Hill,94133,"{'latitude': '37.801937270905064', 'longitude': '-122.41381004222117', 'human_address': '{""address"": """", ""city"": """", ""state"": """", ""zip"": """"}'}",1.08E+12,,4,4,2,2,5,wood frame (5),5,wood frame (5),2007-11-06T00:00:00.000,,,,,
5ea2072bc2aeecdcc61c563f,2.01E+11,8,otc alterations permit,2007-01-05T00:00:00.000,5377,22,174,Elmira,St,"to add 2 bedroom, 2 full bath room, 2 storage, laundry room on extg ground floor per plan. foundation work per plans.",complete,2007-05-22T00:00:00.000,2007-01-05T00:00:00.000,2007-01-05T00:00:00.000,2008-01-05T00:00:00.000Z,26000,26000,1 family dwelling,1 family dwelling,2,10,Bayview Hunters Point,94124,"{'latitude': '37.7349111578019', 'longitude': '-122.40390369599608', 'human_address': '{""address"": """", ""city"": """", ""state"": """", ""zip"": """"}'}",1.08E+12,,2,2,1,1,5,wood frame (5),5,wood frame (5),2007-05-22T00:00:00.000,,,,,
5ea2072bc2aeecdcc61c5640,2.01E+11,8,otc alterations permit,2007-01-05T00:00:00.000,233,44,4,Embarcadero Center,,renewal of p# 2006/04/17/9159 & pa# 2006/04/13/8881 for final inspection only.,complete,2007-02-12T00:00:00.000,2007-01-05T00:00:00.000,2007-01-05T00:00:00.000,2007-05-05T00:00:00.000Z,1,1,office,office,0,3,Financial District/South Beach,94111,"{'latitude': '37.79506002552974', 'longitude': '-122.39593224461805', 'human_address': '{""address"": """", ""city"": """", ""state"": """", ""zip"": """"}'}",1.08E+11,,40,40,0,0,1,constr type 1,1,constr type 1,2007-02-12T00:00:00.000,,,,,
5ea2072bc2aeecdcc61c5641,2.01E+11,8,otc alterations permit,2007-01-05T00:00:00.000,6407,001C,920,Madrid,St,"to add 2 bed room, one full bth room, 2 storage and laundry room on extg ground floor per plan",complete,2007-08-01T00:00:00.000,2007-01-05T00:00:00.000,2007-01-05T00:00:00.000,2007-07-05T00:00:00.000Z,20000,20000,1 family dwelling,1 family dwelling,2,11,Excelsior,94112,"{'latitude': '37.71580857859612', 'longitude': '-122.4375267484772', 'human_address': '{""address"": """", ""city"": """", ""state"": """", ""zip"": """"}'}",1.08E+12,,2,2,1,1,5,wood frame (5),5,wood frame (5),2007-08-01T00:00:00.000,,,,,
5ea2072bc2aeecdcc61c5642,2.01E+11,8,otc alterations permit,2007-01-05T00:00:00.000,3095,030A,236,Ridgewood,Av,renovate in place (e) bedroom. relocate (e) lower floor bathroom and laundry room. relocate (e) forced air unit & hot water heater. replace finishes and relocate window at upper floor bathroom. three new skylights.,complete,2007-12-12T00:00:00.000,2007-01-05T00:00:00.000,2007-01-05T00:00:00.000,2008-01-05T00:00:00.000Z,70000,70000,1 family dwelling,1 family dwelling,2,7,West of Twin Peaks,94127,"{'latitude': '37.73210755654028', 'longitude': '-122.45317830408335', 'human_address': '{""address"": """", ""city"": """", ""state"": """", ""zip"": """"}'}",1.08E+12,,2,2,1,1,5,wood frame (5),5,wood frame (5),2007-12-12T00:00:00.000,,,,,
5ea2072bc2aeecdcc61c5643,2.01E+11,8,otc alterations permit,2007-01-05T00:00:00.000,1881,27,1584,36th,Av,"remodeling existing bathroom (change tiles, repainting only)",issued,2007-01-05T00:00:00.000,2007-01-05T00:00:00.000,2007-01-05T00:00:00.000,2007-05-05T00:00:00.000Z,600,600,1 family dwelling,1 family dwelling,0,4,Sunset/Parkside,94122,"{'latitude': '37.75749719100628', 'longitude': '-122.49468862714257', 'human_address': '{""address"": """", ""city"": """", ""state"": """", ""zip"": """"}'}",1.08E+12,,3,3,1,1,5,wood frame (5),5,wood frame (5),,,,,,
5ea2072bc2aeecdcc61c5644,2.01E+11,8,otc alterations permit,2007-01-05T00:00:00.000,4005,7,1555,Mariposa,St,renew expired pa#200408131528,issued,2007-01-05T00:00:00.000,2007-01-05T00:00:00.000,2007-01-05T00:00:00.000,2007-05-05T00:00:00.000Z,1,1,school,school,0,10,Potrero Hill,94107,"{'latitude': '37.76345787869204', 'longitude': '-122.39942687367368', 'human_address': '{""address"": """", ""city"": """", ""state"": """", ""zip"": """"}'}",1.08E+12,0,3,3,0,0,5,wood frame (5),5,wood frame (5),,,,,,
5ea2072bc2aeecdcc61c5645,2.01E+11,8,otc alterations permit,2007-01-05T00:00:00.000,2024,44,1722,26th,Av,reroofing.,complete,2007-01-26T00:00:00.000,2007-01-05T00:00:00.000,2007-01-05T00:00:00.000,2007-05-05T00:00:00.000Z,5000,5000,1 family dwelling,1 family dwelling,0,4,Sunset/Parkside,94122,"{'latitude': '37.75530918479115', 'longitude': '-122.48374235585807', 'human_address': '{""address"": """", ""city"": """", ""state"": """", ""zip"": """"}'}",1.08E+12,,,,,,,,,,2007-01-26T00:00:00.000,,,,,
5ea2072bc2aeecdcc61c5646,2.01E+11,8,otc alterations permit,2007-01-05T00:00:00.000,2607,56,45,Upper,Tr,renew app #9724503/9802096/20000201715 for final inspection,complete,2007-01-16T00:00:00.000,2007-01-05T00:00:00.000,2007-01-05T00:00:00.000,2007-05-05T00:00:00.000Z,1,1,1 family dwelling,1 family dwelling,0,8,Castro/Upper Market,94117,"{'latitude': '37.76551260498125', 'longitude': '-122.44308504626758', 'human_address': '{""address"": """", ""city"": """", ""state"": """", ""zip"": """"}'}",1.08E+12,,3,3,1,1,5,wood frame (5),5,wood frame (5),2007-01-16T00:00:00.000,,,,,
5ea2072bc2aeecdcc61c5647,2.01E+11,8,otc alterations permit,2007-01-05T00:00:00.000,5411,35,37,Thornton,Av,"renew pa3200212193945,3200511087637 for final inspection.",complete,2007-04-23T00:00:00.000,2007-01-05T00:00:00.000,2007-01-05T00:00:00.000,2007-05-05T00:00:00.000Z,1,1,1 family dwelling,1 family dwelling,0,10,Bayview Hunters Point,94124,"{'latitude': '37.73056293141833', 'longitude': '-122.39307178891697', 'human_address': '{""address"": """", ""city"": """", ""state"": """", ""zip"": """"}'}",1.08E+12,,2,2,1,1,5,wood frame (5),5,wood frame (5),2007-04-23T00:00:00.000,,,,,
5ea2072bc2aeecdcc61c5648,2.01E+11,8,otc alterations permit,2007-01-05T00:00:00.000,4969,35,1071,Ingerson,Av,"renew application #2005102266545, 200601122056 for final inpsection (permt#1076576)",complete,2007-02-12T00:00:00.000,2007-01-05T00:00:00.000,2007-01-05T00:00:00.000,2007-05-05T00:00:00.000Z,1,1,1 family dwelling,1 family dwelling,0,10,Bayview Hunters Point,94124,"{'latitude': '37.71964505897376', 'longitude': '-122.39449852111072', 'human_address': '{""address"": """", ""city"": """", ""state"": """", ""zip"": """"}'}",1.08E+12,,2,2,1,1,5,wood frame (5),5,wood frame (5),2007-02-12T00:00:00.000,,,,,
5ea2072bc2aeecdcc61c5649,M53103,8,otc alterations permit,2007-01-05T00:00:00.000,6074,11,945,Persia,Av,street space & sidewalk permit only.,issued,2007-01-05T00:00:00.000,2007-01-05T00:00:00.000,2007-01-05T00:00:00.000,,,0,,,,11,Excelsior,94112,"{'latitude': '37.719579817616456', 'longitude': '-122.42798920948817', 'human_address': '{""address"": """", ""city"": """", ""state"": """", ""zip"": """"}'}",1.08E+12,,,,,,,,,,,,,,,
5ea2072bc2aeecdcc61c564a,2.01E+11,8,otc alterations permit,2007-01-05T00:00:00.000,6051,1,500,Brussels,St,revise to 200605192076 to remove storage rooms.,issued,2007-01-05T00:00:00.000,2007-01-05T00:00:00.000,2007-01-05T00:00:00.000,2007-05-05T00:00:00.000Z,1,1,1 family dwelling,1 family dwelling,2,9,Portola,94134,"{'latitude': '37.72570764767235', 'longitude': '-122.40527246632894', 'human_address': '{""address"": """", ""city"": """", ""state"": """", ""zip"": """"}'}",1.08E+12,,2,2,1,1,5,wood frame (5),5,wood frame (5),,,,,,
5ea2072bc2aeecdcc61c564b,2.01E+11,8,otc alterations permit,2007-01-05T00:00:00.000,1363,24,4132,California,St,front stairs re-construction. install railings in all appropriate place where required.,complete,2007-03-05T00:00:00.000,2007-01-05T00:00:00.000,2007-01-05T00:00:00.000,2007-05-05T00:00:00.000Z,5000,5000,2 family dwelling,2 family dwelling,2,2,Inner Richmond,94118,"{'latitude': '37.78557942491377', 'longitude': '-122.46201496440175', 'human_address': '{""address"": """", ""city"": """", ""state"": """", ""zip"": """"}'}",1.08E+11,,2,2,2,2,5,wood frame (5),5,wood frame (5),2007-03-05T00:00:00.000,,,,,
5ea2072bc2aeecdcc61c564c,2.01E+11,8,otc alterations permit,2007-01-05T00:00:00.000,1363,24,4134,California,St,front stairs re-construction. install railings in all appropriate place where required.,complete,2007-03-05T00:00:00.000,2007-01-05T00:00:00.000,2007-01-05T00:00:00.000,2007-05-05T00:00:00.000Z,5000,5000,2 family dwelling,2 family dwelling,2,2,Inner Richmond,94118,"{'latitude': '37.78557942491377', 'longitude': '-122.46201496440175', 'human_address': '{""address"": """", ""city"": """", ""state"": """", ""zip"": """"}'}",1.08E+12,,2,2,2,2,5,wood frame (5),5,wood frame (5),2007-03-05T00:00:00.000,,,,,
5ea2072bc2aeecdcc61c564d,2.01E+11,8,otc alterations permit,2007-01-05T00:00:00.000,6052,20,521,Somerset,St,convert ground floor into a laundry room family and bathroom,expired,2008-10-01T00:00:00.000,2007-01-05T00:00:00.000,2007-01-05T00:00:00.000,2008-01-05T00:00:00.000Z,26000,26000,1 family dwelling,1 family dwelling,2,9,Portola,94134,"{'latitude': '37.72515486608263', 'longitude': '-122.40669461829215', 'human_address': '{""address"": """", ""city"": """", ""state"": """", ""zip"": """"}'}",1.08E+12,,2,2,1,1,5,wood frame (5),5,wood frame (5),,,,,,
5ea2072bc2aeecdcc61c564e,2.01E+11,3,additions alterations or repairs,2007-01-05T00:00:00.000,3705,42,865,Market,St,revision to original app #200607318139.,complete,2007-03-06T00:00:00.000,2007-01-05T00:00:00.000,2007-02-14T00:00:00.000,2007-08-14T00:00:00.000Z,10000,10000,retail sales,retail sales,2,6,South of Market,94103,"{'latitude': '37.78394695457302', 'longitude': '-122.40715830829208', 'human_address': '{""address"": """", ""city"": """", ""state"": """", ""zip"": """"}'}",1.08E+12,,8,8,0,0,1,constr type 1,1,constr type 1,2007-03-06T00:00:00.000,,,,,
5ea2072bc2aeecdcc61c564f,2.01E+11,8,otc alterations permit,2007-01-05T00:00:00.000,6753,50,9,Lyell,St,remodelilng basement  adding onemaster suite  one excersise room & a bath at basement  as per plans,complete,2007-06-27T00:00:00.000,2007-01-05T00:00:00.000,2007-01-05T00:00:00.000,2008-01-05T00:00:00.000Z,35000,35000,1 family dwelling,1 family dwelling,2,8,Outer Mission,94112,"{'latitude': '37.73283270447031', 'longitude': '-122.4316863834413', 'human_address': '{""address"": """", ""city"": """", ""state"": """", ""zip"": """"}'}",1.08E+12,,2,2,1,1,5,wood frame (5),5,wood frame (5),2007-06-27T00:00:00.000,,,,,
5ea2072bc2aeecdcc61c5650,M53104,8,otc alterations permit,2007-01-05T00:00:00.000,339,17,217,Eddy,St,street space & sidewalk,issued,2007-01-05T00:00:00.000,2007-01-05T00:00:00.000,2007-01-05T00:00:00.000,,,0,,,,6,Tenderloin,94102,"{'latitude': '37.78391561505234', 'longitude': '-122.41126882680521', 'human_address': '{""address"": """", ""city"": """", ""state"": """", ""zip"": """"}'}",1.08E+12,,,,,,,,,,,,,,,
5ea2072bc2aeecdcc61c5651,M53105,8,otc alterations permit,2007-01-05T00:00:00.000,3603,54,526,Liberty,St,street space permit only.,issued,2007-01-05T00:00:00.000,2007-01-05T00:00:00.000,2007-01-05T00:00:00.000,,,0,,,,8,Castro/Upper Market,94114,"{'latitude': '37.7572272184635', 'longitude': '-122.43304304185777', 'human_address': '{""address"": """", ""city"": """", ""state"": """", ""zip"": """"}'}",1.08E+12,,,,,,,,,,,,,,,
5ea2072bc2aeecdcc61c5652,2.01E+11,8,otc alterations permit,2007-01-05T00:00:00.000,4710,60,1550,La Salle,Av,"basement expansion 494 ft - (n) ret. wall & slab at basement, (n) electrical/plumbing with bathroom to comply with n.o.v. #200685916",complete,2007-08-21T00:00:00.000,2007-01-05T00:00:00.000,2007-01-05T00:00:00.000,2008-01-05T00:00:00.000Z,30000,30000,1 family dwelling,1 family dwelling,2,10,Bayview Hunters Point,94124,"{'latitude': '37.73614514857685', 'longitude': '-122.38759205712786', 'human_address': '{""address"": """", ""city"": """", ""state"": """", ""zip"": """"}'}",1.08E+12,,2,2,1,1,5,wood frame (5),5,wood frame (5),2007-08-21T00:00:00.000,,,,,
5ea2072bc2aeecdcc61c5653,M53106,8,otc alterations permit,2007-01-05T00:00:00.000,1229,13,1786,Haight,St,sidewalk,issued,2007-01-05T00:00:00.000,2007-01-05T00:00:00.000,2007-01-05T00:00:00.000,,,0,,,,5,Haight Ashbury,94117,"{'latitude': '37.76964459338371', 'longitude': '-122.4516276281377', 'human_address': '{""address"": """", ""city"": """", ""state"": """", ""zip"": """"}'}",1.08E+12,,,,,,,,,,,,,,,
5ea2072bc2aeecdcc61c5654,M53106,8,otc alterations permit,2007-01-05T00:00:00.000,1229,13,1790,Haight,St,sidewalk,issued,2007-01-05T00:00:00.000,2007-01-05T00:00:00.000,2007-01-05T00:00:00.000,,,0,,,,5,Haight Ashbury,94117,"{'latitude': '37.76964459338371', 'longitude': '-122.4516276281377', 'human_address': '{""address"": """", ""city"": """", ""state"": """", ""zip"": """"}'}",1.08E+12,,,,,,,,,,,,,,,
5ea2072bc2aeecdcc61c5655,2.01E+11,8,otc alterations permit,2007-01-05T00:00:00.000,2928,7,134,Taraval,St,"revision to pa 200611178035, move two bathrms toward bedrm & replace a 6x12 beam @ liv rm/din rm area.",complete,2007-02-27T00:00:00.000,2007-01-05T00:00:00.000,2007-01-05T00:00:00.000,2007-05-05T00:00:00.000Z,600,600,1 family dwelling,1 family dwelling,2,7,West of Twin Peaks,94116,"{'latitude': '37.74374305845112', 'longitude': '-122.46679352682838', 'human_address': '{""address"": """", ""city"": """", ""state"": """", ""zip"": """"}'}",1.08E+12,0,3,3,1,1,5,wood frame (5),5,wood frame (5),2007-02-27T00:00:00.000,,,,,
5ea2072bc2aeecdcc61c5656,2.01E+11,8,otc alterations permit,2007-01-05T00:00:00.000,3713,7,1,Market,St,"25th floor - demolistion of non-structural partitions, ceilings finishes in prep for t.i. buildout.",issued,2007-01-05T00:00:00.000,2007-01-05T00:00:00.000,2007-01-05T00:00:00.000,2008-01-05T00:00:00.000Z,41000,41000,office,office,2,6,Financial District/South Beach,94105,"{'latitude': '37.79335913762533', 'longitude': '-122.39421238195644', 'human_address': '{""address"": """", ""city"": """", ""state"": """", ""zip"": """"}'}",1.08E+12,,30,30,0,0,1,constr type 1,1,constr type 1,,,,,,
5ea2072bc2aeecdcc61c5657,2.01E+11,8,otc alterations permit,2007-01-05T00:00:00.000,2149,001I,2039,29th,Av,"first fl, relocate existing kitchen & remodel bathrm, ground fl, relocate/remodel bathrm, re-arrange stair to first fl & upgrade foundation, comply with nov 200343728",complete,2007-10-25T00:00:00.000,2007-01-05T00:00:00.000,2007-01-05T00:00:00.000,2008-01-05T00:00:00.000Z,30000,30000,1 family dwelling,1 family dwelling,2,4,Sunset/Parkside,94116,"{'latitude': '37.74926187552728', 'longitude': '-122.48719935847359', 'human_address': '{""address"": """", ""city"": """", ""state"": """", ""zip"": """"}'}",1.08E+12,,2,2,1,1,5,wood frame (5),5,wood frame (5),2007-10-25T00:00:00.000,,,,,
5ea2072bc2aeecdcc61c5658,2.01E+11,8,otc alterations permit,2007-01-05T00:00:00.000,1913,21,2432,Moraga,St,remodeling basement adding a new study with exercise oom & new bath at basemet converting existisng family room to new master suite at basement as per plan.,complete,2007-04-26T00:00:00.000,2007-01-05T00:00:00.000,2007-01-05T00:00:00.000,2008-01-05T00:00:00.000Z,35000,35000,1 family dwelling,1 family dwelling,2,4,Sunset/Parkside,94122,"{'latitude': '37.75580835844543', 'longitude': '-122.48902582537832', 'human_address': '{""address"": """", ""city"": """", ""state"": """", ""zip"": """"}'}",1.08E+12,,2,2,1,1,5,wood frame (5),5,wood frame (5),2007-04-26T00:00:00.000,,,,,
5ea2072bc2aeecdcc61c5659,2.01E+11,8,otc alterations permit,2007-01-05T00:00:00.000,6015,25,277,London,St,demolition and replacement of section of foundation which has failed,expired,2008-12-16T00:00:00.000,2007-01-05T00:00:00.000,2007-01-05T00:00:00.000,2007-07-05T00:00:00.000Z,6500,6500,1 family dwelling,1 family dwelling,2,11,Excelsior,94112,"{'latitude': '37.7245315854452', 'longitude': '-122.43352406897762', 'human_address': '{""address"": """", ""city"": """", ""state"": """", ""zip"": """"}'}",1.08E+12,,1,1,1,1,5,wood frame (5),5,wood frame (5),,,,,,
5ea2072bc2aeecdcc61c565a,M53122,8,otc alterations permit,2007-01-05T00:00:00.000,3656,15,4050,24th,St,sidewalk permit only.,issued,2007-01-05T00:00:00.000,2007-01-05T00:00:00.000,2007-01-05T00:00:00.000,,,0,,,,8,Noe Valley,94114,"{'latitude': '37.751604375538356', 'longitude': '-122.43300116657886', 'human_address': '{""address"": """", ""city"": """", ""state"": """", ""zip"": """"}'}",1.08E+12,,,,,,,,,,,,,,,
5ea2072bc2aeecdcc61c565b,2.01E+11,8,otc alterations permit,2007-01-05T00:00:00.000,2183,10,2422,Rivera,St,"remodel 2nd floor kitchen, a new bedroom and a new bathroom, a family room on 1st floor.",complete,2008-09-22T00:00:00.000,2007-01-05T00:00:00.000,2007-01-05T00:00:00.000,2008-01-05T00:00:00.000Z,30000,30000,1 family dwelling,1 family dwelling,2,4,Sunset/Parkside,94116,"{'latitude': '37.74629859533029', 'longitude': '-122.49249347819057', 'human_address': '{""address"": """", ""city"": """", ""state"": """", ""zip"": """"}'}",1.08E+12,,2,2,1,1,5,wood frame (5),5,wood frame (5),2008-09-22T00:00:00.000,,,,,
5ea2072bc2aeecdcc61c565c,2.01E+11,8,otc alterations permit,2007-01-05T00:00:00.000,1153,3,1045,Divisadero,St,"renew pa#200606265068,pa#200412232036,#200512190623 to continue work.",complete,2007-06-26T00:00:00.000,2007-01-05T00:00:00.000,2007-01-05T00:00:00.000,2007-07-05T00:00:00.000Z,20000,20000,apartments,apartments,0,5,Western Addition,94115,"{'latitude': '37.7792447829728', 'longitude': '-122.43902116409453', 'human_address': '{""address"": """", ""city"": """", ""state"": """", ""zip"": """"}'}",1.08E+11,,2,2,3,3,5,wood frame (5),5,wood frame (5),2007-06-26T00:00:00.000,,,,,
5ea2072bc2aeecdcc61c565d,2.01E+11,3,additions alterations or repairs,2007-01-05T00:00:00.000,2378,46,3721,Taraval,St,"rear addition  & remodel, add bay windows @ front",cancelled,2020-01-17T00:00:00.000,2007-01-05T00:00:00.000,,,100000,,1 family dwelling,1 family dwelling,2,4,Sunset/Parkside,94116,"{'latitude': '37.74153017778559', 'longitude': '-122.50608484191203', 'human_address': '{""address"": """", ""city"": """", ""state"": """", ""zip"": """"}'}",1.08E+12,,2,2,1,1,5,wood frame (5),5,wood frame (5),,Y,Y,,,
5ea2072bc2aeecdcc61c565e,2.01E+11,8,otc alterations permit,2007-01-05T00:00:00.000,451,58,1000,North Point,St,"replace kitchen/bath fixtures, kitchen 50% lighting must be fluorescent, bathroom fluorescent or controlled by motion sensors (no structural in kind)",complete,2007-07-05T00:00:00.000,2007-01-05T00:00:00.000,2007-01-05T00:00:00.000,2007-07-05T00:00:00.000Z,18000,18000,apartments,apartments,0,2,Russian Hill,94109,"{'latitude': '37.80550991810889', 'longitude': '-122.42415736860318', 'human_address': '{""address"": """", ""city"": """", ""state"": """", ""zip"": """"}'}",1.08E+11,804,19,19,258,258,5,wood frame (5),5,wood frame (5),2007-07-05T00:00:00.000,,,,,
5ea2072dc2aeecdcc61c565f,M53183,8,otc alterations permit,2007-01-08T00:00:00.000,7548,1,212,Bemis,St,street space permit only.,issued,2007-01-08T00:00:00.000,2007-01-08T00:00:00.000,2007-01-08T00:00:00.000,,,0,,,,8,Glen Park,94131,"{'latitude': '37.73670924657093', 'longitude': '-122.43164686980317', 'human_address': '{""address"": """", ""city"": """", ""state"": """", ""zip"": """"}'}",1.08E+12,,,,,,,,,,,,,,,
5ea2072dc2aeecdcc61c5660,2.01E+11,8,otc alterations permit,2007-01-08T00:00:00.000,6981,11,143,Brighton,Av,reroofing.,expired,2011-01-27T00:00:00.000,2007-01-08T00:00:00.000,2007-01-08T00:00:00.000,2007-07-08T00:00:00.000Z,9880,9880,2 family dwelling,2 family dwelling,0,11,Oceanview/Merced/Ingleside,94112,"{'latitude': '37.72083870612274', 'longitude': '-122.45543284322557', 'human_address': '{""address"": """", ""city"": """", ""state"": """", ""zip"": """"}'}",1.08E+12,,,,,,,,,,,,,,,
5ea2072dc2aeecdcc61c5661,2.01E+11,8,otc alterations permit,2007-01-08T00:00:00.000,229,18,450,Sansome,St,"oti-2, 12th floor, el, me",complete,2007-04-27T00:00:00.000,2007-01-08T00:00:00.000,2007-01-08T00:00:00.000,2008-01-08T00:00:00.000Z,93938,93938,office,office,2,3,Chinatown,94111,"{'latitude': '37.79464307306962', 'longitude': '-122.40114430265209', 'human_address': '{""address"": """", ""city"": """", ""state"": """", ""zip"": """"}'}",1.08E+12,0,16,16,0,0,2,constr type 2,2,constr type 2,2007-04-27T00:00:00.000,,,,,
5ea2072dc2aeecdcc61c5662,2.01E+11,8,otc alterations permit,2007-01-08T00:00:00.000,530,7,1800,Union,St,reroofing,cancelled,2007-07-18T00:00:00.000,2007-01-08T00:00:00.000,2007-01-08T00:00:00.000,2008-01-08T00:00:00.000Z,34460,34460,2 family dwelling,2 family dwelling,0,2,Marina,94123,"{'latitude': '37.79810645483765', 'longitude': '-122.42911776935273', 'human_address': '{""address"": """", ""city"": """", ""state"": """", ""zip"": """"}'}",1.08E+12,0,3,3,2,2,5,wood frame (5),5,wood frame (5),,,,,,
5ea2072dc2aeecdcc61c5663,2.01E+11,8,otc alterations permit,2007-01-08T00:00:00.000,2075,003B,1831,38th,Av,kitchen remodel only in kind. no structural changes. sink faucet dishwasher. no door or window work,complete,2007-02-28T00:00:00.000,2007-01-08T00:00:00.000,2007-01-08T00:00:00.000,2007-07-08T00:00:00.000Z,5000,7300,1 family dwelling,1 family dwelling,0,4,Sunset/Parkside,94122,"{'latitude': '37.752705724032964', 'longitude': '-122.49711837855976', 'human_address': '{""address"": """", ""city"": """", ""state"": """", ""zip"": """"}'}",1.08E+12,,2,2,1,1,5,wood frame (5),5,wood frame (5),2007-02-28T00:00:00.000,,,,,
5ea2072dc2aeecdcc61c5664,2.01E+11,8,otc alterations permit,2007-01-08T00:00:00.000,618,4,1890,Clay,St,unit#1104. kitchen/bath remodel in kind. no structural changes sinks faucets shower value & electrical code upgrades no window or door work.,complete,2007-09-05T00:00:00.000,2007-01-08T00:00:00.000,2007-01-08T00:00:00.000,2007-07-08T00:00:00.000Z,10000,10000,apartments,apartments,0,2,Pacific Heights,94109,"{'latitude': '37.792189466278046', 'longitude': '-122.42402443478369', 'human_address': '{""address"": """", ""city"": """", ""state"": """", ""zip"": """"}'}",1.08E+11,,13,13,74,74,1,constr type 1,1,constr type 1,2007-09-05T00:00:00.000,,,,,
5ea2072dc2aeecdcc61c5665,2.01E+11,8,otc alterations permit,2007-01-08T00:00:00.000,2406,27,2446,20th,Av,reroofing.,complete,2007-01-24T00:00:00.000,2007-01-08T00:00:00.000,2007-01-08T00:00:00.000,2007-07-08T00:00:00.000Z,9680,9680,2 family dwelling,2 family dwelling,0,4,Sunset/Parkside,94116,"{'latitude': '37.74212884927921', 'longitude': '-122.47637050139886', 'human_address': '{""address"": """", ""city"": """", ""state"": """", ""zip"": """"}'}",1.08E+12,,,,,,,,,,2007-01-24T00:00:00.000,,,,,
5ea2072dc2aeecdcc61c5666,2.01E+11,8,otc alterations permit,2007-01-08T00:00:00.000,1679,001F,814,37th,Av,install new counter top in kind. no structural changes. hook up sink & faucet.,expired,2017-05-31T00:00:00.000,2007-01-08T00:00:00.000,2007-01-08T00:00:00.000,2007-07-08T00:00:00.000Z,6837,6837,1 family dwelling,1 family dwelling,0,1,Outer Richmond,94121,"{'latitude': '37.77351521662464', 'longitude': '-122.49689855735637', 'human_address': '{""address"": """", ""city"": """", ""state"": """", ""zip"": """"}'}",1.08E+12,,2,2,1,1,5,wood frame (5),5,wood frame (5),,,,,,
5ea2072dc2aeecdcc61c5667,2.01E+11,8,otc alterations permit,2007-01-08T00:00:00.000,6251,4,48,Peabody,St,reroofing,complete,2007-01-19T00:00:00.000,2007-01-08T00:00:00.000,2007-01-08T00:00:00.000,2007-05-08T00:00:00.000Z,4000,4000,1 family dwelling,1 family dwelling,0,10,Visitacion Valley,94134,"{'latitude': '37.71179665298588', 'longitude': '-122.4070588578092', 'human_address': '{""address"": """", ""city"": """", ""state"": """", ""zip"": """"}'}",1.08E+12,,,,,,,,,,2007-01-19T00:00:00.000,,,,,
5ea2072dc2aeecdcc61c5668,2.01E+11,8,otc alterations permit,2007-01-08T00:00:00.000,6324,22,45,Esquina,Dr,"retrofit 3 windows in kind, 2 visable from street. no structural changes, white vinyl.",expired,2007-11-16T00:00:00.000,2007-01-08T00:00:00.000,2007-01-08T00:00:00.000,2007-05-08T00:00:00.000Z,2000,2000,1 family dwelling,1 family dwelling,0,10,Visitacion Valley,94134,"{'latitude': '37.70945359008236', 'longitude': '-122.42107771093524', 'human_address': '{""address"": """", ""city"": """", ""state"": """", ""zip"": """"}'}",1.08E+12,,2,2,1,1,5,wood frame (5),5,wood frame (5),,,,,,
5ea2072dc2aeecdcc61c5669,M53142,8,otc alterations permit,2007-01-08T00:00:00.000,605,1,2315,Jackson,St,street space,issued,2007-01-08T00:00:00.000,2007-01-08T00:00:00.000,2007-01-08T00:00:00.000,,,0,,,,2,Pacific Heights,94115,"{'latitude': '37.7925191786814', 'longitude': '-122.43315667082581', 'human_address': '{""address"": """", ""city"": """", ""state"": """", ""zip"": """"}'}",1.08E+12,,,,,,,,,,,,,,,
5ea2072dc2aeecdcc61c566a,M53142,8,otc alterations permit,2007-01-08T00:00:00.000,605,1,2317,Jackson,St,street space,issued,2007-01-08T00:00:00.000,2007-01-08T00:00:00.000,2007-01-08T00:00:00.000,,,0,,,,2,Pacific Heights,94115,"{'latitude': '37.7925191786814', 'longitude': '-122.43315667082581', 'human_address': '{""address"": """", ""city"": """", ""state"": """", ""zip"": """"}'}",1.08E+12,0,,,,,,,,,,,,,,
5ea2072dc2aeecdcc61c566b,2.01E+11,8,otc alterations permit,2007-01-08T00:00:00.000,4038,3,328,Mississippi,St,reroofing.,expired,2010-05-26T00:00:00.000,2007-01-08T00:00:00.000,2007-01-08T00:00:00.000,2007-05-08T00:00:00.000Z,3500,3500,1 family dwelling,1 family dwelling,0,10,Potrero Hill,94107,"{'latitude': '37.762207942049535', 'longitude': '-122.39485879979074', 'human_address': '{""address"": """", ""city"": """", ""state"": """", ""zip"": """"}'}",1.08E+12,,,,,,,,,,,,,,,
5ea2072dc2aeecdcc61c566c,2.01E+11,8,otc alterations permit,2007-01-08T00:00:00.000,3190,19,174,Southwood,Dr,reroofing,expired,2007-08-08T00:00:00.000,2007-01-08T00:00:00.000,2007-01-08T00:00:00.000,2007-07-08T00:00:00.000Z,9000,9000,1 family dwelling,1 family dwelling,0,7,West of Twin Peaks,94112,"{'latitude': '37.72576766795124', 'longitude': '-122.45943005571719', 'human_address': '{""address"": """", ""city"": """", ""state"": """", ""zip"": """"}'}",1.08E+12,,,,,,,,,,,,,,,
5ea2072dc2aeecdcc61c566d,2.01E+11,8,otc alterations permit,2007-01-08T00:00:00.000,2202,20,2106,16th,Av,reroofing.,expired,2007-12-27T00:00:00.000,2007-01-08T00:00:00.000,2007-01-08T00:00:00.000,2007-07-08T00:00:00.000Z,7000,7000,1 family dwelling,1 family dwelling,0,7,West of Twin Peaks,94116,"{'latitude': '37.7485448073237', 'longitude': '-122.4725649247247', 'human_address': '{""address"": """", ""city"": """", ""state"": """", ""zip"": """"}'}",1.08E+12,,,,,,,,,,,,,,,
5ea2072dc2aeecdcc61c566e,2.01E+11,8,otc alterations permit,2007-01-08T00:00:00.000,1392,37,7070,California,St,"new 10'-1-"" high modular  walls in existing open officd space revision to approved buildling permit 200606063342",complete,2007-03-22T00:00:00.000,2007-01-08T00:00:00.000,2007-01-08T00:00:00.000,2007-07-08T00:00:00.000Z,23956,23956,office,office,2,2,Seacliff,94121,"{'latitude': '37.78501580391795', 'longitude': '-122.49317726948173', 'human_address': '{""address"": """", ""city"": """", ""state"": """", ""zip"": """"}'}",1.08E+12,,1,1,0,0,5,wood frame (5),5,wood frame (5),2007-03-22T00:00:00.000,,,,,
5ea2072dc2aeecdcc61c566f,2.01E+11,8,otc alterations permit,2007-01-08T00:00:00.000,6619,32,382,29th,St,reroofing,expired,2007-08-24T00:00:00.000,2007-01-08T00:00:00.000,2007-01-08T00:00:00.000,2007-07-08T00:00:00.000Z,8000,8000,2 family dwelling,2 family dwelling,0,8,Noe Valley,94131,"{'latitude': '37.74374865837039', 'longitude': '-122.42845710342003', 'human_address': '{""address"": """", ""city"": """", ""state"": """", ""zip"": """"}'}",1.08E+12,,,,,,,,,,,,,,,
5ea2072dc2aeecdcc61c5670,M53143,8,otc alterations permit,2007-01-08T00:00:00.000,3703,62,1073,Market,St,street space permit only.,issued,2007-01-08T00:00:00.000,2007-01-08T00:00:00.000,2007-01-08T00:00:00.000,,,0,,,,6,South of Market,94103,"{'latitude': '37.780644163573946', 'longitude': '-122.41161526145584', 'human_address': '{""address"": """", ""city"": """", ""state"": """", ""zip"": """"}'}",1.08E+12,,,,,,,,,,,,,,,
5ea2072dc2aeecdcc61c5671,M53143,8,otc alterations permit,2007-01-08T00:00:00.000,3703,62,1079,Market,St,street space permit only.,issued,2007-01-08T00:00:00.000,2007-01-08T00:00:00.000,2007-01-08T00:00:00.000,,,0,,,,6,South of Market,94103,"{'latitude': '37.780644163573946', 'longitude': '-122.41161526145584', 'human_address': '{""address"": """", ""city"": """", ""state"": """", ""zip"": """"}'}",1.08E+12,,,,,,,,,,,,,,,
5ea2072dc2aeecdcc61c5672,2.01E+11,8,otc alterations permit,2007-01-08T00:00:00.000,7344,1,331,Font,Bl,reroofing,expired,2010-03-19T00:00:00.000,2007-01-08T00:00:00.000,2007-01-08T00:00:00.000,2007-07-08T00:00:00.000Z,5040,5040,1 family dwelling,1 family dwelling,0,7,Lakeshore,94132,"{'latitude': '37.71678918173822', 'longitude': '-122.47688406461731', 'human_address': '{""address"": """", ""city"": """", ""state"": """", ""zip"": """"}'}",1.08E+12,,2,2,1,1,5,wood frame (5),5,wood frame (5),,,,,,
5ea2072dc2aeecdcc61c5673,2.01E+11,8,otc alterations permit,2007-01-08T00:00:00.000,282,13,969,Bush,St,"remodel 1 kitchen unit 305. new cabinets, countertop,sink",complete,2007-02-28T00:00:00.000,2007-01-08T00:00:00.000,2007-01-08T00:00:00.000,2007-07-08T00:00:00.000Z,10000,10000,apartments,apartments,0,3,Nob Hill,94109,"{'latitude': '37.78932537765852', 'longitude': '-122.41307932544825', 'human_address': '{""address"": """", ""city"": """", ""state"": """", ""zip"": """"}'}",1.08E+11,,5,5,29,29,5,wood frame (5),5,wood frame (5),2007-02-28T00:00:00.000,,,,,
5ea2072dc2aeecdcc61c5674,2.01E+11,8,otc alterations permit,2007-01-08T00:00:00.000,1011,17,332,Spruce,St,work @ unit# 334 only. kitchen remodel. remove (e) cabinets & appliances. upgrade electrical. replace the d/h windows in kind. not visable from street. install new cabients & appliances. no structural alterations. lighting over 50% flourescent.,complete,2007-03-28T00:00:00.000,2007-01-08T00:00:00.000,2007-01-08T00:00:00.000,2007-07-08T00:00:00.000Z,19000,19000,2 family dwelling,2 family dwelling,0,2,Presidio Heights,94118,"{'latitude': '37.78777683346362', 'longitude': '-122.4533611154876', 'human_address': '{""address"": """", ""city"": """", ""state"": """", ""zip"": """"}'}",1.08E+11,,2,2,2,2,5,wood frame (5),5,wood frame (5),2007-03-28T00:00:00.000,,,,,
5ea2072dc2aeecdcc61c5675,2.01E+11,8,otc alterations permit,2007-01-08T00:00:00.000,1011,17,334,Spruce,St,work @ unit# 334 only. kitchen remodel. remove (e) cabinets & appliances. upgrade electrical. replace the d/h windows in kind. not visable from street. install new cabients & appliances. no structural alterations. lighting over 50% flourescent.,complete,2007-03-28T00:00:00.000,2007-01-08T00:00:00.000,2007-01-08T00:00:00.000,2007-07-08T00:00:00.000Z,19000,19000,2 family dwelling,2 family dwelling,0,2,Presidio Heights,94118,"{'latitude': '37.78777683346362', 'longitude': '-122.4533611154876', 'human_address': '{""address"": """", ""city"": """", ""state"": """", ""zip"": """"}'}",1.08E+12,,2,2,2,2,5,wood frame (5),5,wood frame (5),2007-03-28T00:00:00.000,,,,,
5ea2072dc2aeecdcc61c5676,2.01E+11,8,otc alterations permit,2007-01-08T00:00:00.000,804,1,699,Webster,St,renew appl#200607247328 for final only.,expired,2008-03-11T00:00:00.000,2007-01-08T00:00:00.000,2007-01-08T00:00:00.000,2007-05-08T00:00:00.000Z,1,1,1 family dwelling,1 family dwelling,0,5,Hayes Valley,94117,"{'latitude': '37.77681862505499', 'longitude': '-122.4299170395994', 'human_address': '{""address"": """", ""city"": """", ""state"": """", ""zip"": """"}'}",1.08E+11,,2,2,1,1,5,wood frame (5),5,wood frame (5),,,,,,
5ea2072dc2aeecdcc61c5677,2.01E+11,8,otc alterations permit,2007-01-08T00:00:00.000,319,18,500,Hyde,St,apt3208 (1) kitchen and (1) bathroom remodel. apt#604 (1) bathroom remodel (1) kitchen floor tile-electrical work counter. no structural. no lighting changes.,expired,2008-02-07T00:00:00.000,2007-01-08T00:00:00.000,2007-01-08T00:00:00.000,2007-07-08T00:00:00.000Z,20000,20000,apartments,apartments,0,6,Tenderloin,94109,"{'latitude': '37.78562397670944', 'longitude': '-122.41607623686672', 'human_address': '{""address"": """", ""city"": """", ""state"": """", ""zip"": """"}'}",1.08E+11,,6,6,50,50,1,constr type 1,1,constr type 1,,,,,,
5ea2072dc2aeecdcc61c5678,2.01E+11,8,otc alterations permit,2007-01-08T00:00:00.000,2749,012A,358,Eureka,St,"alteration to (e) bsmt laundry &mech rooms to create in-home office area.1/2 bath to be install, furnace to be relocated.laundry equip to be relocated, deteriorated 2 windows & (2) doors to be replaced, 162 sq ft of (n) slab flooring, (n) lighting fixtures.",complete,2007-05-10T00:00:00.000,2007-01-08T00:00:00.000,2007-01-08T00:00:00.000,2008-01-08T00:00:00.000Z,28000,28000,2 family dwelling,2 family dwelling,2,8,Castro/Upper Market,94114,"{'latitude': '37.75632465987269', 'longitude': '-122.43817547476425', 'human_address': '{""address"": """", ""city"": """", ""state"": """", ""zip"": """"}'}",1.08E+12,,2,2,2,2,5,wood frame (5),5,wood frame (5),2007-05-10T00:00:00.000,,,,,
5ea2072dc2aeecdcc61c5679,2.01E+11,8,otc alterations permit,2007-01-08T00:00:00.000,277,7,1126,Bush,St,apt#304 (1) kitchen and (1) bathroom remodel. no structural no lighting work.,complete,2007-05-09T00:00:00.000,2007-01-08T00:00:00.000,2007-01-08T00:00:00.000,2007-07-08T00:00:00.000Z,15000,15000,apartments,apartments,0,3,Nob Hill,94109,"{'latitude': '37.7894864810893', 'longitude': '-122.41591765235897', 'human_address': '{""address"": """", ""city"": """", ""state"": """", ""zip"": """"}'}",1.08E+12,,6,6,33,33,5,wood frame (5),5,wood frame (5),2007-05-09T00:00:00.000,,,,,
5ea2072dc2aeecdcc61c567a,2.01E+11,8,otc alterations permit,2007-01-08T00:00:00.000,2087,22,4326,Pacheco,St,renew pa# 2006/02/22/5093 to complete work.,issued,2007-01-08T00:00:00.000,2007-01-08T00:00:00.000,2007-01-08T00:00:00.000,2007-05-08T00:00:00.000Z,5000,5000,1 family dwelling,1 family dwelling,0,4,Sunset/Parkside,94116,"{'latitude': '37.74941084547781', 'longitude': '-122.5067610514356', 'human_address': '{""address"": """", ""city"": """", ""state"": """", ""zip"": """"}'}",1.08E+12,,2,2,1,1,5,wood frame (5),5,wood frame (5),,,,,,
5ea2072dc2aeecdcc61c567b,2.01E+11,8,otc alterations permit,2007-01-08T00:00:00.000,1644,41,847,Arguello,Bl,"bathroom (2( replace floor, tub, toilet (w/low flush), vanity + countertop, sink appliances. no structural work-finishes only.",complete,2007-04-04T00:00:00.000,2007-01-08T00:00:00.000,2007-01-08T00:00:00.000,2007-07-08T00:00:00.000Z,7500,7500,apartments,apartments,0,1,Inner Richmond,94118,"{'latitude': '37.77496359776053', 'longitude': '-122.4588062110226', 'human_address': '{""address"": """", ""city"": """", ""state"": """", ""zip"": """"}'}",1.08E+12,1,4,4,6,6,5,wood frame (5),5,wood frame (5),2007-04-04T00:00:00.000,,,,,
5ea2072dc2aeecdcc61c567c,2.01E+11,8,otc alterations permit,2007-01-08T00:00:00.000,1599,035A,722,46th,Av,revised drawings per building inspectors correction notice dated 11-29-06 to show complete ground floor plan that includes full bath including fixtures and stall,complete,2007-02-15T00:00:00.000,2007-01-08T00:00:00.000,2007-01-08T00:00:00.000,2007-05-08T00:00:00.000Z,1,1,1 family dwelling,1 family dwelling,2,1,Outer Richmond,94121,"{'latitude': '37.77479966502466', 'longitude': '-122.5065935591276', 'human_address': '{""address"": """", ""city"": """", ""state"": """", ""zip"": """"}'}",1.08E+12,,2,2,1,1,5,wood frame (5),5,wood frame (5),2007-02-15T00:00:00.000,,,,,
5ea2072dc2aeecdcc61c567d,2.01E+11,8,otc alterations permit,2007-01-08T00:00:00.000,4095,65,811,Rhode Island,St,revision to pa# 2003/10/02/6442. replace approx 2000 sq. ft. of siding on north side of building with new siding sheer & membrance. visible from street. replacement siding in-kind. from wood to wood.,expired,2007-12-10T00:00:00.000,2007-01-08T00:00:00.000,2007-01-08T00:00:00.000,2007-05-08T00:00:00.000Z,5000,5000,1 family dwelling,2 family dwelling,0,10,Potrero Hill,94107,"{'latitude': '37.75945699817214', 'longitude': '-122.40174820426529', 'human_address': '{""address"": """", ""city"": """", ""state"": """", ""zip"": """"}'}",1.08E+12,,2,4,1,2,5,wood frame (5),5,wood frame (5),,,,,,
5ea2072dc2aeecdcc61c567e,2.01E+11,8,otc alterations permit,2007-01-08T00:00:00.000,6655,54,21,Whitney,St,"revision to pa# 200510125373, deck dry rot repair exceeded 50% or less.",complete,2007-01-31T00:00:00.000,2007-01-08T00:00:00.000,2007-01-08T00:00:00.000,2007-05-08T00:00:00.000Z,1500,1500,1 family dwelling,1 family dwelling,2,8,Glen Park,94131,"{'latitude': '37.74143250338799', 'longitude': '-122.42752022467842', 'human_address': '{""address"": """", ""city"": """", ""state"": """", ""zip"": """"}'}",1.08E+12,,2,2,1,1,5,wood frame (5),5,wood frame (5),2007-01-31T00:00:00.000,Y,,,,
5ea2072dc2aeecdcc61c567f,2.01E+11,8,otc alterations permit,2007-01-08T00:00:00.000,3590,054A,369,Capp,St,to renew for final only pa#200602235244.,complete,2007-01-09T00:00:00.000,2007-01-08T00:00:00.000,2007-01-08T00:00:00.000,2007-05-08T00:00:00.000Z,1,1,apartments,apartments,0,9,Mission,94110,"{'latitude': '37.760829832047804', 'longitude': '-122.41785168254937', 'human_address': '{""address"": """", ""city"": """", ""state"": """", ""zip"": """"}'}",1.08E+12,,3,3,4,4,5,wood frame (5),5,wood frame (5),2007-01-09T00:00:00.000,,,,,
5ea2072ec2aeecdcc61c5680,2.01E+11,8,otc alterations permit,2007-01-08T00:00:00.000,3590,054A,371,Capp,St,to renew for final only pa#200602235244.,complete,2007-01-09T00:00:00.000,2007-01-08T00:00:00.000,2007-01-08T00:00:00.000,2007-05-08T00:00:00.000Z,1,1,apartments,apartments,0,9,Mission,94110,"{'latitude': '37.760829832047804', 'longitude': '-122.41785168254937', 'human_address': '{""address"": """", ""city"": """", ""state"": """", ""zip"": """"}'}",1.08E+12,,3,3,4,4,5,wood frame (5),5,wood frame (5),2007-01-09T00:00:00.000,,,,,
5ea2072ec2aeecdcc61c5681,2.01E+11,8,otc alterations permit,2007-01-08T00:00:00.000,690,43,1,Daniel Burnham,Ct,demo of one office and closet/construction of demising wall,expired,2008-01-25T00:00:00.000,2007-01-08T00:00:00.000,2007-01-08T00:00:00.000,2007-07-08T00:00:00.000Z,8000,8000,office,office,2,2,Western Addition,94109,"{'latitude': '37.78675523065996', 'longitude': '-122.42249080636066', 'human_address': '{""address"": """", ""city"": """", ""state"": """", ""zip"": """"}'}",1.08E+12,,17,17,239,239,1,constr type 1,1,constr type 1,,,,,,
5ea2072ec2aeecdcc61c5682,2.01E+11,8,otc alterations permit,2007-01-08T00:00:00.000,7555,101,305,Arbor,St,final inspection on pa# 200510216285.,complete,2007-01-25T00:00:00.000,2007-01-08T00:00:00.000,2007-01-09T00:00:00.000,2007-05-09T00:00:00.000Z,1,1,apartments,apartments,0,8,Glen Park,94131,"{'latitude': '37.737505895880645', 'longitude': '-122.43899380525221', 'human_address': '{""address"": """", ""city"": """", ""state"": """", ""zip"": """"}'}",1.08E+12,,2,2,6,6,5,wood frame (5),5,wood frame (5),2007-01-25T00:00:00.000,,,,,
5ea2072ec2aeecdcc61c5683,2.01E+11,8,otc alterations permit,2007-01-08T00:00:00.000,7555,101,335,Arbor,St,final inspection on pa# 200510216285.,complete,2007-01-25T00:00:00.000,2007-01-08T00:00:00.000,2007-01-09T00:00:00.000,2007-05-09T00:00:00.000Z,1,1,apartments,apartments,0,8,Glen Park,94131,"{'latitude': '37.737505895880645', 'longitude': '-122.43899380525221', 'human_address': '{""address"": """", ""city"": """", ""state"": """", ""zip"": """"}'}",1.08E+12,,2,2,6,6,5,wood frame (5),5,wood frame (5),2007-01-25T00:00:00.000,,,,,
5ea2072ec2aeecdcc61c5684,M53162,8,otc alterations permit,2007-01-08T00:00:00.000,270,40,555,Pine,St,street space permit only.,issued,2007-01-08T00:00:00.000,2007-01-08T00:00:00.000,2007-01-08T00:00:00.000,,,0,,,,3,Financial District/South Beach,94108,"{'latitude': '37.79130230111784', 'longitude': '-122.40501064822386', 'human_address': '{""address"": """", ""city"": """", ""state"": """", ""zip"": """"}'}",1.08E+12,,,,,,,,,,,,,,,
5ea2072ec2aeecdcc61c5685,2.01E+11,8,otc alterations permit,2007-01-08T00:00:00.000,690,17,1,Daniel Burnham,Ct,demo of one office and closet/construction of demising wall,expired,2008-01-25T00:00:00.000,2007-01-08T00:00:00.000,2007-01-08T00:00:00.000,2007-07-08T00:00:00.000Z,8000,8000,office,office,2,2,Western Addition,94109,"{'latitude': '37.78675523065996', 'longitude': '-122.42249080636066', 'human_address': '{""address"": """", ""city"": """", ""state"": """", ""zip"": """"}'}",1.08E+11,1,17,17,239,239,1,constr type 1,1,constr type 1,,,,,,
5ea2072ec2aeecdcc61c5686,2.01E+11,8,otc alterations permit,2007-01-08T00:00:00.000,228,38,475,Sansome,St,unit#530.non structural demo only.,complete,2007-05-22T00:00:00.000,2007-01-08T00:00:00.000,2007-01-08T00:00:00.000,2008-01-08T00:00:00.000Z,75000,75000,office,office,2,3,Chinatown,94111,"{'latitude': '37.794710133911494', 'longitude': '-122.40194964215002', 'human_address': '{""address"": """", ""city"": """", ""state"": """", ""zip"": """"}'}",1.08E+11,,21,21,0,0,1,constr type 1,1,constr type 1,2007-05-22T00:00:00.000,,,,,
5ea2072ec2aeecdcc61c5687,2.01E+11,8,otc alterations permit,2007-01-08T00:00:00.000,7262,15,134,Clearfield,Dr,reroofing,expired,2011-01-31T00:00:00.000,2007-01-08T00:00:00.000,2007-01-08T00:00:00.000,2007-05-08T00:00:00.000Z,5000,5000,1 family dwelling,1 family dwelling,0,7,Sunset/Parkside,94132,"{'latitude': '37.731142968619075', 'longitude': '-122.49111657716674', 'human_address': '{""address"": """", ""city"": """", ""state"": """", ""zip"": """"}'}",1.08E+12,,,,,,,,,,,,,,,
5ea2072ec2aeecdcc61c5688,M53182,8,otc alterations permit,2007-01-08T00:00:00.000,742,3,640,Turk,St,street space permit only.,issued,2007-01-08T00:00:00.000,2007-01-08T00:00:00.000,2007-01-08T00:00:00.000,,,0,,,,6,Tenderloin,94102,"{'latitude': '37.7823578813542', 'longitude': '-122.41977932878726', 'human_address': '{""address"": """", ""city"": """", ""state"": """", ""zip"": """"}'}",1.08E+11,,,,,,,,,,,,,,,
5ea2072ec2aeecdcc61c5689,2.01E+11,3,additions alterations or repairs,2007-01-08T00:00:00.000,5644,18,249,Prospect,Av,add 2 dormer roofs to create additional bedroom. add rear stair.,complete,2008-10-10T00:00:00.000,2007-01-08T00:00:00.000,2008-01-15T00:00:00.000,2009-01-15T00:00:00.000Z,40000,40000,1 family dwelling,1 family dwelling,2,9,Bernal Heights,94110,"{'latitude': '37.741644790554936', 'longitude': '-122.41968356356871', 'human_address': '{""address"": """", ""city"": """", ""state"": """", ""zip"": """"}'}",1.08E+12,,2,2,1,1,5,wood frame (5),5,wood frame (5),2008-10-10T00:00:00.000,Y,Y,,2008-01-15T00:00:00.000,
5ea2072ec2aeecdcc61c568a,2.01E+11,8,otc alterations permit,2007-01-08T00:00:00.000,1203,34,1225,Hayes,St,perform repairs as per lingruen assoc. termite report# 48924. item# 3a.,complete,2007-01-19T00:00:00.000,2007-01-08T00:00:00.000,2007-01-08T00:00:00.000,2007-05-08T00:00:00.000Z,2500,2500,2 family dwelling,2 family dwelling,0,5,Hayes Valley,94117,"{'latitude': '37.77486170611278', 'longitude': '-122.4365764423386', 'human_address': '{""address"": """", ""city"": """", ""state"": """", ""zip"": """"}'}",1.08E+11,,2,2,2,2,5,wood frame (5),5,wood frame (5),2007-01-19T00:00:00.000,,,,,
5ea2072ec2aeecdcc61c568b,2.01E+11,8,otc alterations permit,2007-01-08T00:00:00.000,6532,20,3662,26th,St,renew app #200608301020,expired,2009-09-10T00:00:00.000,2007-01-08T00:00:00.000,2007-01-08T00:00:00.000,2007-05-08T00:00:00.000Z,1,1,1 family dwelling,1 family dwelling,0,8,Mission,94110,"{'latitude': '37.74901708455152', 'longitude': '-122.42228648879625', 'human_address': '{""address"": """", ""city"": """", ""state"": """", ""zip"": """"}'}",1.08E+12,,1,1,1,1,5,wood frame (5),5,wood frame (5),2007-01-09T00:00:00.000,,,,,
5ea2072ec2aeecdcc61c568c,2.01E+11,8,otc alterations permit,2007-01-08T00:00:00.000,1203,34,1227,Hayes,St,perform repairs as per lingruen assoc. termite report# 48924. item# 3a.,complete,2007-01-19T00:00:00.000,2007-01-08T00:00:00.000,2007-01-08T00:00:00.000,2007-05-08T00:00:00.000Z,2500,2500,2 family dwelling,2 family dwelling,0,5,Hayes Valley,94117,"{'latitude': '37.77486170611278', 'longitude': '-122.4365764423386', 'human_address': '{""address"": """", ""city"": """", ""state"": """", ""zip"": """"}'}",1.08E+12,,2,2,2,2,5,wood frame (5),5,wood frame (5),2007-01-19T00:00:00.000,,,,,
5ea2072ec2aeecdcc61c568d,2.01E+11,8,otc alterations permit,2007-01-08T00:00:00.000,632,39,2595,Clay,St,reroofing,issued,2007-01-08T00:00:00.000,2007-01-08T00:00:00.000,2007-01-08T00:00:00.000,2007-07-08T00:00:00.000Z,24705,24705,1 family dwelling,1 family dwelling,0,2,Pacific Heights,94115,"{'latitude': '37.78988116693102', 'longitude': '-122.43892093230457', 'human_address': '{""address"": """", ""city"": """", ""state"": """", ""zip"": """"}'}",1.08E+12,,,,,,,,,,,,,,,
5ea2072ec2aeecdcc61c568e,2.01E+11,8,otc alterations permit,2007-01-08T00:00:00.000,3273,25,775,Darien,Wy,replace stucco on south side of house approx 20'x30' . visible from street.,expired,2007-12-14T00:00:00.000,2007-01-08T00:00:00.000,2007-01-08T00:00:00.000,2007-07-08T00:00:00.000Z,6000,6000,1 family dwelling,1 family dwelling,0,7,West of Twin Peaks,94127,"{'latitude': '37.73024991634443', 'longitude': '-122.4636124295593', 'human_address': '{""address"": """", ""city"": """", ""state"": """", ""zip"": """"}'}",1.08E+12,,2,2,1,1,5,wood frame (5),5,wood frame (5),,,,,,
5ea2072ec2aeecdcc61c568f,2.01E+11,8,otc alterations permit,2007-01-08T00:00:00.000,6728,20,554,Laidley,St,reroofing,complete,2007-02-08T00:00:00.000,2007-01-08T00:00:00.000,2007-01-08T00:00:00.000,2007-07-08T00:00:00.000Z,21950,21950,1 family dwelling,1 family dwelling,0,8,Glen Park,94131,"{'latitude': '37.73545746530039', 'longitude': '-122.43216555423922', 'human_address': '{""address"": """", ""city"": """", ""state"": """", ""zip"": """"}'}",1.08E+12,,,,,,,,,,2007-02-08T00:00:00.000,,,,,
5ea2072ec2aeecdcc61c5690,2.01E+11,8,otc alterations permit,2007-01-08T00:00:00.000,716,8,965,Geary,St,install 30 feet of underpinning at west property line,issued,2007-01-08T00:00:00.000,2007-01-08T00:00:00.000,2007-01-08T00:00:00.000,2007-07-08T00:00:00.000Z,25000,25000,apartments,apartments,2,6,Tenderloin,94109,"{'latitude': '37.785719638825206', 'longitude': '-122.41906224628175', 'human_address': '{""address"": """", ""city"": """", ""state"": """", ""zip"": """"}'}",1.08E+11,,5,5,45,45,3,constr type 3,3,constr type 3,,,,,,
5ea2072ec2aeecdcc61c5691,2.01E+11,2,new construction wood frame,2007-01-08T00:00:00.000,6634,15,1629,Dolores,St,to erect 3 dwelling units with 4 story new condominium bldg,complete,2012-03-28T00:00:00.000,2007-01-08T00:00:00.000,2010-07-19T00:00:00.000,2013-07-03T00:00:00.000Z,975000,975000,,apartments,2,8,Noe Valley,94110,"{'latitude': '37.74339221916862', 'longitude': '-122.42396223589145', 'human_address': '{""address"": """", ""city"": """", ""state"": """", ""zip"": """"}'}",1.08E+12,,,4,,3,,,5,wood frame (5),2012-03-28T00:00:00.000,,Y,,2010-07-07T00:00:00.000,
5ea2072ec2aeecdcc61c5692,M53184,8,otc alterations permit,2007-01-08T00:00:00.000,819,2,517,Laguna,St,street space & sidewalk repair,issued,2007-01-08T00:00:00.000,2007-01-08T00:00:00.000,2007-01-08T00:00:00.000,,,0,,,,5,Hayes Valley,94102,"{'latitude': '37.77609581740966', 'longitude': '-122.4263606919171', 'human_address': '{""address"": """", ""city"": """", ""state"": """", ""zip"": """"}'}",1.08E+11,,,,,,,,,,,,,,,
5ea2072ec2aeecdcc61c5693,M53184,8,otc alterations permit,2007-01-08T00:00:00.000,819,2,523,Laguna,St,street space & sidewalk repair,issued,2007-01-08T00:00:00.000,2007-01-08T00:00:00.000,2007-01-08T00:00:00.000,,,0,,,,5,Hayes Valley,94102,"{'latitude': '37.77609581740966', 'longitude': '-122.4263606919171', 'human_address': '{""address"": """", ""city"": """", ""state"": """", ""zip"": """"}'}",1.08E+12,,,,,,,,,,,,,,,
5ea2072ec2aeecdcc61c5694,2.01E+11,8,otc alterations permit,2007-01-08T00:00:00.000,2040,5,1723,09th,Av,reroofing,expired,2007-10-24T00:00:00.000,2007-01-08T00:00:00.000,2007-01-08T00:00:00.000,2007-07-08T00:00:00.000Z,6800,6800,1 family dwelling,1 family dwelling,0,7,Inner Sunset,94122,"{'latitude': '37.75606489812163', 'longitude': '-122.46608363069605', 'human_address': '{""address"": """", ""city"": """", ""state"": """", ""zip"": """"}'}",1.08E+12,,,,,,,,,,,,,,,
5ea2072ec2aeecdcc61c5695,2.01E+11,8,otc alterations permit,2007-01-08T00:00:00.000,5540,13,328,Rutledge,St,to compl with nov 200685913 revision to permit application 200401083651 partial removal o f damaged walls @ proptery line @ mnain level wall previously shown to remain replace,expired,2007-07-31T00:00:00.000,2007-01-08T00:00:00.000,2007-01-08T00:00:00.000,2007-05-08T00:00:00.000Z,1000,1000,1 family dwelling,1 family dwelling,2,9,Bernal Heights,94110,"{'latitude': '37.745125398688046', 'longitude': '-122.40989656046935', 'human_address': '{""address"": """", ""city"": """", ""state"": """", ""zip"": """"}'}",1.08E+12,,3,3,1,1,5,wood frame (5),5,wood frame (5),,,,,,
5ea2072ec2aeecdcc61c5696,2.01E+11,6,demolitions,2007-01-08T00:00:00.000,6634,15,1629,Dolores,St,"to demolish 1 dwelling unit, tw0 story building.",complete,2012-03-26T00:00:00.000,2007-01-08T00:00:00.000,2010-07-19T00:00:00.000,2011-01-15T00:00:00.000Z,10000,10000,1 family dwelling,,2,8,Noe Valley,94110,"{'latitude': '37.74339221916862', 'longitude': '-122.42396223589145', 'human_address': '{""address"": """", ""city"": """", ""state"": """", ""zip"": """"}'}",1.08E+12,,2,,1,,5,wood frame (5),,,2012-03-26T00:00:00.000,,,,,
5ea2072ec2aeecdcc61c5697,2.01E+11,3,additions alterations or repairs,2007-01-08T00:00:00.000,1047,4,1613,Baker,St,make all changes/corrections outlined in inspection report 3r-4334.,complete,2007-05-02T00:00:00.000,2007-01-08T00:00:00.000,2007-01-22T00:00:00.000,2007-05-22T00:00:00.000Z,5000,5000,2 family dwelling,2 family dwelling,0,2,Presidio Heights,94115,"{'latitude': '37.786301054447364', 'longitude': '-122.44376566457862', 'human_address': '{""address"": """", ""city"": """", ""state"": """", ""zip"": """"}'}",1.08E+11,,2,2,2,2,5,wood frame (5),5,wood frame (5),2007-05-02T00:00:00.000,,,,,
5ea2072ec2aeecdcc61c5698,2.01E+11,8,otc alterations permit,2007-01-08T00:00:00.000,288,32,333,Bush,St,this permit is for the renewal of pa#200601182370  for final sign off only.,complete,2007-02-22T00:00:00.000,2007-01-08T00:00:00.000,2007-01-08T00:00:00.000,2007-05-08T00:00:00.000Z,1,1,office,office,0,3,Financial District/South Beach,94108,"{'latitude': '37.79057472898199', 'longitude': '-122.4031096060195', 'human_address': '{""address"": """", ""city"": """", ""state"": """", ""zip"": """"}'}",1.08E+12,,34,34,0,0,1,constr type 1,1,constr type 1,2007-02-22T00:00:00.000,,,,,
5ea2072ec2aeecdcc61c5699,2.01E+11,8,otc alterations permit,2007-01-08T00:00:00.000,3740,34,221,Main,St,"oti-2, 13/fl el, me",expired,2009-02-09T00:00:00.000,2007-01-08T00:00:00.000,2007-01-08T00:00:00.000,2008-01-08T00:00:00.000Z,43200,43200,office,office,2,6,Financial District/South Beach,94105,"{'latitude': '37.79034577603179', 'longitude': '-122.39223862434201', 'human_address': '{""address"": """", ""city"": """", ""state"": """", ""zip"": """"}'}",1.08E+12,,16,16,0,0,1,constr type 1,1,constr type 1,,,,,,
5ea2072ec2aeecdcc61c569a,2.01E+11,8,otc alterations permit,2007-01-08T00:00:00.000,288,32,333,Bush,St,"this permit is for the renewal of pa#200601051574,#200512210802 and pa#200601051571  for final sign off only.",complete,2007-03-21T00:00:00.000,2007-01-08T00:00:00.000,2007-01-08T00:00:00.000,2007-05-08T00:00:00.000Z,1,1,office,office,0,3,Financial District/South Beach,94108,"{'latitude': '37.79057472898199', 'longitude': '-122.4031096060195', 'human_address': '{""address"": """", ""city"": """", ""state"": """", ""zip"": """"}'}",1.08E+12,,34,34,0,0,1,constr type 1,1,constr type 1,2007-03-21T00:00:00.000,,,,,
5ea2072ec2aeecdcc61c569b,2.01E+11,8,otc alterations permit,2007-01-08T00:00:00.000,1659,44,1545,Cabrillo,St,repalce6 windows - custom made - wood visible from street,complete,2007-03-02T00:00:00.000,2007-01-08T00:00:00.000,2007-01-08T00:00:00.000,2007-05-08T00:00:00.000Z,2900,2900,apartments,apartments,0,1,Outer Richmond,94118,"{'latitude': '37.77469581187435', 'longitude': '-122.47548312034465', 'human_address': '{""address"": """", ""city"": """", ""state"": """", ""zip"": """"}'}",1.08E+12,,3,3,4,4,5,wood frame (5),5,wood frame (5),2007-03-02T00:00:00.000,,,,,
5ea2072ec2aeecdcc61c569c,2.01E+11,8,otc alterations permit,2007-01-08T00:00:00.000,557,2,2737,Webster,St,"remodel kitchen- replace cabinet, sink, stove, lighting. 1 bathroom remodel- replace tile, shower pan, faucet, toilet, lighting and painting. non structural.",complete,2007-04-20T00:00:00.000,2007-01-08T00:00:00.000,2007-01-08T00:00:00.000,2007-07-08T00:00:00.000Z,22000,22000,apartments,apartments,0,2,Marina,94123,"{'latitude': '37.79590341630617', 'longitude': '-122.43387038171086', 'human_address': '{""address"": """", ""city"": """", ""state"": """", ""zip"": """"}'}",1.08E+12,,3,3,4,4,5,wood frame (5),5,wood frame (5),2007-04-20T00:00:00.000,,,,,
5ea2072ec2aeecdcc61c569d,2.01E+11,8,otc alterations permit,2007-01-08T00:00:00.000,1875,11,1555,29th,Av,reroofing,complete,2007-01-12T00:00:00.000,2007-01-08T00:00:00.000,2007-01-08T00:00:00.000,2007-07-08T00:00:00.000Z,6500,6500,1 family dwelling,1 family dwelling,0,4,Sunset/Parkside,94122,"{'latitude': '37.75831539596605', 'longitude': '-122.48783449070798', 'human_address': '{""address"": """", ""city"": """", ""state"": """", ""zip"": """"}'}",1.08E+12,,,,,,,,,,2007-01-12T00:00:00.000,,,,,
5ea2072ec2aeecdcc61c569e,2.01E+11,8,otc alterations permit,2007-01-08T00:00:00.000,6778,2,2,San Gabriel,Av,repair wood damage in exterior stairs 2 x 6 x 8 in damage (brick masonry some brick) tile some tile. repair 7' x 6' stucco is damage in plywood on the wall exterior close to stairs. repair in kind. repair 40% of job. visible from street.,complete,2007-03-20T00:00:00.000,2007-01-08T00:00:00.000,2007-01-08T00:00:00.000,2007-07-08T00:00:00.000Z,6000,6000,1 family dwelling,1 family dwelling,0,11,Outer Mission,94112,"{'latitude': '37.72938497352087', 'longitude': '-122.43803947488404', 'human_address': '{""address"": """", ""city"": """", ""state"": """", ""zip"": """"}'}",1.08E+12,,2,2,1,1,5,wood frame (5),5,wood frame (5),2007-03-20T00:00:00.000,,,,,
5ea2072ec2aeecdcc61c569f,M53202,8,otc alterations permit,2007-01-08T00:00:00.000,1652,19,766,10th,Av,street space,issued,2007-01-08T00:00:00.000,2007-01-08T00:00:00.000,2007-01-08T00:00:00.000,,,0,,,,1,Inner Richmond,94118,"{'latitude': '37.77393437890497', 'longitude': '-122.46773860907612', 'human_address': '{""address"": """", ""city"": """", ""state"": """", ""zip"": """"}'}",1.08E+12,,,,,,,,,,,,,,,
5ea2072ec2aeecdcc61c56a0,2.01E+11,8,otc alterations permit,2007-01-08T00:00:00.000,311,6,690,Market,St,revision to approved  00308051235's' delete roof hatch at stqir 1 per cbc 1003.3.3.12,expired,2008-06-30T00:00:00.000,2007-01-08T00:00:00.000,2007-01-08T00:00:00.000,2007-05-08T00:00:00.000Z,1,1,office,office,2,3,Financial District/South Beach,94104,"{'latitude': '37.788243570664264', 'longitude': '-122.4031986984264', 'human_address': '{""address"": """", ""city"": """", ""state"": """", ""zip"": """"}'}",1.08E+12,,25,25,101,101,1,constr type 1,1,constr type 1,,,,,,
5ea2072ec2aeecdcc61c56a1,M53203,8,otc alterations permit,2007-01-08T00:00:00.000,1652,20,762,10th,Av,street space & sidewalk,issued,2007-01-08T00:00:00.000,2007-01-08T00:00:00.000,2007-01-08T00:00:00.000,,,0,,,,1,Inner Richmond,94118,"{'latitude': '37.77400292452137', 'longitude': '-122.4677435712311', 'human_address': '{""address"": """", ""city"": """", ""state"": """", ""zip"": """"}'}",1.08E+12,,,,,,,,,,,,,,,
5ea2072ec2aeecdcc61c56a2,M53204,8,otc alterations permit,2007-01-08T00:00:00.000,6717,014A,470,Chenery,St,sidewalk permit only.,issued,2007-01-08T00:00:00.000,2007-01-08T00:00:00.000,2007-01-08T00:00:00.000,,,0,,,,8,Glen Park,94131,"{'latitude': '37.73598032343025', 'longitude': '-122.43000685287117', 'human_address': '{""address"": """", ""city"": """", ""state"": """", ""zip"": """"}'}",1.08E+12,,,,,,,,,,,,,,,
5ea2072ec2aeecdcc61c56a3,2.01E+11,8,otc alterations permit,2007-01-08T00:00:00.000,2618,38,409,Roosevelt,Wy,"in unit 409:minor bath remodel, remove existing cast iron tub, replace w new tub, demo ex plaster/lath walls, insulate ( sound proof) and rpelace w/drywall. relocate toilet approx 4'6' away from existing location. no structural changes",expired,2008-05-08T00:00:00.000,2007-01-08T00:00:00.000,2007-01-08T00:00:00.000,2007-05-08T00:00:00.000Z,4500,4500,apartments,apartments,0,8,Castro/Upper Market,94114,"{'latitude': '37.764537167509374', 'longitude': '-122.44292936635722', 'human_address': '{""address"": """", ""city"": """", ""state"": """", ""zip"": """"}'}",1.08E+12,,4,4,3,3,5,wood frame (5),5,wood frame (5),,,,,,
5ea2072ec2aeecdcc61c56a4,M53205,8,otc alterations permit,2007-01-08T00:00:00.000,515,3,3151,Fillmore,St,street space & sidewalk permit only.,issued,2007-01-08T00:00:00.000,2007-01-08T00:00:00.000,2007-01-08T00:00:00.000,,,0,,,,2,Marina,94123,"{'latitude': '37.798660663699174', 'longitude': '-122.43610322597983', 'human_address': '{""address"": """", ""city"": """", ""state"": """", ""zip"": """"}'}",1.08E+11,,,,,,,,,,,,,,,
5ea2072ec2aeecdcc61c56a5,M53205,8,otc alterations permit,2007-01-08T00:00:00.000,515,3,3155,Fillmore,St,street space & sidewalk permit only.,issued,2007-01-08T00:00:00.000,2007-01-08T00:00:00.000,2007-01-08T00:00:00.000,,,0,,,,2,Marina,94123,"{'latitude': '37.798660663699174', 'longitude': '-122.43610322597983', 'human_address': '{""address"": """", ""city"": """", ""state"": """", ""zip"": """"}'}",1.08E+12,,,,,,,,,,,,,,,
5ea2072ec2aeecdcc61c56a6,M53206,8,otc alterations permit,2007-01-08T00:00:00.000,1276,001F,1137,Shrader,St,street space,issued,2007-01-08T00:00:00.000,2007-01-08T00:00:00.000,2007-01-08T00:00:00.000,,,0,,,,,,,,1.08E+11,,,,,,,,,,,,,,,
5ea2072ec2aeecdcc61c56a7,2.01E+11,8,otc alterations permit,2007-01-08T00:00:00.000,491,21,3348,Steiner,St,"renew pa#200107204144,#200102132025,#98212425 for final inspection.",complete,2007-01-10T00:00:00.000,2007-01-08T00:00:00.000,2007-01-08T00:00:00.000,2007-05-08T00:00:00.000Z,1,1,food/beverage hndlng,food/beverage hndlng,0,2,Marina,94123,"{'latitude': '37.800380816885585', 'longitude': '-122.43754823981648', 'human_address': '{""address"": """", ""city"": """", ""state"": """", ""zip"": """"}'}",1.08E+11,,2,2,0,0,5,wood frame (5),5,wood frame (5),2007-01-10T00:00:00.000,,,,,
5ea2072ec2aeecdcc61c56a8,M53206,8,otc alterations permit,2007-01-08T00:00:00.000,1276,33,1139,Shrader,St,street space,issued,2007-01-08T00:00:00.000,2007-01-08T00:00:00.000,2007-01-08T00:00:00.000,,,0,,,,5,Haight Ashbury,94117,"{'latitude': '37.76412636852139', 'longitude': '-122.45138033022036', 'human_address': '{""address"": """", ""city"": """", ""state"": """", ""zip"": """"}'}",1.08E+12,,,,,,,,,,,,,,,
5ea2072ec2aeecdcc61c56a9,2.01E+11,8,otc alterations permit,2007-01-08T00:00:00.000,491,21,3348,Steiner,St,"renew pa#200507218280,#200303038678,#200110251696 for final inspection.",complete,2007-01-10T00:00:00.000,2007-01-08T00:00:00.000,2007-01-08T00:00:00.000,2007-05-08T00:00:00.000Z,1,1,food/beverage hndlng,food/beverage hndlng,0,2,Marina,94123,"{'latitude': '37.800380816885585', 'longitude': '-122.43754823981648', 'human_address': '{""address"": """", ""city"": """", ""state"": """", ""zip"": """"}'}",1.08E+11,,2,2,0,0,5,wood frame (5),5,wood frame (5),2007-01-10T00:00:00.000,,,,,
5ea2072ec2aeecdcc61c56aa,2.01E+11,8,otc alterations permit,2007-01-08T00:00:00.000,1421,27,222,Funston,Av,"revision to appl#200601182355 of stairway from 2/f to 1/f on lower unit. change spiral stair to conventional stairs, relocate water heater.",expired,2007-11-28T00:00:00.000,2007-01-08T00:00:00.000,2007-01-08T00:00:00.000,2007-05-08T00:00:00.000Z,1,1,2 family dwelling,2 family dwelling,2,1,Inner Richmond,94118,"{'latitude': '37.78400543308157', 'longitude': '-122.47168792281715', 'human_address': '{""address"": """", ""city"": """", ""state"": """", ""zip"": """"}'}",1.08E+11,,3,3,2,2,5,wood frame (5),5,wood frame (5),,,,,,
5ea2072ec2aeecdcc61c56ab,2.01E+11,8,otc alterations permit,2007-01-08T00:00:00.000,1421,27,224,Funston,Av,"revision to appl#200601182355 of stairway from 2/f to 1/f on lower unit. change spiral stair to conventional stairs, relocate water heater.",expired,2007-11-28T00:00:00.000,2007-01-08T00:00:00.000,2007-01-08T00:00:00.000,2007-05-08T00:00:00.000Z,1,1,2 family dwelling,2 family dwelling,2,1,Inner Richmond,94118,"{'latitude': '37.78400543308157', 'longitude': '-122.47168792281715', 'human_address': '{""address"": """", ""city"": """", ""state"": """", ""zip"": """"}'}",1.08E+12,,3,3,2,2,5,wood frame (5),5,wood frame (5),,,,,,
5ea2072ec2aeecdcc61c56ac,2.01E+11,8,otc alterations permit,2007-01-08T00:00:00.000,2618,38,411,Roosevelt,Wy,"in unit 409:minor bath remodel, remove existing cast iron tub, replace w new tub, demo ex plaster/lath walls, insulate ( sound proof) and rpelace w/drywall. relocate toilet approx 4'6' away from existing location. no structural changes",expired,2008-05-08T00:00:00.000,2007-01-08T00:00:00.000,2007-01-08T00:00:00.000,2007-05-08T00:00:00.000Z,4500,4500,apartments,apartments,0,8,Castro/Upper Market,94114,"{'latitude': '37.764537167509374', 'longitude': '-122.44292936635722', 'human_address': '{""address"": """", ""city"": """", ""state"": """", ""zip"": """"}'}",1.08E+12,,4,4,3,3,5,wood frame (5),5,wood frame (5),,,,,,
5ea2072ec2aeecdcc61c56ad,M53207,8,otc alterations permit,2007-01-08T00:00:00.000,294,13,340,Stockton,St,street space permit only.,issued,2007-01-08T00:00:00.000,2007-01-08T00:00:00.000,2007-01-08T00:00:00.000,,,0,,,,3,Financial District/South Beach,94108,"{'latitude': '37.78915819813288', 'longitude': '-122.4065562484993', 'human_address': '{""address"": """", ""city"": """", ""state"": """", ""zip"": """"}'}",1.08E+11,,,,,,,,,,,,,,,
5ea2072ec2aeecdcc61c56ae,2.01E+11,3,additions alterations or repairs,2007-01-08T00:00:00.000,1047,4,1613,Baker,St,make all changes/corrections outlined in inspection report 3r-4334.,complete,2007-05-02T00:00:00.000,2007-01-08T00:00:00.000,2007-01-22T00:00:00.000,2007-05-22T00:00:00.000Z,5000,5000,2 family dwelling,2 family dwelling,0,2,Presidio Heights,94115,"{'latitude': '37.786301054447364', 'longitude': '-122.44376566457862', 'human_address': '{""address"": """", ""city"": """", ""state"": """", ""zip"": """"}'}",1.08E+12,,2,2,2,2,5,wood frame (5),5,wood frame (5),2007-05-02T00:00:00.000,,,A,,
5ea2072ec2aeecdcc61c56af,2.01E+11,8,otc alterations permit,2007-01-08T00:00:00.000,1774,1,1809,Irving,St,revision to appl#200612089473 work includes modification of existing ceiling and lighting and t24 energy compliance.,issued,2007-01-08T00:00:00.000,2007-01-08T00:00:00.000,2007-01-08T00:00:00.000,2007-07-08T00:00:00.000Z,13000,13000,office,office,2,4,Sunset/Parkside,94122,"{'latitude': '37.76337396397431', 'longitude': '-122.47738806135217', 'human_address': '{""address"": """", ""city"": """", ""state"": """", ""zip"": """"}'}",1.08E+12,,2,2,0,0,5,wood frame (5),5,wood frame (5),,,,,,
5ea2072ec2aeecdcc61c56b0,2.01E+11,8,otc alterations permit,2007-01-08T00:00:00.000,1774,1,1301,19th,Av,revision to appl#200612089473 work includes modification of existing ceiling and lighting and t24 energy compliance.,issued,2007-01-08T00:00:00.000,2007-01-08T00:00:00.000,2007-01-08T00:00:00.000,2007-07-08T00:00:00.000Z,13000,13000,office,office,2,4,Sunset/Parkside,94122,"{'latitude': '37.76337396397431', 'longitude': '-122.47738806135217', 'human_address': '{""address"": """", ""city"": """", ""state"": """", ""zip"": """"}'}",1.08E+12,,2,2,0,0,5,wood frame (5),5,wood frame (5),,,,,,
5ea2072ec2aeecdcc61c56b1,2.01E+11,8,otc alterations permit,2007-01-08T00:00:00.000,4099,50,553,Arkansas,St,add plywood walls to basement for voluntory improvement. 2 new foundation under shearwalls.,complete,2007-03-19T00:00:00.000,2007-01-08T00:00:00.000,2007-01-08T00:00:00.000,2007-07-08T00:00:00.000Z,25000,25000,1 family dwelling,1 family dwelling,2,10,Potrero Hill,94107,"{'latitude': '37.75915781779637', 'longitude': '-122.39783151478035', 'human_address': '{""address"": """", ""city"": """", ""state"": """", ""zip"": """"}'}",1.08E+12,,2,2,1,1,5,wood frame (5),5,wood frame (5),2007-03-19T00:00:00.000,,,,,
5ea2072ec2aeecdcc61c56b2,2.01E+11,8,otc alterations permit,2007-01-08T00:00:00.000,1845,32,1456,09th,Av,application review. board of apeals conditions. appeal no. 06-148.,expired,2011-04-20T00:00:00.000,2007-01-08T00:00:00.000,2007-01-08T00:00:00.000,2007-05-08T00:00:00.000Z,1,1,2 family dwelling,2 family dwelling,2,5,Inner Sunset,94122,"{'latitude': '37.76115540257781', 'longitude': '-122.46578019180727', 'human_address': '{""address"": """", ""city"": """", ""state"": """", ""zip"": """"}'}",1.08E+12,,2,2,2,2,5,wood frame (5),5,wood frame (5),,,,,,
5ea2072ec2aeecdcc61c56b3,2.01E+11,8,otc alterations permit,2007-01-08T00:00:00.000,251,1,1059,Leavenworth,St,complete work startion on pa# 2006/06/16/4213.,expired,2009-08-24T00:00:00.000,2007-01-08T00:00:00.000,2007-01-08T00:00:00.000,2007-07-08T00:00:00.000Z,7000,7000,apartments,apartments,0,3,Nob Hill,94109,"{'latitude': '37.7909824067472', 'longitude': '-122.41592972473308', 'human_address': '{""address"": """", ""city"": """", ""state"": """", ""zip"": """"}'}",1.08E+11,,4,4,21,21,5,wood frame (5),5,wood frame (5),,,,,,
5ea2072ec2aeecdcc61c56b4,2.01E+11,8,otc alterations permit,2007-01-08T00:00:00.000,85,27,237,Greenwich,St,voluntary strengthening and upgrade repiar work to extg crawl space and breeze way area. replace extg beams and posts as necess. add foundation section & footings. repair extg redwood decking & guard rail,complete,2007-06-07T00:00:00.000,2007-01-08T00:00:00.000,2007-01-08T00:00:00.000,2008-01-08T00:00:00.000Z,28000,28000,2 family dwelling,2 family dwelling,2,3,North Beach,94133,"{'latitude': '37.802771316048094', 'longitude': '-122.40410505438679', 'human_address': '{""address"": """", ""city"": """", ""state"": """", ""zip"": """"}'}",1.08E+12,,1,1,2,2,1,constr type 1,1,constr type 1,2007-06-07T00:00:00.000,,,E,,
5ea2072ec2aeecdcc61c56b5,M53222,8,otc alterations permit,2007-01-08T00:00:00.000,3750,87,611,Folsom,St,street space,issued,2007-01-08T00:00:00.000,2007-01-08T00:00:00.000,2007-01-08T00:00:00.000,,,0,,,,6,Financial District/South Beach,94107,"{'latitude': '37.78498001645395', 'longitude': '-122.3965361766369', 'human_address': '{""address"": """", ""city"": """", ""state"": """", ""zip"": """"}'}",1.08E+12,,,,,,,,,,,,,,,
5ea2072ec2aeecdcc61c56b6,M53223,8,otc alterations permit,2007-01-08T00:00:00.000,214,60,1260,Clay,St,street space permit only.,issued,2007-01-08T00:00:00.000,2007-01-08T00:00:00.000,2007-01-08T00:00:00.000,,,0,,,,3,Nob Hill,94108,"{'latitude': '37.7935746149532', 'longitude': '-122.41366496107814', 'human_address': '{""address"": """", ""city"": """", ""state"": """", ""zip"": """"}'}",1.08E+11,207,,,,,,,,,,,,,,
5ea2072ec2aeecdcc61c56b7,2.01E+11,8,otc alterations permit,2007-01-08T00:00:00.000,1563,006A,539,20th,Av,"revision for new concrete slab from appl#200612220453 concrete slab-on-grade at garage space, bathroom, family room, laundry, throughout ground floor.",complete,2007-03-12T00:00:00.000,2007-01-08T00:00:00.000,2007-01-08T00:00:00.000,2007-05-08T00:00:00.000Z,2500,2500,1 family dwelling,1 family dwelling,2,1,Outer Richmond,94121,"{'latitude': '37.777631077548484', 'longitude': '-122.47951102845883', 'human_address': '{""address"": """", ""city"": """", ""state"": """", ""zip"": """"}'}",1.08E+12,,3,3,1,1,5,wood frame (5),5,wood frame (5),2007-03-12T00:00:00.000,,,,,
5ea2072ec2aeecdcc61c56b8,2.01E+11,8,otc alterations permit,2007-01-08T00:00:00.000,5720,55,180,Park,St,renew pa# 200605101213 for final inspection.,complete,2007-01-22T00:00:00.000,2007-01-08T00:00:00.000,2007-01-08T00:00:00.000,2007-05-08T00:00:00.000Z,1,1,2 family dwelling,2 family dwelling,0,9,Bernal Heights,94110,"{'latitude': '37.7363382249143', 'longitude': '-122.42147670534932', 'human_address': '{""address"": """", ""city"": """", ""state"": """", ""zip"": """"}'}",1.08E+12,,3,3,2,2,5,wood frame (5),5,wood frame (5),2007-01-22T00:00:00.000,,,,,
5ea2072ec2aeecdcc61c56b9,2.01E+11,8,otc alterations permit,2007-01-08T00:00:00.000,5720,55,182,Park,St,renew pa# 200605101213 for final inspection.,complete,2007-01-22T00:00:00.000,2007-01-08T00:00:00.000,2007-01-08T00:00:00.000,2007-05-08T00:00:00.000Z,1,1,2 family dwelling,2 family dwelling,0,9,Bernal Heights,94110,"{'latitude': '37.7363382249143', 'longitude': '-122.42147670534932', 'human_address': '{""address"": """", ""city"": """", ""state"": """", ""zip"": """"}'}",1.08E+12,,3,3,2,2,5,wood frame (5),5,wood frame (5),2007-01-22T00:00:00.000,,,,,
5ea2072ec2aeecdcc61c56ba,2.01E+11,8,otc alterations permit,2007-01-08T00:00:00.000,5517,074A,190,Emmet,Ct,"need to replace jack, pest, rails caps, treacts on the stairs replacing to correction notice issued 12/15/06 by fergel chancy building inpsector.",complete,2007-03-06T00:00:00.000,2007-01-08T00:00:00.000,2007-01-08T00:00:00.000,2007-05-08T00:00:00.000Z,1400,1400,1 family dwelling,1 family dwelling,2,9,Bernal Heights,94110,"{'latitude': '37.74715286862838', 'longitude': '-122.4163009833183', 'human_address': '{""address"": """", ""city"": """", ""state"": """", ""zip"": """"}'}",1.08E+12,,2,2,1,1,5,wood frame (5),5,wood frame (5),2007-03-06T00:00:00.000,,,,,
5ea2072ec2aeecdcc61c56bb,M53242,8,otc alterations permit,2007-01-08T00:00:00.000,2334B,34,2230,Cecilia,Av,street space,issued,2007-01-08T00:00:00.000,2007-01-08T00:00:00.000,2007-01-08T00:00:00.000,,,0,,,,7,West of Twin Peaks,94116,"{'latitude': '37.74630739609009', 'longitude': '-122.47179630278906', 'human_address': '{""address"": """", ""city"": """", ""state"": """", ""zip"": """"}'}",1.08E+12,,,,,,,,,,,,,,,
5ea2072ec2aeecdcc61c56bc,M53243,8,otc alterations permit,2007-01-08T00:00:00.000,6570,13,3001,Mission,St,sidewalk,issued,2007-01-08T00:00:00.000,2007-01-08T00:00:00.000,2007-01-08T00:00:00.000,,,0,,,,9,Mission,94110,"{'latitude': '37.74883212994004', 'longitude': '-122.41771864365369', 'human_address': '{""address"": """", ""city"": """", ""state"": """", ""zip"": """"}'}",1.08E+12,,,,,,,,,,,,,,,
5ea2072ec2aeecdcc61c56bd,M53243,8,otc alterations permit,2007-01-08T00:00:00.000,6570,13,3019,Mission,St,sidewalk,issued,2007-01-08T00:00:00.000,2007-01-08T00:00:00.000,2007-01-08T00:00:00.000,,,0,,,,9,Mission,94110,"{'latitude': '37.74883212994004', 'longitude': '-122.41771864365369', 'human_address': '{""address"": """", ""city"": """", ""state"": """", ""zip"": """"}'}",1.08E+12,0,,,,,,,,,,,,,,
5ea2072ec2aeecdcc61c56be,M53244,8,otc alterations permit,2007-01-08T00:00:00.000,3283,195,1770,Ocean,Av,street space permit,issued,2007-01-08T00:00:00.000,2007-01-08T00:00:00.000,2007-01-08T00:00:00.000,,,0,,,,7,West of Twin Peaks,94112,"{'latitude': '37.72535418823769', 'longitude': '-122.46070792148413', 'human_address': '{""address"": """", ""city"": """", ""state"": """", ""zip"": """"}'}",1.08E+12,,,,,,,,,,,,,,,
5ea2072ec2aeecdcc61c56bf,2.01E+11,8,otc alterations permit,2007-01-08T00:00:00.000,5617,41,161,Prospect,Av,comply with 3r-4515.,complete,2007-05-08T00:00:00.000,2007-01-08T00:00:00.000,2007-01-08T00:00:00.000,2007-05-08T00:00:00.000Z,5000,5000,2 family dwelling,2 family dwelling,0,9,Bernal Heights,94110,"{'latitude': '37.74258241121436', 'longitude': '-122.41901743381644', 'human_address': '{""address"": """", ""city"": """", ""state"": """", ""zip"": """"}'}",1.08E+12,,2,2,2,2,5,wood frame (5),5,wood frame (5),2007-05-08T00:00:00.000,,,A,,
5ea2072ec2aeecdcc61c56c0,2.01E+11,8,otc alterations permit,2007-01-08T00:00:00.000,1288,13,4946,17th,St,"kit & 2 baths renovation, add rear new stairs, new windcows in existing openings, some @ front of home tot of 6 windows",complete,2007-05-25T00:00:00.000,2007-01-08T00:00:00.000,2007-01-08T00:00:00.000,2008-01-08T00:00:00.000Z,75000,75000,2 family dwelling,2 family dwelling,2,5,Haight Ashbury,94117,"{'latitude': '37.761754107557024', 'longitude': '-122.45140863771339', 'human_address': '{""address"": """", ""city"": """", ""state"": """", ""zip"": """"}'}",1.08E+12,,2,2,2,2,5,wood frame (5),5,wood frame (5),2007-05-25T00:00:00.000,,,,,
5ea2072ec2aeecdcc61c56c1,2.01E+11,8,otc alterations permit,2007-01-08T00:00:00.000,1038,40,3775,California,St,kitchen & bathroom remodel-upgrade electrical sub panel.,complete,2007-05-16T00:00:00.000,2007-01-08T00:00:00.000,2007-01-08T00:00:00.000,2007-07-08T00:00:00.000Z,25000,25000,apartments,apartments,0,2,Presidio Heights,94118,"{'latitude': '37.78577103690647', 'longitude': '-122.45638986225089', 'human_address': '{""address"": """", ""city"": """", ""state"": """", ""zip"": """"}'}",1.08E+12,0,4,4,9,9,5,wood frame (5),5,wood frame (5),2007-05-16T00:00:00.000,,,,,
5ea2072ec2aeecdcc61c56c2,2.01E+11,3,additions alterations or repairs,2007-01-08T00:00:00.000,6619,20,1557,Sanchez,St,remove non-confmming deck and in-law unit and replace with new master suite and roof deck.,issued,2007-12-28T00:00:00.000,2007-01-08T00:00:00.000,2007-12-28T00:00:00.000,2008-12-28T00:00:00.000Z,150000,150000,1 family dwelling,1 family dwelling,2,8,Noe Valley,94131,"{'latitude': '37.74418801520725', 'longitude': '-122.4286274335214', 'human_address': '{""address"": """", ""city"": """", ""state"": """", ""zip"": """"}'}",1.08E+12,,2,2,1,1,5,wood frame (5),5,wood frame (5),,Y,Y,,,
5ea2072ec2aeecdcc61c56c3,2.01E+11,8,otc alterations permit,2007-01-08T00:00:00.000,7546,102,121,Addison,St,renew for final 200605080943,complete,2007-01-24T00:00:00.000,2007-01-08T00:00:00.000,2007-01-09T00:00:00.000,2007-05-09T00:00:00.000Z,1,1,apartments,apartments,0,8,Glen Park,94131,"{'latitude': '37.73731250817515', 'longitude': '-122.4315896633941', 'human_address': '{""address"": """", ""city"": """", ""state"": """", ""zip"": """"}'}",1.08E+12,,2,2,10,10,5,wood frame (5),5,wood frame (5),2007-01-24T00:00:00.000,,,,,
5ea2072ec2aeecdcc61c56c4,2.01E+11,8,otc alterations permit,2007-01-08T00:00:00.000,7546,102,157,Addison,St,renew for final 200605080943,complete,2007-01-24T00:00:00.000,2007-01-08T00:00:00.000,2007-01-09T00:00:00.000,2007-05-09T00:00:00.000Z,1,1,apartments,apartments,0,8,Glen Park,94131,"{'latitude': '37.73731250817515', 'longitude': '-122.4315896633941', 'human_address': '{""address"": """", ""city"": """", ""state"": """", ""zip"": """"}'}",1.08E+12,0,2,2,10,10,5,wood frame (5),5,wood frame (5),2007-01-24T00:00:00.000,,,,,
5ea2072ec2aeecdcc61c56c5,2.01E+11,3,additions alterations or repairs,2007-01-08T00:00:00.000,480,6,1361,Francisco,St,"correction to 3r-report, 3r-4674.",complete,2007-02-01T00:00:00.000,2007-01-08T00:00:00.000,2007-01-23T00:00:00.000,2007-05-23T00:00:00.000Z,5000,5000,2 family dwelling,2 family dwelling,0,2,Marina,94123,"{'latitude': '37.80259515932845', 'longitude': '-122.42752391195023', 'human_address': '{""address"": """", ""city"": """", ""state"": """", ""zip"": """"}'}",1.08E+11,,3,3,2,2,5,wood frame (5),5,wood frame (5),2007-02-01T00:00:00.000,,,,,
5ea2072ec2aeecdcc61c56c6,2.01E+11,3,additions alterations or repairs,2007-01-08T00:00:00.000,480,6,1363,Francisco,St,"correction to 3r-report, 3r-4674.",complete,2007-02-01T00:00:00.000,2007-01-08T00:00:00.000,2007-01-23T00:00:00.000,2007-05-23T00:00:00.000Z,5000,5000,2 family dwelling,2 family dwelling,0,2,Marina,94123,"{'latitude': '37.80259515932845', 'longitude': '-122.42752391195023', 'human_address': '{""address"": """", ""city"": """", ""state"": """", ""zip"": """"}'}",1.08E+12,0,3,3,2,2,5,wood frame (5),5,wood frame (5),2007-02-01T00:00:00.000,,,,,
5ea2072ec2aeecdcc61c56c7,2.01E+11,3,additions alterations or repairs,2007-01-08T00:00:00.000,4912,1,2814,Jennings,St,"existing commercial units, 1st floor, to be brought up to code. new asda restrooms will be constructed. new elec, heating, electrical. residential work under separate permit",issued,2007-05-16T00:00:00.000,2007-01-08T00:00:00.000,2007-05-16T00:00:00.000,2008-05-16T00:00:00.000Z,45000,45000,office,office,2,10,Bayview Hunters Point,94124,"{'latitude': '37.722568832010346', 'longitude': '-122.39298549952167', 'human_address': '{""address"": """", ""city"": """", ""state"": """", ""zip"": """"}'}",1.08E+12,,2,2,3,3,5,wood frame (5),5,wood frame (5),,,,,,
5ea2072ec2aeecdcc61c56c8,2.01E+11,3,additions alterations or repairs,2007-01-08T00:00:00.000,4912,1,2824,Jennings,St,"existing commercial units, 1st floor, to be brought up to code. new asda restrooms will be constructed. new elec, heating, electrical. residential work under separate permit",issued,2007-05-16T00:00:00.000,2007-01-08T00:00:00.000,2007-05-16T00:00:00.000,2008-05-16T00:00:00.000Z,45000,45000,office,office,2,10,Bayview Hunters Point,94124,"{'latitude': '37.722568832010346', 'longitude': '-122.39298549952167', 'human_address': '{""address"": """", ""city"": """", ""state"": """", ""zip"": """"}'}",1.08E+12,,2,2,3,3,5,wood frame (5),5,wood frame (5),,,,,,
5ea2072ec2aeecdcc61c56c9,2.01E+11,8,otc alterations permit,2007-01-08T00:00:00.000,489,029A,2277,Chestnut,St,"remodel existing retail space to e nail salon on 1st floor level, to include new partitions for storage room, lighting & counter, up grades front entry for disabled access.-",complete,2007-05-02T00:00:00.000,2007-01-08T00:00:00.000,2007-01-08T00:00:00.000,2007-07-08T00:00:00.000Z,8000,8000,1 family dwelling,1 family dwelling,2,2,Marina,94123,"{'latitude': '37.80011750231024', 'longitude': '-122.44072797318022', 'human_address': '{""address"": """", ""city"": """", ""state"": """", ""zip"": """"}'}",1.08E+12,,3,3,1,1,5,wood frame (5),5,wood frame (5),2007-05-02T00:00:00.000,,,,,
5ea2072ec2aeecdcc61c56ca,M53245,8,otc alterations permit,2007-01-08T00:00:00.000,254,80,1001,California,St,street space permit,issued,2007-01-08T00:00:00.000,2007-01-08T00:00:00.000,2007-01-08T00:00:00.000,,,0,,,,3,Nob Hill,94108,"{'latitude': '37.79160553254836', 'longitude': '-122.41102551566422', 'human_address': '{""address"": """", ""city"": """", ""state"": """", ""zip"": """"}'}",1.08E+12,,,,,,,,,,,,,,,
5ea2072ec2aeecdcc61c56cb,M53246,8,otc alterations permit,2007-01-08T00:00:00.000,5418,13,1777,Yosemite,Av,street space permit,issued,2007-01-08T00:00:00.000,2007-01-08T00:00:00.000,2007-01-08T00:00:00.000,,,0,,,,10,Bayview Hunters Point,94124,"{'latitude': '37.7282504190069', 'longitude': '-122.39496971444758', 'human_address': '{""address"": """", ""city"": """", ""state"": """", ""zip"": """"}'}",1.08E+12,,,,,,,,,,,,,,,
5ea2072ec2aeecdcc61c56cc,2.01E+11,8,otc alterations permit,2007-01-08T00:00:00.000,6515,13,390,Bartlett,St,"repair rear stairs, stringers between 1st & 2nd floors. replace a few steps. less than 50% repair. to comply with nov# 200679868. same for same.",expired,2009-08-18T00:00:00.000,2007-01-08T00:00:00.000,2007-01-08T00:00:00.000,2007-05-08T00:00:00.000Z,1200,1200,apartments,apartments,0,9,Mission,94110,"{'latitude': '37.750825300159676', 'longitude': '-122.41959046386332', 'human_address': '{""address"": """", ""city"": """", ""state"": """", ""zip"": """"}'}",1.08E+12,,3,3,15,15,5,wood frame (5),5,wood frame (5),2007-01-19T00:00:00.000,,,,,
5ea2072ec2aeecdcc61c56cd,2.01E+11,8,otc alterations permit,2007-01-08T00:00:00.000,2048,6,445,Noriega,St,"remodeling of 1 1/2 bathroom, kitchen & new 12 windows (vinyl). four picture windows and 2 casements on front facade.",expired,2008-02-13T00:00:00.000,2007-01-08T00:00:00.000,2007-01-08T00:00:00.000,2008-01-08T00:00:00.000Z,47500,47500,1 family dwelling,1 family dwelling,0,7,Inner Sunset,94122,"{'latitude': '37.754743642467155', 'longitude': '-122.46845033412708', 'human_address': '{""address"": """", ""city"": """", ""state"": """", ""zip"": """"}'}",1.08E+12,,3,3,1,1,5,wood frame (5),5,wood frame (5),,,,,,
5ea2072ec2aeecdcc61c56ce,M53247,8,otc alterations permit,2007-01-08T00:00:00.000,469,1,1800,Chestnut,St,street space permit,issued,2007-01-08T00:00:00.000,2007-01-08T00:00:00.000,2007-01-08T00:00:00.000,,,0,,,,2,Marina,94123,"{'latitude': '37.802121382823614', 'longitude': '-122.43313669004674', 'human_address': '{""address"": """", ""city"": """", ""state"": """", ""zip"": """"}'}",1.08E+12,,,,,,,,,,,,,,,
5ea2072ec2aeecdcc61c56cf,M53322,8,otc alterations permit,2007-01-08T00:00:00.000,3557,034B,3394,16th,St,sidewalk permit only.,issued,2007-01-08T00:00:00.000,2007-01-08T00:00:00.000,2007-01-08T00:00:00.000,,,0,,,,8,Castro/Upper Market,94114,"{'latitude': '37.76472353477099', 'longitude': '-122.42849915281637', 'human_address': '{""address"": """", ""city"": """", ""state"": """", ""zip"": """"}'}",1.08E+12,,,,,,,,,,,,,,,
5ea2072ec2aeecdcc61c56d0,2.01E+11,8,otc alterations permit,2007-01-08T00:00:00.000,3706,74,50,03rd,St,"selective interior and exterior non structural demolition on floors 1,3,4,35,36. this is for demo only. elec,hvac,life safety,sprinklers, and plumbing on separate permit",expired,2008-08-21T00:00:00.000,2007-01-08T00:00:00.000,2007-01-08T00:00:00.000,2008-01-08T00:00:00.000Z,50000,50000,tourist hotel/motel,tourist hotel/motel,2,6,Financial District/South Beach,94103,"{'latitude': '37.78652508124445', 'longitude': '-122.40309239617214', 'human_address': '{""address"": """", ""city"": """", ""state"": """", ""zip"": """"}'}",1.08E+12,,36,36,669,669,1,constr type 1,1,constr type 1,,,,,,
5ea2072ec2aeecdcc61c56d1,2.01E+11,3,additions alterations or repairs,2007-01-08T00:00:00.000,6728,12,538,Laidley,St,revision to approved shoring permit 20609081752. changes to shoring details as per plan.,cancelled,2007-05-09T00:00:00.000,2007-01-08T00:00:00.000,2007-04-24T00:00:00.000,2008-04-24T00:00:00.000Z,5000,111397,1 family dwelling,1 family dwelling,2,8,Glen Park,94131,"{'latitude': '37.73581058873477', 'longitude': '-122.43163572082717', 'human_address': '{""address"": """", ""city"": """", ""state"": """", ""zip"": """"}'}",1.08E+12,,2,2,1,1,5,wood frame (5),5,wood frame (5),,,,,,
5ea2072ec2aeecdcc61c56d2,2.01E+11,8,otc alterations permit,2007-01-08T00:00:00.000,5888,10,42,Stoneybrook,Av,"exploratory demolition, removal of sheetrock, kitchen cabinets, bathroom fixtures. no structural, plumbing or electrical work to be done. approx. 1000 sq ft affected.",expired,2007-08-09T00:00:00.000,2007-01-08T00:00:00.000,2007-01-08T00:00:00.000,2007-05-08T00:00:00.000Z,120,120,1 family dwelling,1 family dwelling,0,11,Excelsior,94112,"{'latitude': '37.73020279824909', 'longitude': '-122.4220399750276', 'human_address': '{""address"": """", ""city"": """", ""state"": """", ""zip"": """"}'}",1.08E+12,,1,1,1,1,5,wood frame (5),5,wood frame (5),,,,,,
5ea2072ec2aeecdcc61c56d3,M53262,8,otc alterations permit,2007-01-08T00:00:00.000,7138,40,151,Sadowa,St,sidewalk & street space permit,issued,2007-01-08T00:00:00.000,2007-01-08T00:00:00.000,2007-01-08T00:00:00.000,,,0,,,,11,Oceanview/Merced/Ingleside,94112,"{'latitude': '37.71204994300267', 'longitude': '-122.45757157981087', 'human_address': '{""address"": """", ""city"": """", ""state"": """", ""zip"": """"}'}",1.08E+12,,,,,,,,,,,,,,,
5ea2072ec2aeecdcc61c56d4,M53263,8,otc alterations permit,2007-01-08T00:00:00.000,1203,017A,500,Divisadero,St,street space permit only.,issued,2007-01-08T00:00:00.000,2007-01-08T00:00:00.000,2007-01-08T00:00:00.000,,,0,,,,5,Hayes Valley,94117,"{'latitude': '37.774221829873234', 'longitude': '-122.43736365601701', 'human_address': '{""address"": """", ""city"": """", ""state"": """", ""zip"": """"}'}",1.08E+11,,,,,,,,,,,,,,,
5ea2072ec2aeecdcc61c56d5,2.01E+11,8,otc alterations permit,2007-01-08T00:00:00.000,7278,26,251,Lakeshore,Dr,reroofing,expired,2011-01-27T00:00:00.000,2007-01-08T00:00:00.000,2007-01-08T00:00:00.000,2007-07-08T00:00:00.000Z,7800,7800,1 family dwelling,1 family dwelling,0,7,Sunset/Parkside,94132,"{'latitude': '37.73058769818603', 'longitude': '-122.49728919052485', 'human_address': '{""address"": """", ""city"": """", ""state"": """", ""zip"": """"}'}",1.08E+12,,2,2,1,1,5,wood frame (5),5,wood frame (5),,,,,,
5ea2072ec2aeecdcc61c56d6,M53264,8,otc alterations permit,2007-01-08T00:00:00.000,3588,12,3500,19th,St,street space permit,issued,2007-01-08T00:00:00.000,2007-01-08T00:00:00.000,2007-01-08T00:00:00.000,,,0,,,,8,Mission,94110,"{'latitude': '37.76030680163977', 'longitude': '-122.42176191224588', 'human_address': '{""address"": """", ""city"": """", ""state"": """", ""zip"": """"}'}",1.08E+12,,,,,,,,,,,,,V,,
5ea2072ec2aeecdcc61c56d7,2.01E+11,3,additions alterations or repairs,2007-01-08T00:00:00.000,3616,7,2554,Mission,St,seismic upgrade - umb retrofit on existing brick building no other work no exterior work. interior only,cancelled,2014-01-10T00:00:00.000,2007-01-08T00:00:00.000,,,50000,,theater,theater,2,9,Mission,94110,"{'latitude': '37.75602740244032', 'longitude': '-122.419384045785', 'human_address': '{""address"": """", ""city"": """", ""state"": """", ""zip"": """"}'}",1.08E+12,,1,1,0,0,1,constr type 1,1,constr type 1,,,Y,,,
5ea2072ec2aeecdcc61c56d8,2.01E+11,3,additions alterations or repairs,2007-01-08T00:00:00.000,1076,34,1635,Divisadero,St,"add 7 fire smoke dampers & associated duct smoke detector, add duct smoke detector for fcu-1 fan unit, add door holder.",complete,2007-02-12T00:00:00.000,2007-01-08T00:00:00.000,2007-02-09T00:00:00.000,2007-06-09T00:00:00.000Z,5000,5000,clinics-medic/dental,clinics-medic/dental,2,5,Japantown,94115,"{'latitude': '37.78473107445393', 'longitude': '-122.44038678313258', 'human_address': '{""address"": """", ""city"": """", ""state"": """", ""zip"": """"}'}",1.08E+11,,6,6,0,0,5,wood frame (5),5,wood frame (5),2007-02-12T00:00:00.000,,,,,
5ea2072ec2aeecdcc61c56d9,2.01E+11,8,otc alterations permit,2007-01-08T00:00:00.000,2141,4,2051,21st,Av,"1)remodel 2nd floor bathroom, 2)remodel first: 2 new bedroom a new bathroom.",complete,2007-07-16T00:00:00.000,2007-01-08T00:00:00.000,2007-01-08T00:00:00.000,2008-01-08T00:00:00.000Z,55000,55000,1 family dwelling,1 family dwelling,2,4,Sunset/Parkside,94116,"{'latitude': '37.74943449716588', 'longitude': '-122.47861469125525', 'human_address': '{""address"": """", ""city"": """", ""state"": """", ""zip"": """"}'}",1.08E+12,,2,2,1,1,5,wood frame (5),5,wood frame (5),2007-07-16T00:00:00.000,,,,,
5ea2072ec2aeecdcc61c56da,2.01E+11,8,otc alterations permit,2007-01-08T00:00:00.000,1023,19,3066,California,St,provide continues handrail at rear stairs per nov# 200686611.,complete,2007-02-05T00:00:00.000,2007-01-08T00:00:00.000,2007-01-08T00:00:00.000,2007-05-08T00:00:00.000Z,500,500,2 family dwelling,2 family dwelling,0,2,Pacific Heights,94115,"{'latitude': '37.78779085205715', 'longitude': '-122.44493236836892', 'human_address': '{""address"": """", ""city"": """", ""state"": """", ""zip"": """"}'}",1.08E+11,,2,2,2,2,5,wood frame (5),5,wood frame (5),2007-02-05T00:00:00.000,,,,,
5ea2072ec2aeecdcc61c56db,2.01E+11,8,otc alterations permit,2007-01-08T00:00:00.000,1023,19,3068,California,St,provide continues handrail at rear stairs per nov# 200686611.,complete,2007-02-05T00:00:00.000,2007-01-08T00:00:00.000,2007-01-08T00:00:00.000,2007-05-08T00:00:00.000Z,500,500,2 family dwelling,2 family dwelling,0,2,Pacific Heights,94115,"{'latitude': '37.78779085205715', 'longitude': '-122.44493236836892', 'human_address': '{""address"": """", ""city"": """", ""state"": """", ""zip"": """"}'}",1.08E+12,,2,2,2,2,5,wood frame (5),5,wood frame (5),2007-02-05T00:00:00.000,,,,,
5ea2072ec2aeecdcc61c56dc,2.01E+11,3,additions alterations or repairs,2007-01-08T00:00:00.000,7041,1,901,Delano,Av,"to comply with nov #200678869, legalize without-iron fence at lot permeter, visible from street",complete,2007-02-20T00:00:00.000,2007-01-08T00:00:00.000,2007-02-15T00:00:00.000,2007-06-15T00:00:00.000Z,5000,5000,1 family dwelling,1 family dwelling,2,11,Outer Mission,94112,"{'latitude': '37.71743259310787', 'longitude': '-122.44657848012999', 'human_address': '{""address"": """", ""city"": """", ""state"": """", ""zip"": """"}'}",1.08E+12,,1,1,1,1,5,wood frame (5),5,wood frame (5),2007-02-20T00:00:00.000,,,,,
5ea2072ec2aeecdcc61c56dd,2.01E+11,4,sign - erect,2007-01-08T00:00:00.000,239,3,400,California,St,to erect non electrical sign,expired,2011-05-11T00:00:00.000,2007-01-08T00:00:00.000,2007-01-08T00:00:00.000,2007-05-08T00:00:00.000Z,3000,3000,office,,2,3,Financial District/South Beach,94104,"{'latitude': '37.79330429003971', 'longitude': '-122.40145899720684', 'human_address': '{""address"": """", ""city"": """", ""state"": """", ""zip"": """"}'}",1.08E+11,,6,,0,,1,constr type 1,,,,,,,,
5ea2072ec2aeecdcc61c56de,2.01E+11,8,otc alterations permit,2007-01-08T00:00:00.000,6021,18,735,Brazil,Av,reroofing.,complete,2007-01-12T00:00:00.000,2007-01-08T00:00:00.000,2007-01-08T00:00:00.000,2007-05-08T00:00:00.000Z,500,500,1 family dwelling,1 family dwelling,0,11,Excelsior,94112,"{'latitude': '37.72193592997478', 'longitude': '-122.42849890016886', 'human_address': '{""address"": """", ""city"": """", ""state"": """", ""zip"": """"}'}",1.08E+12,,,,,,,,,,2007-01-12T00:00:00.000,,,,,
5ea2072ec2aeecdcc61c56df,2.01E+11,8,otc alterations permit,2007-01-08T00:00:00.000,1435,19,3944,Geary,Bl,install a new power door. replace with an existing in the existing store front. required by inspector. (no exterior change).,complete,2007-01-11T00:00:00.000,2007-01-08T00:00:00.000,2007-01-08T00:00:00.000,2007-05-08T00:00:00.000Z,2000,2000,office,office,2,1,Inner Richmond,94118,"{'latitude': '37.78143821279548', 'longitude': '-122.46186631949541', 'human_address': '{""address"": """", ""city"": """", ""state"": """", ""zip"": """"}'}",1.08E+11,,2,2,0,0,5,wood frame (5),5,wood frame (5),2007-01-11T00:00:00.000,,,,,
5ea2072ec2aeecdcc61c56e0,2.01E+11,8,otc alterations permit,2007-01-08T00:00:00.000,3622,88,3845,21st,St,install 2 bvent gass fire place in living room & dining room. also gas lines 2 fire place tile work framing & venting flues in (e) fire place locations. 4 ft. from property line (for flue exhaust termination) volor by miles (a dorm - v-vent),complete,2007-03-22T00:00:00.000,2007-01-08T00:00:00.000,2007-01-08T00:00:00.000,2007-05-08T00:00:00.000Z,5000,5000,1 family dwelling,1 family dwelling,0,8,Noe Valley,94114,"{'latitude': '37.75592161479431', 'longitude': '-122.43328639900626', 'human_address': '{""address"": """", ""city"": """", ""state"": """", ""zip"": """"}'}",1.08E+12,,1,1,1,1,5,wood frame (5),5,wood frame (5),2007-03-22T00:00:00.000,,,,,
5ea2072ec2aeecdcc61c56e1,M53282,8,otc alterations permit,2007-01-08T00:00:00.000,3589,18,2294,Mission,St,sidewalk repair,issued,2007-01-08T00:00:00.000,2007-01-08T00:00:00.000,2007-01-08T00:00:00.000,,,0,,,,9,Mission,94110,"{'latitude': '37.760353806391464', 'longitude': '-122.41950214908498', 'human_address': '{""address"": """", ""city"": """", ""state"": """", ""zip"": """"}'}",1.08E+12,,,,,,,,,,,,,,,
5ea2072ec2aeecdcc61c56e2,M53282,8,otc alterations permit,2007-01-08T00:00:00.000,3589,18,2298,Mission,St,sidewalk repair,issued,2007-01-08T00:00:00.000,2007-01-08T00:00:00.000,2007-01-08T00:00:00.000,,,0,,,,9,Mission,94110,"{'latitude': '37.760353806391464', 'longitude': '-122.41950214908498', 'human_address': '{""address"": """", ""city"": """", ""state"": """", ""zip"": """"}'}",1.08E+12,,,,,,,,,,,,,,,
5ea2072ec2aeecdcc61c56e3,2.01E+11,8,otc alterations permit,2007-01-08T00:00:00.000,5353B,17,391,Bridgeview,Dr,replace 11 (e) aluminum window for vinyl windows. same side. all window expos to the street & repair dry rot framing around the windows at the bottom.,complete,2007-03-08T00:00:00.000,2007-01-08T00:00:00.000,2007-01-08T00:00:00.000,2007-05-08T00:00:00.000Z,5000,5000,apartments,apartments,0,10,Bayview Hunters Point,94124,"{'latitude': '37.73184677446267', 'longitude': '-122.39917449595373', 'human_address': '{""address"": """", ""city"": """", ""state"": """", ""zip"": """"}'}",1.08E+12,,2,2,6,6,5,wood frame (5),5,wood frame (5),2007-03-08T00:00:00.000,,,,,
5ea2072ec2aeecdcc61c56e4,2.01E+11,8,otc alterations permit,2007-01-08T00:00:00.000,3561,50,19,Beaver,St,comply with nov# 200672451: file building permit to re-construct decks at two levels located at the rear of property. same configuration and dimension as original.,complete,2007-04-12T00:00:00.000,2007-01-08T00:00:00.000,2007-01-08T00:00:00.000,2007-07-08T00:00:00.000Z,20000,20000,2 family dwelling,2 family dwelling,2,8,Castro/Upper Market,94114,"{'latitude': '37.76477113622918', 'longitude': '-122.4339802424823', 'human_address': '{""address"": """", ""city"": """", ""state"": """", ""zip"": """"}'}",1.08E+12,,3,3,2,2,5,wood frame (5),5,wood frame (5),2007-04-12T00:00:00.000,Y,,,,
5ea2072ec2aeecdcc61c56e5,M53302,8,otc alterations permit,2007-01-08T00:00:00.000,868,28,363,Waller,St,street space,issued,2007-01-08T00:00:00.000,2007-01-08T00:00:00.000,2007-01-08T00:00:00.000,,,0,,,,5,Hayes Valley,94117,"{'latitude': '37.77100130777788', 'longitude': '-122.42955807750755', 'human_address': '{""address"": """", ""city"": """", ""state"": """", ""zip"": """"}'}",1.08E+12,,,,,,,,,,,,,,,
5ea2072ec2aeecdcc61c56e6,2.01E+11,8,otc alterations permit,2007-01-08T00:00:00.000,6015,26,275,London,St,"repair/replace in like kind, landing, railing, stairs, slab repair, garden wall repair. at front of property.",complete,2007-04-05T00:00:00.000,2007-01-08T00:00:00.000,2007-01-08T00:00:00.000,2007-07-08T00:00:00.000Z,11000,11000,1 family dwelling,1 family dwelling,2,11,Excelsior,94112,"{'latitude': '37.724590217510226', 'longitude': '-122.43347959263113', 'human_address': '{""address"": """", ""city"": """", ""state"": """", ""zip"": """"}'}",1.08E+12,,2,2,1,1,5,wood frame (5),5,wood frame (5),2007-04-05T00:00:00.000,,,,,
5ea2072ec2aeecdcc61c56e7,2.01E+11,8,otc alterations permit,2007-01-08T00:00:00.000,3589,72,130,Lexington,St,"work @ units at 132a only. remodel (e) kitchen & bathroom. remove all finishes & fixtures & install new cabinetry, appliances, electrical & plumbing. this project does not involve new horizontal or vertical square footage. there is no change to the envelope of the building. remove 1 non-load",complete,2007-06-05T00:00:00.000,2007-01-08T00:00:00.000,2007-01-08T00:00:00.000,2008-01-08T00:00:00.000Z,50000,50000,apartments,apartments,2,9,Mission,94110,"{'latitude': '37.76117421311917', 'longitude': '-122.42096726825925', 'human_address': '{""address"": """", ""city"": """", ""state"": """", ""zip"": """"}'}",1.08E+12,,3,3,4,4,5,wood frame (5),5,wood frame (5),2007-06-05T00:00:00.000,,,,,
5ea2072ec2aeecdcc61c56e8,2.01E+11,8,otc alterations permit,2007-01-08T00:00:00.000,3589,72,130,Lexington,St,"work @ units at 132a only. remodel (e) kitchen & bathroom. remove all finishes & fixtures & install new cabinetry, appliances, electrical & plumbing. this project does not involve new horizontal or vertical square footage. there is no change to the envelope of the building. remove 1 non-load",complete,2007-06-05T00:00:00.000,2007-01-08T00:00:00.000,2007-01-08T00:00:00.000,2008-01-08T00:00:00.000Z,50000,50000,apartments,apartments,2,9,Mission,94110,"{'latitude': '37.76117421311917', 'longitude': '-122.42096726825925', 'human_address': '{""address"": """", ""city"": """", ""state"": """", ""zip"": """"}'}",1.08E+12,,3,3,4,4,5,wood frame (5),5,wood frame (5),2007-06-05T00:00:00.000,,,A,,
5ea2072ec2aeecdcc61c56e9,2.01E+11,8,otc alterations permit,2007-01-08T00:00:00.000,3589,72,132,Lexington,St,"work @ units at 132a only. remodel (e) kitchen & bathroom. remove all finishes & fixtures & install new cabinetry, appliances, electrical & plumbing. this project does not involve new horizontal or vertical square footage. there is no change to the envelope of the building. remove 1 non-load",complete,2007-06-05T00:00:00.000,2007-01-08T00:00:00.000,2007-01-08T00:00:00.000,2008-01-08T00:00:00.000Z,50000,50000,apartments,apartments,2,9,Mission,94110,"{'latitude': '37.76117421311917', 'longitude': '-122.42096726825925', 'human_address': '{""address"": """", ""city"": """", ""state"": """", ""zip"": """"}'}",1.08E+12,,3,3,4,4,5,wood frame (5),5,wood frame (5),2007-06-05T00:00:00.000,,,,,
5ea2072ec2aeecdcc61c56ea,2.01E+11,8,otc alterations permit,2007-01-08T00:00:00.000,3589,72,132,Lexington,St,"work @ units at 132a only. remodel (e) kitchen & bathroom. remove all finishes & fixtures & install new cabinetry, appliances, electrical & plumbing. this project does not involve new horizontal or vertical square footage. there is no change to the envelope of the building. remove 1 non-load",complete,2007-06-05T00:00:00.000,2007-01-08T00:00:00.000,2007-01-08T00:00:00.000,2008-01-08T00:00:00.000Z,50000,50000,apartments,apartments,2,9,Mission,94110,"{'latitude': '37.76117421311917', 'longitude': '-122.42096726825925', 'human_address': '{""address"": """", ""city"": """", ""state"": """", ""zip"": """"}'}",1.08E+12,,3,3,4,4,5,wood frame (5),5,wood frame (5),2007-06-05T00:00:00.000,,,A,,
5ea2072ec2aeecdcc61c56eb,2.01E+11,3,additions alterations or repairs,2007-01-08T00:00:00.000,6748,60,4080,Mission,St,installation of 2 micro panel antennas mounted on (e) wall with the associated equipment cabinet mounted on a concrete slab at ground level.,cancelled,2007-12-11T00:00:00.000,2007-01-08T00:00:00.000,,,65000,65000,public assmbly other,public assmbly other,2,8,Outer Mission,94112,"{'latitude': '37.732466227106244', 'longitude': '-122.42802832154999', 'human_address': '{""address"": """", ""city"": """", ""state"": """", ""zip"": """"}'}",1.08E+12,,2,2,0,0,5,wood frame (5),5,wood frame (5),,,,,,
5ea2072ec2aeecdcc61c56ec,2.01E+11,8,otc alterations permit,2007-01-08T00:00:00.000,5617,41,161,Prospect,Av,comply with 3r-4515.,complete,2007-05-08T00:00:00.000,2007-01-08T00:00:00.000,2007-01-08T00:00:00.000,2007-05-08T00:00:00.000Z,5000,5000,2 family dwelling,2 family dwelling,0,9,Bernal Heights,94110,"{'latitude': '37.74258241121436', 'longitude': '-122.41901743381644', 'human_address': '{""address"": """", ""city"": """", ""state"": """", ""zip"": """"}'}",1.08E+12,,2,2,2,2,5,wood frame (5),5,wood frame (5),2007-05-08T00:00:00.000,,,,,
5ea2072ec2aeecdcc61c56ed,M53322,8,otc alterations permit,2007-01-08T00:00:00.000,3557,034B,3398,16th,St,sidewalk permit only.,issued,2007-01-08T00:00:00.000,2007-01-08T00:00:00.000,2007-01-08T00:00:00.000,,,0,,,,8,Castro/Upper Market,94114,"{'latitude': '37.76472353477099', 'longitude': '-122.42849915281637', 'human_address': '{""address"": """", ""city"": """", ""state"": """", ""zip"": """"}'}",1.08E+12,,,,,,,,,,,,,,,
5ea2072ec2aeecdcc61c56ee,2.01E+11,3,additions alterations or repairs,2007-01-08T00:00:00.000,5705,1,400,Ellsworth,St,revision to approved & application #2005408180599 reducing  size of horizontal addition and associated scope of work.,cancelled,2010-01-14T00:00:00.000,2007-01-08T00:00:00.000,,,1,,1 family dwelling,1 family dwelling,2,9,Bernal Heights,94110,"{'latitude': '37.738293769444816', 'longitude': '-122.4148081926207', 'human_address': '{""address"": """", ""city"": """", ""state"": """", ""zip"": """"}'}",1.08E+12,,2,2,1,1,5,wood frame (5),5,wood frame (5),,,,,,
5ea2072ec2aeecdcc61c56ef,2.01E+11,8,otc alterations permit,2007-01-08T00:00:00.000,8721,10,550,Terry Francois,Bl,fire system hood hook up-4 hoods. installation of an ansel system.,complete,2007-02-01T00:00:00.000,2007-01-08T00:00:00.000,2007-01-08T00:00:00.000,2007-07-08T00:00:00.000Z,6000,6000,office,office,2,6,Mission Bay,94158,"{'latitude': '37.77037419989841', 'longitude': '-122.38706970561316', 'human_address': '{""address"": """", ""city"": """", ""state"": """", ""zip"": """"}'}",1.08E+12,,5,5,0,0,1,constr type 1,1,constr type 1,2007-02-01T00:00:00.000,,,,,
5ea2072ec2aeecdcc61c56f0,2.01E+11,3,additions alterations or repairs,2007-01-08T00:00:00.000,1524,37,5625,Geary,Bl,"tenant improvements include dropping portion of ceiling, elec. & plumbing work for equipment related to retail sales of baked goods & sandwiches. no commercial baking to be done in space.",complete,2007-10-18T00:00:00.000,2007-01-08T00:00:00.000,2007-02-27T00:00:00.000,2007-08-27T00:00:00.000Z,8000,10000,food/beverage hndlng,retail sales,2,1,Outer Richmond,94121,"{'latitude': '37.77999978422312', 'longitude': '-122.47998239433109', 'human_address': '{""address"": """", ""city"": """", ""state"": """", ""zip"": """"}'}",1.08E+12,,1,1,0,0,5,wood frame (5),5,wood frame (5),2007-10-18T00:00:00.000,,,,,
5ea2072ec2aeecdcc61c56f1,2.01E+11,8,otc alterations permit,2007-01-08T00:00:00.000,1251,1,701,Cole,St,reroofing,complete,2007-01-31T00:00:00.000,2007-01-08T00:00:00.000,2007-01-08T00:00:00.000,2007-05-08T00:00:00.000Z,4000,4000,apartments,apartments,0,5,Haight Ashbury,94117,"{'latitude': '37.76843448650126', 'longitude': '-122.45075761063231', 'human_address': '{""address"": """", ""city"": """", ""state"": """", ""zip"": """"}'}",1.08E+11,,,,,,,,,,2007-01-31T00:00:00.000,,,,,
5ea2072ec2aeecdcc61c56f2,2.01E+11,3,additions alterations or repairs,2007-01-08T00:00:00.000,6561,19,4384,Cesar Chavez,St,new deck and replacement stairs at rear of house.,complete,2007-07-18T00:00:00.000,2007-01-08T00:00:00.000,2007-05-08T00:00:00.000,2007-11-08T00:00:00.000Z,13372.7,13372,1 family dwelling,1 family dwelling,2,8,Noe Valley,94131,"{'latitude': '37.747243998838805', 'longitude': '-122.43777084309289', 'human_address': '{""address"": """", ""city"": """", ""state"": """", ""zip"": """"}'}",1.08E+12,,2,2,1,1,5,wood frame (5),5,wood frame (5),2007-07-18T00:00:00.000,Y,,,,
5ea2072ec2aeecdcc61c56f3,2.01E+11,7,wall or painted sign,2007-01-08T00:00:00.000,1524,37,5625,Geary,Bl,erect painted sign.,complete,2007-10-18T00:00:00.000,2007-01-08T00:00:00.000,2007-01-09T00:00:00.000,2007-05-09T00:00:00.000Z,300,,,,2,1,Outer Richmond,94121,"{'latitude': '37.77999978422312', 'longitude': '-122.47998239433109', 'human_address': '{""address"": """", ""city"": """", ""state"": """", ""zip"": """"}'}",1.08E+12,,,,,,,,,,2007-10-18T00:00:00.000,,,,,
5ea2072ec2aeecdcc61c56f4,2.01E+11,8,otc alterations permit,2007-01-08T00:00:00.000,3046,12,125,San Felipe,Av,revision to 200602084072 - to add one window at front facade and one window at side (north) facade.,complete,2007-05-25T00:00:00.000,2007-01-08T00:00:00.000,2007-01-08T00:00:00.000,2007-05-08T00:00:00.000Z,1200,1200,1 family dwelling,1 family dwelling,2,7,West of Twin Peaks,94127,"{'latitude': '37.731534253936516', 'longitude': '-122.46274719997604', 'human_address': '{""address"": """", ""city"": """", ""state"": """", ""zip"": """"}'}",1.08E+12,,3,3,1,1,5,wood frame (5),5,wood frame (5),2007-05-25T00:00:00.000,,,,,
5ea2072ec2aeecdcc61c56f5,2.01E+11,8,otc alterations permit,2007-01-08T00:00:00.000,808,5,401,Gough,St,"replace glass and repair base of them because there are some dry rot. elimination of handrail, installation of (n) handrail.",complete,2007-02-07T00:00:00.000,2007-01-08T00:00:00.000,2007-01-08T00:00:00.000,2007-07-08T00:00:00.000Z,8000,8000,apartments,apartments,2,5,Hayes Valley,94102,"{'latitude': '37.777077916850445', 'longitude': '-122.4231850467484', 'human_address': '{""address"": """", ""city"": """", ""state"": """", ""zip"": """"}'}",1.08E+12,0,4,4,30,30,5,wood frame (5),5,wood frame (5),2007-02-07T00:00:00.000,,,,,
5ea2072ec2aeecdcc61c56f6,2.01E+11,8,otc alterations permit,2007-01-08T00:00:00.000,7546,102,105,Addison,St,renew for final 200605040781,complete,2007-01-24T00:00:00.000,2007-01-08T00:00:00.000,2007-01-09T00:00:00.000,2007-05-09T00:00:00.000Z,1,1,apartments,apartments,0,8,Glen Park,94131,"{'latitude': '37.73731250817515', 'longitude': '-122.4315896633941', 'human_address': '{""address"": """", ""city"": """", ""state"": """", ""zip"": """"}'}",1.08E+12,,2,2,4,4,5,wood frame (5),5,wood frame (5),2007-01-24T00:00:00.000,,,,,
5ea2072ec2aeecdcc61c56f7,2.01E+11,8,otc alterations permit,2007-01-08T00:00:00.000,7546,102,117,Addison,St,renew for final 200605040781,complete,2007-01-24T00:00:00.000,2007-01-08T00:00:00.000,2007-01-09T00:00:00.000,2007-05-09T00:00:00.000Z,1,1,apartments,apartments,0,8,Glen Park,94131,"{'latitude': '37.73731250817515', 'longitude': '-122.4315896633941', 'human_address': '{""address"": """", ""city"": """", ""state"": """", ""zip"": """"}'}",1.08E+12,,2,2,4,4,5,wood frame (5),5,wood frame (5),2007-01-24T00:00:00.000,,,,,
5ea2072ec2aeecdcc61c56f8,2.01E+11,8,otc alterations permit,2007-01-08T00:00:00.000,7546,102,57,Addison,St,renew for final 200605080643,complete,2007-01-23T00:00:00.000,2007-01-08T00:00:00.000,2007-01-09T00:00:00.000,2007-05-09T00:00:00.000Z,1,1,apartments,apartments,0,8,Glen Park,94131,"{'latitude': '37.73731250817515', 'longitude': '-122.4315896633941', 'human_address': '{""address"": """", ""city"": """", ""state"": """", ""zip"": """"}'}",1.08E+12,,2,2,4,4,5,wood frame (5),5,wood frame (5),2007-01-23T00:00:00.000,,,,,
5ea2072ec2aeecdcc61c56f9,2.01E+11,8,otc alterations permit,2007-01-08T00:00:00.000,7546,102,69,Addison,St,renew for final 200605080643,complete,2007-01-23T00:00:00.000,2007-01-08T00:00:00.000,2007-01-09T00:00:00.000,2007-05-09T00:00:00.000Z,1,1,apartments,apartments,0,8,Glen Park,94131,"{'latitude': '37.73731250817515', 'longitude': '-122.4315896633941', 'human_address': '{""address"": """", ""city"": """", ""state"": """", ""zip"": """"}'}",1.08E+12,,2,2,4,4,5,wood frame (5),5,wood frame (5),2007-01-23T00:00:00.000,,,,,
5ea2072ec2aeecdcc61c56fa,2.01E+11,8,otc alterations permit,2007-01-08T00:00:00.000,7546,102,41,Addison,St,renew for final 200605040764,complete,2007-01-23T00:00:00.000,2007-01-08T00:00:00.000,2007-01-09T00:00:00.000,2007-05-09T00:00:00.000Z,1,1,apartments,apartments,0,8,Glen Park,94131,"{'latitude': '37.73731250817515', 'longitude': '-122.4315896633941', 'human_address': '{""address"": """", ""city"": """", ""state"": """", ""zip"": """"}'}",1.08E+12,,2,2,4,4,5,wood frame (5),5,wood frame (5),2007-01-23T00:00:00.000,,,,,
5ea2072ec2aeecdcc61c56fb,2.01E+11,8,otc alterations permit,2007-01-08T00:00:00.000,7546,102,53,Addison,St,renew for final 200605040764,complete,2007-01-23T00:00:00.000,2007-01-08T00:00:00.000,2007-01-09T00:00:00.000,2007-05-09T00:00:00.000Z,1,1,apartments,apartments,0,8,Glen Park,94131,"{'latitude': '37.73731250817515', 'longitude': '-122.4315896633941', 'human_address': '{""address"": """", ""city"": """", ""state"": """", ""zip"": """"}'}",1.08E+12,,2,2,4,4,5,wood frame (5),5,wood frame (5),2007-01-23T00:00:00.000,,,,,
5ea2072ec2aeecdcc61c56fc,2.01E+11,8,otc alterations permit,2007-01-08T00:00:00.000,7555,101,341,Arbor,St,renew for final 200610216268,complete,2007-02-01T00:00:00.000,2007-01-08T00:00:00.000,2007-01-09T00:00:00.000,2007-05-09T00:00:00.000Z,1,1,apartments,apartments,0,8,Glen Park,94131,"{'latitude': '37.737505895880645', 'longitude': '-122.43899380525221', 'human_address': '{""address"": """", ""city"": """", ""state"": """", ""zip"": """"}'}",1.08E+12,,2,2,4,4,5,wood frame (5),5,wood frame (5),2007-02-01T00:00:00.000,,,,,
5ea2072ec2aeecdcc61c56fd,2.01E+11,8,otc alterations permit,2007-01-08T00:00:00.000,7555,101,359,Arbor,St,renew for final 200610216268,complete,2007-02-01T00:00:00.000,2007-01-08T00:00:00.000,2007-01-09T00:00:00.000,2007-05-09T00:00:00.000Z,1,1,apartments,apartments,0,8,Glen Park,94131,"{'latitude': '37.737505895880645', 'longitude': '-122.43899380525221', 'human_address': '{""address"": """", ""city"": """", ""state"": """", ""zip"": """"}'}",1.08E+12,,2,2,4,4,5,wood frame (5),5,wood frame (5),2007-02-01T00:00:00.000,,,,,
5ea2072ec2aeecdcc61c56fe,2.01E+11,8,otc alterations permit,2007-01-08T00:00:00.000,7551,102,254,Moreland,St,renew for final 200605030544,complete,2007-02-01T00:00:00.000,2007-01-08T00:00:00.000,2007-01-09T00:00:00.000,2007-05-09T00:00:00.000Z,1,1,apartments,apartments,0,8,Glen Park,94131,"{'latitude': '37.73886881019352', 'longitude': '-122.43579174541675', 'human_address': '{""address"": """", ""city"": """", ""state"": """", ""zip"": """"}'}",1.08E+12,,2,2,7,7,5,wood frame (5),5,wood frame (5),2007-02-01T00:00:00.000,,,,,
5ea2072ec2aeecdcc61c56ff,2.01E+11,8,otc alterations permit,2007-01-08T00:00:00.000,7551,102,290,Moreland,St,renew for final 200605030544,complete,2007-02-01T00:00:00.000,2007-01-08T00:00:00.000,2007-01-09T00:00:00.000,2007-05-09T00:00:00.000Z,1,1,apartments,apartments,0,8,Glen Park,94131,"{'latitude': '37.73886881019352', 'longitude': '-122.43579174541675', 'human_address': '{""address"": """", ""city"": """", ""state"": """", ""zip"": """"}'}",1.08E+12,,2,2,7,7,5,wood frame (5),5,wood frame (5),2007-02-01T00:00:00.000,,,,,
5ea2072ec2aeecdcc61c5700,2.01E+11,8,otc alterations permit,2007-01-08T00:00:00.000,7555,101,365,Arbor,St,renew for final 200510216288,complete,2007-01-26T00:00:00.000,2007-01-08T00:00:00.000,2007-01-09T00:00:00.000,2007-05-09T00:00:00.000Z,1,1,apartments,apartments,0,8,Glen Park,94131,"{'latitude': '37.737505895880645', 'longitude': '-122.43899380525221', 'human_address': '{""address"": """", ""city"": """", ""state"": """", ""zip"": """"}'}",1.08E+12,,2,2,6,6,5,wood frame (5),5,wood frame (5),2007-01-26T00:00:00.000,,,,,
5ea2072ec2aeecdcc61c5701,2.01E+11,8,otc alterations permit,2007-01-08T00:00:00.000,7555,101,393,Arbor,St,renew for final 200510216288,complete,2007-01-26T00:00:00.000,2007-01-08T00:00:00.000,2007-01-09T00:00:00.000,2007-05-09T00:00:00.000Z,1,1,apartments,apartments,0,8,Glen Park,94131,"{'latitude': '37.737505895880645', 'longitude': '-122.43899380525221', 'human_address': '{""address"": """", ""city"": """", ""state"": """", ""zip"": """"}'}",1.08E+12,0,2,2,6,6,5,wood frame (5),5,wood frame (5),2007-01-26T00:00:00.000,,,,,
5ea2072ec2aeecdcc61c5702,2.01E+11,8,otc alterations permit,2007-01-08T00:00:00.000,7546,102,25,Addison,St,renew for final 200605080943,complete,2007-01-23T00:00:00.000,2007-01-08T00:00:00.000,2007-01-09T00:00:00.000,2007-05-09T00:00:00.000Z,1,1,apartments,apartments,0,8,Glen Park,94131,"{'latitude': '37.73731250817515', 'longitude': '-122.4315896633941', 'human_address': '{""address"": """", ""city"": """", ""state"": """", ""zip"": """"}'}",1.08E+12,0,2,2,4,4,5,wood frame (5),5,wood frame (5),2007-01-23T00:00:00.000,,,,,
5ea2072ec2aeecdcc61c5703,2.01E+11,8,otc alterations permit,2007-01-08T00:00:00.000,7546,102,37,Addison,St,renew for final 200605080943,complete,2007-01-23T00:00:00.000,2007-01-08T00:00:00.000,2007-01-09T00:00:00.000,2007-05-09T00:00:00.000Z,1,1,apartments,apartments,0,8,Glen Park,94131,"{'latitude': '37.73731250817515', 'longitude': '-122.4315896633941', 'human_address': '{""address"": """", ""city"": """", ""state"": """", ""zip"": """"}'}",1.08E+12,,2,2,4,4,5,wood frame (5),5,wood frame (5),2007-01-23T00:00:00.000,,,,,
5ea2072ec2aeecdcc61c5704,2.01E+11,3,additions alterations or repairs,2007-01-08T00:00:00.000,124,33,2152,Larkin,St,"combine (e) commercial unit with (e) residential unit and upgrade foundation, remodel entire building for a resulting two level residential unit.",complete,2007-12-03T00:00:00.000,2007-01-08T00:00:00.000,2007-03-21T00:00:00.000,2008-03-21T00:00:00.000Z,75000,75000,office,1 family dwelling,2,3,Russian Hill,94109,"{'latitude': '37.797856205649545', 'longitude': '-122.42019713789395', 'human_address': '{""address"": """", ""city"": """", ""state"": """", ""zip"": """"}'}",1.09E+11,,2,2,1,1,5,wood frame (5),5,wood frame (5),2007-12-03T00:00:00.000,,,,,
5ea2072ec2aeecdcc61c5705,2.01E+11,3,additions alterations or repairs,2007-01-08T00:00:00.000,124,33,2154,Larkin,St,"combine (e) commercial unit with (e) residential unit and upgrade foundation, remodel entire building for a resulting two level residential unit.",complete,2007-12-03T00:00:00.000,2007-01-08T00:00:00.000,2007-03-21T00:00:00.000,2008-03-21T00:00:00.000Z,75000,75000,office,1 family dwelling,2,3,Russian Hill,94109,"{'latitude': '37.797856205649545', 'longitude': '-122.42019713789395', 'human_address': '{""address"": """", ""city"": """", ""state"": """", ""zip"": """"}'}",1.09E+12,,2,2,1,1,5,wood frame (5),5,wood frame (5),2007-12-03T00:00:00.000,,,,,
5ea2072ec2aeecdcc61c5706,2.01E+11,8,otc alterations permit,2007-01-08T00:00:00.000,4217,17,1275,Rhode Island,St,"remodel of existing kitchen, fixtures and finishes. work to be done in 1275a only. no sructural work. new floor, new cabinets, neew drywall, all flourescent lighting in kitchen.",expired,2008-10-27T00:00:00.000,2007-01-08T00:00:00.000,2007-01-08T00:00:00.000,2007-07-08T00:00:00.000Z,10000,10000,apartments,apartments,0,10,Potrero Hill,94107,"{'latitude': '37.75364171935237', 'longitude': '-122.4011888184814', 'human_address': '{""address"": """", ""city"": """", ""state"": """", ""zip"": """"}'}",1.15E+12,,3,3,3,3,5,wood frame (5),5,wood frame (5),,,,A,,
5ea2072fc2aeecdcc61c5707,M53403,8,otc alterations permit,2007-01-09T00:00:00.000,3637,20,3282,23rd,St,sidewalk permit,issued,2007-01-09T00:00:00.000,2007-01-09T00:00:00.000,2007-01-09T00:00:00.000,,,0,,,,9,Mission,94110,"{'latitude': '37.754000284958515', 'longitude': '-122.41825362317647', 'human_address': '{""address"": """", ""city"": """", ""state"": """", ""zip"": """"}'}",1.08E+12,,,,,,,,,,,,,,,
5ea2072fc2aeecdcc61c5708,2.01E+11,8,otc alterations permit,2007-01-09T00:00:00.000,5676,12,73,Holly Park,Cr,reroofing,complete,2007-01-16T00:00:00.000,2007-01-09T00:00:00.000,2007-01-09T00:00:00.000,2007-07-09T00:00:00.000Z,10000,10000,1 family dwelling,1 family dwelling,0,9,Bernal Heights,94110,"{'latitude': '37.738432928642624', 'longitude': '-122.41942801134961', 'human_address': '{""address"": """", ""city"": """", ""state"": """", ""zip"": """"}'}",1.08E+12,,,,,,,,,,2007-01-16T00:00:00.000,,,,,
5ea2072fc2aeecdcc61c5709,2.01E+11,3,additions alterations or repairs,2007-01-09T00:00:00.000,5523,7,3240,Folsom,St,"new beam, posts and foundation. replace existing storefront with new design for energy eff. new vestibule entry proposed.",complete,2008-06-23T00:00:00.000,2007-01-09T00:00:00.000,2007-06-19T00:00:00.000,2008-06-19T00:00:00.000Z,40000,40000,1 family dwelling,1 family dwelling,2,9,Bernal Heights,94110,"{'latitude': '37.74629885482387', 'longitude': '-122.41376893070242', 'human_address': '{""address"": """", ""city"": """", ""state"": """", ""zip"": """"}'}",1.08E+12,,2,2,1,1,5,wood frame (5),5,wood frame (5),2008-06-23T00:00:00.000,,,,,
5ea2072fc2aeecdcc61c570a,2.01E+11,8,otc alterations permit,2007-01-09T00:00:00.000,150,1,1001,Vallejo,St,"install new closets/cabinets his&hers. replace exist dryrot window & french doors with new of master bedroom. take out exist zero clearence fireplace.install new fixtures & cabinets in master bathroom.install new sheetrock, trim, door, paint etc as needed. on 3rd floor. no structural work.",expired,2009-03-17T00:00:00.000,2007-01-09T00:00:00.000,2007-01-09T00:00:00.000,2007-07-09T00:00:00.000Z,10000,10000,1 family dwelling,1 family dwelling,0,3,Nob Hill,94133,"{'latitude': '37.797690134141064', 'longitude': '-122.4139586712082', 'human_address': '{""address"": """", ""city"": """", ""state"": """", ""zip"": """"}'}",1.08E+12,0,4,4,1,1,5,wood frame (5),5,wood frame (5),,,,,,
5ea2072fc2aeecdcc61c570b,2.01E+11,8,otc alterations permit,2007-01-09T00:00:00.000,8706,1,255,King,St,altheration to existing fire sprinkler system for fury tales at 225 king st,complete,2007-04-20T00:00:00.000,2007-01-09T00:00:00.000,2007-01-09T00:00:00.000,2007-05-09T00:00:00.000Z,3000,3000,food/beverage hndlng,food/beverage hndlng,2,,,,,1.08E+12,,1,1,0,0,3,constr type 3,3,constr type 3,2007-04-20T00:00:00.000,,,,,
5ea2072fc2aeecdcc61c570c,2.01E+11,8,otc alterations permit,2007-01-09T00:00:00.000,1732,38,1230,19th,Av,install fire alarm system to new building.,complete,2008-01-25T00:00:00.000,2007-01-09T00:00:00.000,2007-01-09T00:00:00.000,2007-07-09T00:00:00.000Z,8000,8000,apartments,apartments,2,4,Inner Sunset,94122,"{'latitude': '37.76475098897441', 'longitude': '-122.476879531183', 'human_address': '{""address"": """", ""city"": """", ""state"": """", ""zip"": """"}'}",1.08E+12,,4,4,3,3,5,wood frame (5),5,wood frame (5),2008-01-25T00:00:00.000,,,,,
5ea2072fc2aeecdcc61c570d,2.01E+11,8,otc alterations permit,2007-01-09T00:00:00.000,1732,38,1230,19th,Av,install fire alarm system to new building.,complete,2008-01-25T00:00:00.000,2007-01-09T00:00:00.000,2007-01-09T00:00:00.000,2007-07-09T00:00:00.000Z,8000,8000,apartments,apartments,2,4,Inner Sunset,94122,"{'latitude': '37.76475098897441', 'longitude': '-122.476879531183', 'human_address': '{""address"": """", ""city"": """", ""state"": """", ""zip"": """"}'}",1.08E+12,,4,4,3,3,5,wood frame (5),5,wood frame (5),2008-01-25T00:00:00.000,,,A,,
5ea2072fc2aeecdcc61c570e,2.01E+11,8,otc alterations permit,2007-01-09T00:00:00.000,1732,38,1230,19th,Av,install fire alarm system to new building.,complete,2008-01-25T00:00:00.000,2007-01-09T00:00:00.000,2007-01-09T00:00:00.000,2007-07-09T00:00:00.000Z,8000,8000,apartments,apartments,2,4,Inner Sunset,94122,"{'latitude': '37.76475098897441', 'longitude': '-122.476879531183', 'human_address': '{""address"": """", ""city"": """", ""state"": """", ""zip"": """"}'}",1.08E+12,,4,4,3,3,5,wood frame (5),5,wood frame (5),2008-01-25T00:00:00.000,,,B,,
5ea2072fc2aeecdcc61c570f,2.01E+11,8,otc alterations permit,2007-01-09T00:00:00.000,3735,59,201,03rd,St,"10th floor - addition/relocation of fire alarm devices to existing fire alarm panel i.i. on the 10th floor. 3 smokes, 16 speakers, 18 strobes.",complete,2007-06-15T00:00:00.000,2007-01-09T00:00:00.000,2007-01-09T00:00:00.000,2007-07-09T00:00:00.000Z,7100,7100,office,office,2,6,Financial District/South Beach,94105,"{'latitude': '37.78505019968743', 'longitude': '-122.39981703570176', 'human_address': '{""address"": """", ""city"": """", ""state"": """", ""zip"": """"}'}",1.08E+12,,12,12,0,0,1,constr type 1,1,constr type 1,2007-06-15T00:00:00.000,,,,,
5ea2072fc2aeecdcc61c5710,2.01E+11,8,otc alterations permit,2007-01-09T00:00:00.000,3501,2,30,Guerrero,St,install fire alarm system to new building.,issued,2007-01-09T00:00:00.000,2007-01-09T00:00:00.000,2007-01-09T00:00:00.000,2007-07-09T00:00:00.000Z,8000,8000,apartments,apartments,2,8,Mission,94103,"{'latitude': '37.770149558214804', 'longitude': '-122.4249916224382', 'human_address': '{""address"": """", ""city"": """", ""state"": """", ""zip"": """"}'}",1.08E+12,,4,4,3,3,5,wood frame (5),5,wood frame (5),,,,,,
5ea2072fc2aeecdcc61c5711,2.01E+11,8,otc alterations permit,2007-01-09T00:00:00.000,3788,44,680,02nd,St,install preaction defection and notification devices to 2nd floor server room #211. pre-action riser located in room 206. 200611147579,complete,2007-07-24T00:00:00.000,2007-01-09T00:00:00.000,2007-01-09T00:00:00.000,2007-05-09T00:00:00.000Z,1000,1000,office,office,2,6,Financial District/South Beach,94107,"{'latitude': '37.78069682790208', 'longitude': '-122.39123177386239', 'human_address': '{""address"": """", ""city"": """", ""state"": """", ""zip"": """"}'}",1.08E+12,,5,5,0,0,4,constr type 4,4,constr type 4,2007-07-24T00:00:00.000,,,,,
5ea2072fc2aeecdcc61c5712,2.01E+11,8,otc alterations permit,2007-01-09T00:00:00.000,238,1,275,Battery,St,"oti-4 8th floor, ls.",complete,2007-01-18T00:00:00.000,2007-01-09T00:00:00.000,2007-01-09T00:00:00.000,2007-07-09T00:00:00.000Z,10000,10000,office,office,2,3,Financial District/South Beach,94104,"{'latitude': '37.79386287007624', 'longitude': '-122.40037373607429', 'human_address': '{""address"": """", ""city"": """", ""state"": """", ""zip"": """"}'}",1.08E+12,0,30,30,0,0,1,constr type 1,1,constr type 1,2007-01-18T00:00:00.000,,,,,
5ea2072fc2aeecdcc61c5713,2.01E+11,8,otc alterations permit,2007-01-09T00:00:00.000,288,31,101,Montgomery,St,"install l/s system modifications at 101 montgomery street, 25th fl, smug. dual sync moduile, stock powerr supply, smoke detectors, ceiling mounted speakers/strobes, ceiling mounted speakers, wall mounted, multi-candela strobes, manual pull station & duct detector.",complete,2007-03-20T00:00:00.000,2007-01-09T00:00:00.000,2007-01-09T00:00:00.000,2007-07-09T00:00:00.000Z,22000,22000,office,office,2,3,Financial District/South Beach,94104,"{'latitude': '37.7904273103482', 'longitude': '-122.4024849891295', 'human_address': '{""address"": """", ""city"": """", ""state"": """", ""zip"": """"}'}",1.08E+11,,28,28,0,0,1,constr type 1,1,constr type 1,2007-03-20T00:00:00.000,,,,,
5ea2072fc2aeecdcc61c5714,2.01E+11,8,otc alterations permit,2007-01-09T00:00:00.000,235,22,50,California,St,replace fan control panel in lobby.,expired,2008-03-10T00:00:00.000,2007-01-09T00:00:00.000,2007-01-09T00:00:00.000,2007-07-09T00:00:00.000Z,25000,25000,office,office,2,3,Financial District/South Beach,94111,"{'latitude': '37.79404266584037', 'longitude': '-122.39735993086317', 'human_address': '{""address"": """", ""city"": """", ""state"": """", ""zip"": """"}'}",1.08E+11,,37,37,0,0,1,constr type 1,1,constr type 1,,,,,,
5ea2072fc2aeecdcc61c5715,2.01E+11,8,otc alterations permit,2007-01-09T00:00:00.000,3708,29,71,Stevenson,St,update fire alarm/speaker-speaker/strobe coverage in the suite 1510 to meet new layout,complete,2007-07-20T00:00:00.000,2007-01-09T00:00:00.000,2007-01-09T00:00:00.000,2007-07-09T00:00:00.000Z,17000,17000,office,office,2,6,Financial District/South Beach,94105,"{'latitude': '37.789151538080056', 'longitude': '-122.39974336319945', 'human_address': '{""address"": """", ""city"": """", ""state"": """", ""zip"": """"}'}",1.08E+12,,23,23,0,0,1,constr type 1,1,constr type 1,2007-07-20T00:00:00.000,,,,,
5ea2072fc2aeecdcc61c5716,2.01E+11,8,otc alterations permit,2007-01-09T00:00:00.000,3717,21,150,Spear,St,"as builts per field inspector. revised  circuuitry from three visual circuits down to two visual circuits, 14th fl",complete,2007-09-12T00:00:00.000,2007-01-09T00:00:00.000,2007-01-09T00:00:00.000,2007-05-09T00:00:00.000Z,1,1,office,office,2,6,Financial District/South Beach,94105,"{'latitude': '37.79175339067497', 'longitude': '-122.39361386013451', 'human_address': '{""address"": """", ""city"": """", ""state"": """", ""zip"": """"}'}",1.08E+12,,17,17,0,0,1,constr type 1,1,constr type 1,2007-09-12T00:00:00.000,,,,,
5ea2072fc2aeecdcc61c5717,2.01E+11,8,otc alterations permit,2007-01-09T00:00:00.000,288,32,333,Bush,St,"oti-3, acheive global, 15th floor, ls.",complete,2007-05-30T00:00:00.000,2007-01-09T00:00:00.000,2007-01-09T00:00:00.000,2007-05-09T00:00:00.000Z,4000,4000,office,office,2,3,Financial District/South Beach,94108,"{'latitude': '37.79057472898199', 'longitude': '-122.4031096060195', 'human_address': '{""address"": """", ""city"": """", ""state"": """", ""zip"": """"}'}",1.08E+12,,44,44,0,0,1,constr type 1,1,constr type 1,2007-05-30T00:00:00.000,,,,,
5ea2072fc2aeecdcc61c5718,2.01E+11,8,otc alterations permit,2007-01-09T00:00:00.000,208,26,601,Montgomery,St,"fire alarm t.i. for all capital on 3/f (partial floor tenant). 1 addressable relay, 3 smoke, 1 duct detector, 5 strobes, 6 speakers.",complete,2007-03-15T00:00:00.000,2007-01-09T00:00:00.000,2007-01-09T00:00:00.000,2007-07-09T00:00:00.000Z,8725.5,8725.5,office,office,2,3,Chinatown,94111,"{'latitude': '37.794836064028274', 'longitude': '-122.40352689641819', 'human_address': '{""address"": """", ""city"": """", ""state"": """", ""zip"": """"}'}",1.08E+11,,20,20,0,0,1,constr type 1,1,constr type 1,2007-03-15T00:00:00.000,,,,,
5ea2072fc2aeecdcc61c5719,2.01E+11,8,otc alterations permit,2007-01-09T00:00:00.000,288,33,333,Bush,St,isolate fireman's phonejack riser.,complete,2007-04-23T00:00:00.000,2007-01-09T00:00:00.000,2007-01-09T00:00:00.000,2007-07-09T00:00:00.000Z,20000,20000,office,office,2,3,Financial District/South Beach,94108,"{'latitude': '37.79057472898199', 'longitude': '-122.4031096060195', 'human_address': '{""address"": """", ""city"": """", ""state"": """", ""zip"": """"}'}",1.08E+11,,44,44,16,16,1,constr type 1,1,constr type 1,2007-04-23T00:00:00.000,,,,,
5ea2072fc2aeecdcc61c571a,2.01E+11,8,otc alterations permit,2007-01-09T00:00:00.000,3717,21,150,Spear,St,"addition jof fire alarm devices for 10th floor, 17- strobes, 5-speakers, 2 smoke dectorrs, 2 control module.",complete,2007-08-21T00:00:00.000,2007-01-09T00:00:00.000,2007-01-09T00:00:00.000,2007-07-09T00:00:00.000Z,8000,8000,office,office,2,6,Financial District/South Beach,94105,"{'latitude': '37.79175339067497', 'longitude': '-122.39361386013451', 'human_address': '{""address"": """", ""city"": """", ""state"": """", ""zip"": """"}'}",1.08E+12,,17,17,0,0,1,constr type 1,1,constr type 1,2007-08-21T00:00:00.000,,,,,
5ea2072fc2aeecdcc61c571b,M53362,8,otc alterations permit,2007-01-09T00:00:00.000,798,8,924,Grove,St,streetspace,issued,2007-01-09T00:00:00.000,2007-01-09T00:00:00.000,2007-01-09T00:00:00.000,,,0,,,,5,Hayes Valley,94117,"{'latitude': '37.77694524405894', 'longitude': '-122.4319717123063', 'human_address': '{""address"": """", ""city"": """", ""state"": """", ""zip"": """"}'}",1.08E+11,,,,,,,,,,,,,,,
5ea2072fc2aeecdcc61c571c,2.01E+11,8,otc alterations permit,2007-01-09T00:00:00.000,479,1,2975,Van Ness,Av,"work @ unit# 1 only. 1 kitchen: upgrade kitchen cab, kitchen sink, flooring & counters. 1 bathroom: upgrade bath tub tiled walls, flooring & plumbing fixtures. in kind. if lighting fixtures being replaced. kitchen 1/2 of wattage to be fluorescent. bathroom to be fluorescant or on occupant sensor.",complete,2007-02-08T00:00:00.000,2007-01-09T00:00:00.000,2007-01-09T00:00:00.000,2007-07-09T00:00:00.000Z,13500,13500,apartments,apartments,0,2,Marina,94123,"{'latitude': '37.80301146358324', 'longitude': '-122.42529094050897', 'human_address': '{""address"": """", ""city"": """", ""state"": """", ""zip"": """"}'}",1.08E+11,,3,3,21,21,5,wood frame (5),5,wood frame (5),2007-02-08T00:00:00.000,,,,,
5ea2072fc2aeecdcc61c571d,2.01E+11,8,otc alterations permit,2007-01-09T00:00:00.000,1529,34,446,16th,Av,"remove & replace 6 windows: 1 casement & 5 double hung. all replacements. are wood & like for like replacements, no change in the size or location of the opening. at front .67 factor min.",issued,2007-01-09T00:00:00.000,2007-01-09T00:00:00.000,2007-01-09T00:00:00.000,2007-07-09T00:00:00.000Z,11552,11552,1 family dwelling,1 family dwelling,0,1,Outer Richmond,94118,"{'latitude': '37.77958527673871', 'longitude': '-122.47470044709362', 'human_address': '{""address"": """", ""city"": """", ""state"": """", ""zip"": """"}'}",1.08E+12,,2,2,1,1,5,wood frame (5),5,wood frame (5),,,,,,
5ea2072fc2aeecdcc61c571e,M53363,8,otc alterations permit,2007-01-09T00:00:00.000,1241,1,1007,Haight,St,street space,issued,2007-01-09T00:00:00.000,2007-01-09T00:00:00.000,2007-01-09T00:00:00.000,,,0,,,,5,Haight Ashbury,94117,"{'latitude': '37.770810677922334', 'longitude': '-122.4389197751698', 'human_address': '{""address"": """", ""city"": """", ""state"": """", ""zip"": """"}'}",10793582383,,,,,,,,,,,,,,,
5ea2072fc2aeecdcc61c571f,M53367,8,otc alterations permit,2007-01-09T00:00:00.000,6247,13,156,Leland,Av,sidewalk permit only.,issued,2007-01-09T00:00:00.000,2007-01-09T00:00:00.000,2007-01-09T00:00:00.000,,,0,,,,10,Visitacion Valley,94134,"{'latitude': '37.7125087366219', 'longitude': '-122.40648054207259', 'human_address': '{""address"": """", ""city"": """", ""state"": """", ""zip"": """"}'}",1.08E+12,,,,,,,,,,,,,,,
5ea2072fc2aeecdcc61c5720,2.01E+11,8,otc alterations permit,2007-01-09T00:00:00.000,0436E,20,3670,Fillmore,St,"work in unit #5- install 5 vinyl windows in kind into existing frames. no change in size or location. windows do not face street. if applicable,  bedroom windows will comply with section 310.4 for rescue. all windows will be double pane and have a u-factor of .30.",issued,2007-01-09T00:00:00.000,2007-01-09T00:00:00.000,2007-01-09T00:00:00.000,2007-05-09T00:00:00.000Z,2375,2375,apartments,apartments,0,2,Marina,94123,"{'latitude': '37.80401532910961', 'longitude': '-122.43658939948662', 'human_address': '{""address"": """", ""city"": """", ""state"": """", ""zip"": """"}'}",1.08E+11,,3,3,7,7,5,wood frame (5),5,wood frame (5),,,,,,
5ea2072fc2aeecdcc61c5721,2.01E+11,8,otc alterations permit,2007-01-09T00:00:00.000,6550,8,16,Clipper,St,renew pa# 2006/07/03/5590 & pa# 2004/07/23/9655 for final inspection only.,complete,2007-09-13T00:00:00.000,2007-01-09T00:00:00.000,2007-01-09T00:00:00.000,2007-05-09T00:00:00.000Z,1,1,2 family dwelling,2 family dwelling,0,8,Noe Valley,94114,"{'latitude': '37.74953910488964', 'longitude': '-122.42542523511317', 'human_address': '{""address"": """", ""city"": """", ""state"": """", ""zip"": """"}'}",1.08E+12,,2,2,2,2,5,wood frame (5),5,wood frame (5),2007-09-13T00:00:00.000,,,,,
5ea2072fc2aeecdcc61c5722,2.01E+11,8,otc alterations permit,2007-01-09T00:00:00.000,6550,8,18,Clipper,St,renew pa# 2006/07/03/5590 & pa# 2004/07/23/9655 for final inspection only.,complete,2007-09-13T00:00:00.000,2007-01-09T00:00:00.000,2007-01-09T00:00:00.000,2007-05-09T00:00:00.000Z,1,1,2 family dwelling,2 family dwelling,0,8,Noe Valley,94114,"{'latitude': '37.74953910488964', 'longitude': '-122.42542523511317', 'human_address': '{""address"": """", ""city"": """", ""state"": """", ""zip"": """"}'}",1.08E+12,,2,2,2,2,5,wood frame (5),5,wood frame (5),2007-09-13T00:00:00.000,,,,,
5ea2072fc2aeecdcc61c5723,2.01E+11,8,otc alterations permit,2007-01-09T00:00:00.000,288,31,101,Montgomery,St,oti-2 25/f me,complete,2007-03-20T00:00:00.000,2007-01-09T00:00:00.000,2007-01-09T00:00:00.000,2008-01-09T00:00:00.000Z,60000,60000,office,office,2,3,Financial District/South Beach,94104,"{'latitude': '37.7904273103482', 'longitude': '-122.4024849891295', 'human_address': '{""address"": """", ""city"": """", ""state"": """", ""zip"": """"}'}",1.08E+11,,28,28,0,0,1,constr type 1,1,constr type 1,2007-03-20T00:00:00.000,,,,,
5ea2072fc2aeecdcc61c5724,M53364,8,otc alterations permit,2007-01-09T00:00:00.000,1431,22,132,Clement,St,sidewalk permit only.,issued,2007-01-09T00:00:00.000,2007-01-09T00:00:00.000,2007-01-09T00:00:00.000,,,0,,,,1,Inner Richmond,94118,"{'latitude': '37.78336295546467', 'longitude': '-122.46077703744595', 'human_address': '{""address"": """", ""city"": """", ""state"": """", ""zip"": """"}'}",1.08E+11,,,,,,,,,,,,,,,
5ea2072fc2aeecdcc61c5725,M53365,8,otc alterations permit,2007-01-09T00:00:00.000,1247,23,1677,Haight,St,sidewalk permit only.,issued,2007-01-09T00:00:00.000,2007-01-09T00:00:00.000,2007-01-09T00:00:00.000,,,0,,,,5,Haight Ashbury,94117,"{'latitude': '37.769358471292236', 'longitude': '-122.4501792520178', 'human_address': '{""address"": """", ""city"": """", ""state"": """", ""zip"": """"}'}",1.08E+11,,,,,,,,,,,,,,,
5ea2072fc2aeecdcc61c5726,M53365,8,otc alterations permit,2007-01-09T00:00:00.000,1247,23,1681,Haight,St,sidewalk permit only.,issued,2007-01-09T00:00:00.000,2007-01-09T00:00:00.000,2007-01-09T00:00:00.000,,,0,,,,5,Haight Ashbury,94117,"{'latitude': '37.769358471292236', 'longitude': '-122.4501792520178', 'human_address': '{""address"": """", ""city"": """", ""state"": """", ""zip"": """"}'}",1.08E+12,,,,,,,,,,,,,,,
5ea2072fc2aeecdcc61c5727,2.01E+11,8,otc alterations permit,2007-01-09T00:00:00.000,1157,002A,1819,Golden Gate,Av,2 kitchen and 2 bathroom remodel apt#3 & 10. no structural work . no lighting work.,complete,2007-05-07T00:00:00.000,2007-01-09T00:00:00.000,2007-01-09T00:00:00.000,2007-07-09T00:00:00.000Z,24000,24000,apartments,apartments,0,5,Western Addition,94115,"{'latitude': '37.77823690321366', 'longitude': '-122.44055193530389', 'human_address': '{""address"": """", ""city"": """", ""state"": """", ""zip"": """"}'}",1.08E+12,,4,4,16,16,5,wood frame (5),5,wood frame (5),2007-05-07T00:00:00.000,,,,,
5ea2072fc2aeecdcc61c5728,2.01E+11,8,otc alterations permit,2007-01-09T00:00:00.000,6551,4,1272,Dolores,St,to comply nov #200683342 (partial) - install 4 2xledger strong back on (e) post @ rear deck/stair as temporary shoring under direction of structural engineer pat buscovich. shoring to be removed after permanent fix under seperate permit.,issued,2007-01-09T00:00:00.000,2007-01-09T00:00:00.000,2007-01-09T00:00:00.000,2007-05-09T00:00:00.000Z,250,250,2 family dwelling,2 family dwelling,0,8,Noe Valley,94114,"{'latitude': '37.74901647528768', 'longitude': '-122.42526578375357', 'human_address': '{""address"": """", ""city"": """", ""state"": """", ""zip"": """"}'}",1.08E+12,,3,3,2,2,5,wood frame (5),5,wood frame (5),,,,,,
5ea2072fc2aeecdcc61c5729,2.01E+11,8,otc alterations permit,2007-01-09T00:00:00.000,6551,4,1274,Dolores,St,to comply nov #200683342 (partial) - install 4 2xledger strong back on (e) post @ rear deck/stair as temporary shoring under direction of structural engineer pat buscovich. shoring to be removed after permanent fix under seperate permit.,issued,2007-01-09T00:00:00.000,2007-01-09T00:00:00.000,2007-01-09T00:00:00.000,2007-05-09T00:00:00.000Z,250,250,2 family dwelling,2 family dwelling,0,8,Noe Valley,94114,"{'latitude': '37.74901647528768', 'longitude': '-122.42526578375357', 'human_address': '{""address"": """", ""city"": """", ""state"": """", ""zip"": """"}'}",1.08E+12,,3,3,2,2,5,wood frame (5),5,wood frame (5),,,,,,
5ea2072fc2aeecdcc61c572a,M53366,8,otc alterations permit,2007-01-09T00:00:00.000,179,010A,818,Jackson,St,street space,issued,2007-01-09T00:00:00.000,2007-01-09T00:00:00.000,2007-01-09T00:00:00.000,,,0,,,,3,Chinatown,94133,"{'latitude': '37.7959171279956', 'longitude': '-122.4086451446356', 'human_address': '{""address"": """", ""city"": """", ""state"": """", ""zip"": """"}'}",1.08E+11,,,,,,,,,,,,,,,
5ea2072fc2aeecdcc61c572b,2.01E+11,8,otc alterations permit,2007-01-09T00:00:00.000,1105,26,100,Masonic,Av,new fire alarm system 1-3 floors,issued,2007-01-09T00:00:00.000,2007-01-09T00:00:00.000,2007-01-09T00:00:00.000,2007-07-09T00:00:00.000Z,6500,6500,nursing home lte 6,nursing home lte 6,2,2,Lone Mountain/USF,94118,"{'latitude': '37.78068531725114', 'longitude': '-122.44687919369679', 'human_address': '{""address"": """", ""city"": """", ""state"": """", ""zip"": """"}'}",1.08E+11,,3,3,0,0,2,constr type 2,2,constr type 2,,,,,,
5ea2072fc2aeecdcc61c572c,2.01E+11,3,additions alterations or repairs,2007-01-09T00:00:00.000,3546,2,370,Valencia,St,"""as built"" drawings being submmitd per the direction of the sffd field inspector. all changes clouded in revised plans submitted (2) revised plan sets. (1)  original approved plan set app#20031208184455 thru 20031208185955.",complete,2007-04-23T00:00:00.000,2007-01-09T00:00:00.000,2007-03-06T00:00:00.000,2007-07-06T00:00:00.000Z,100,100,apartments,apartments,2,8,Mission,94103,"{'latitude': '37.7670971405869', 'longitude': '-122.42320933961997', 'human_address': '{""address"": """", ""city"": """", ""state"": """", ""zip"": """"}'}",1.08E+12,0,4,4,260,260,5,wood frame (5),5,wood frame (5),2007-04-23T00:00:00.000,,,,,
5ea2072fc2aeecdcc61c572d,2.01E+11,3,additions alterations or repairs,2007-01-09T00:00:00.000,3546,2,390,Valencia,St,"""as built"" drawings being submmitd per the direction of the sffd field inspector. all changes clouded in revised plans submitted (2) revised plan sets. (1)  original approved plan set app#20031208184455 thru 20031208185955.",complete,2007-04-23T00:00:00.000,2007-01-09T00:00:00.000,2007-03-06T00:00:00.000,2007-07-06T00:00:00.000Z,100,100,apartments,apartments,2,8,Mission,94103,"{'latitude': '37.7670971405869', 'longitude': '-122.42320933961997', 'human_address': '{""address"": """", ""city"": """", ""state"": """", ""zip"": """"}'}",1.08E+12,,4,4,260,260,5,wood frame (5),5,wood frame (5),2007-04-23T00:00:00.000,,,,,
5ea2072fc2aeecdcc61c572e,2.01E+11,8,otc alterations permit,2007-01-09T00:00:00.000,7549,10,210,Moffitt,St,"remodel existing kitchen and two bathrooms, replce some windows & doors windows not visible from street, windows u factor =0.42",complete,2007-08-07T00:00:00.000,2007-01-09T00:00:00.000,2007-01-09T00:00:00.000,2007-07-09T00:00:00.000Z,16000,19000,1 family dwelling,1 family dwelling,2,8,Glen Park,94131,"{'latitude': '37.73855822003928', 'longitude': '-122.43427017734508', 'human_address': '{""address"": """", ""city"": """", ""state"": """", ""zip"": """"}'}",1.08E+12,,3,3,1,1,5,wood frame (5),5,wood frame (5),2007-08-07T00:00:00.000,,,,,
5ea2072fc2aeecdcc61c572f,2.01E+11,8,otc alterations permit,2007-01-09T00:00:00.000,289,5,120,Montgomery,St,install a voice message module onto the existing life safety system. this will allow the system to activate a pre-recorded warning/evacuation message automatically to the fire alarm speakers. no new field devices or electrical work is req with this project.,expired,2009-04-07T00:00:00.000,2007-01-09T00:00:00.000,2007-01-09T00:00:00.000,2007-07-09T00:00:00.000Z,6000,6000,office,office,2,3,Financial District/South Beach,94104,"{'latitude': '37.79034626108446', 'longitude': '-122.40185018922449', 'human_address': '{""address"": """", ""city"": """", ""state"": """", ""zip"": """"}'}",1.08E+11,,25,25,0,0,1,constr type 1,1,constr type 1,,,,,,
5ea2072fc2aeecdcc61c5730,M53368,8,otc alterations permit,2007-01-09T00:00:00.000,221,32,1265,Clay,St,sidewalk permit only.,issued,2007-01-09T00:00:00.000,2007-01-09T00:00:00.000,2007-01-09T00:00:00.000,,,0,,,,3,Nob Hill,94108,"{'latitude': '37.79316037415538', 'longitude': '-122.41377493356613', 'human_address': '{""address"": """", ""city"": """", ""state"": """", ""zip"": """"}'}",1.08E+12,,,,,,,,,,,,,,,
5ea2072fc2aeecdcc61c5731,M53369,8,otc alterations permit,2007-01-09T00:00:00.000,200,14,460,Davis,St,street space permit only.,issued,2007-01-09T00:00:00.000,2007-01-09T00:00:00.000,2007-01-09T00:00:00.000,,,0,,,,3,Financial District/South Beach,94111,"{'latitude': '37.79669693582685', 'longitude': '-122.39777129258873', 'human_address': '{""address"": """", ""city"": """", ""state"": """", ""zip"": """"}'}",1.08E+12,,,,,,,,,,,,,,,
5ea2072fc2aeecdcc61c5732,2.01E+11,8,otc alterations permit,2007-01-09T00:00:00.000,3182,22,106,Edna,St,"replace 18' mudsill on north foundation. bolt mudsill on north foundation 3/4"" bolt 3/4 nut. /2"" washer 6"" from edge every 4'. 24 ft x4ft sheerwall on north garage wall  3/4"" penny nails 12' field & remove window on north east garage wall-replace siding in fill wall.",complete,2007-03-29T00:00:00.000,2007-01-09T00:00:00.000,2007-01-09T00:00:00.000,2007-05-09T00:00:00.000Z,1000,1000,1 family dwelling,1 family dwelling,0,7,West of Twin Peaks,94112,"{'latitude': '37.72766312661256', 'longitude': '-122.44627686117192', 'human_address': '{""address"": """", ""city"": """", ""state"": """", ""zip"": """"}'}",1.08E+12,,3,3,1,1,5,wood frame (5),5,wood frame (5),2007-03-29T00:00:00.000,,,,,
5ea2072fc2aeecdcc61c5733,2.01E+11,8,otc alterations permit,2007-01-09T00:00:00.000,3633,19,1007,Guerrero,St,interior tenant improvement for an extg restaurant work included. add a restroom and service counter/cashier to comply with accessibility requirments. also provide access. entrance with a power door operator as required,complete,2007-02-15T00:00:00.000,2007-01-09T00:00:00.000,2007-01-09T00:00:00.000,2008-01-09T00:00:00.000Z,27950,27950,food/beverage hndlng,food/beverage hndlng,2,8,Mission,94110,"{'latitude': '37.754941013604814', 'longitude': '-122.4229300094842', 'human_address': '{""address"": """", ""city"": """", ""state"": """", ""zip"": """"}'}",1.08E+12,,2,2,4,4,5,wood frame (5),5,wood frame (5),2007-02-15T00:00:00.000,,,,,
5ea2072fc2aeecdcc61c5734,M53370,8,otc alterations permit,2007-01-09T00:00:00.000,805,17,780,Hayes,St,sidewalk permit only.,issued,2007-01-09T00:00:00.000,2007-01-09T00:00:00.000,2007-01-09T00:00:00.000,,,0,,,,5,Hayes Valley,94102,"{'latitude': '37.776273943124366', 'longitude': '-122.4292539238226', 'human_address': '{""address"": """", ""city"": """", ""state"": """", ""zip"": """"}'}",1.08E+11,,,,,,,,,,,,,,,
5ea2072fc2aeecdcc61c5735,M53370,8,otc alterations permit,2007-01-09T00:00:00.000,805,17,788,Hayes,St,sidewalk permit only.,issued,2007-01-09T00:00:00.000,2007-01-09T00:00:00.000,2007-01-09T00:00:00.000,,,0,,,,5,Hayes Valley,94102,"{'latitude': '37.776273943124366', 'longitude': '-122.4292539238226', 'human_address': '{""address"": """", ""city"": """", ""state"": """", ""zip"": """"}'}",1.08E+12,0,,,,,,,,,,,,,,
5ea2072fc2aeecdcc61c5736,M53371,8,otc alterations permit,2007-01-09T00:00:00.000,3210,22,215,Otsego,Av,sidewalk repair,issued,2007-01-09T00:00:00.000,2007-01-09T00:00:00.000,2007-01-09T00:00:00.000,,,0,,,,11,Outer Mission,94112,"{'latitude': '37.724227700505466', 'longitude': '-122.44027328663833', 'human_address': '{""address"": """", ""city"": """", ""state"": """", ""zip"": """"}'}",1.08E+12,,,,,,,,,,,,,,,
5ea2072fc2aeecdcc61c5737,M53372,8,otc alterations permit,2007-01-09T00:00:00.000,6246,10,234,Leland,Av,sidewalk permit only.,issued,2007-01-09T00:00:00.000,2007-01-09T00:00:00.000,2007-01-09T00:00:00.000,,,0,,,,10,Visitacion Valley,94134,"{'latitude': '37.71296718404352', 'longitude': '-122.40803912225935', 'human_address': '{""address"": """", ""city"": """", ""state"": """", ""zip"": """"}'}",1.08E+12,,,,,,,,,,,,,,,
5ea2072fc2aeecdcc61c5738,M53373,8,otc alterations permit,2007-01-09T00:00:00.000,1381,39,2023,Lake,St,street space permit only.,issued,2007-01-09T00:00:00.000,2007-01-09T00:00:00.000,2007-01-09T00:00:00.000,,,0,,,,1,Outer Richmond,94121,"{'latitude': '37.78567519132993', 'longitude': '-122.48125580862286', 'human_address': '{""address"": """", ""city"": """", ""state"": """", ""zip"": """"}'}",1.08E+11,,,,,,,,,,,,,,,
5ea2072fc2aeecdcc61c5739,2.01E+11,8,otc alterations permit,2007-01-09T00:00:00.000,3148,6,2,Norton,St,reroofing.,expired,2007-09-25T00:00:00.000,2007-01-09T00:00:00.000,2007-01-09T00:00:00.000,2007-07-09T00:00:00.000Z,7300,7300,apartments,apartments,0,11,Outer Mission,94112,"{'latitude': '37.72480483951474', 'longitude': '-122.43507398658086', 'human_address': '{""address"": """", ""city"": """", ""state"": """", ""zip"": """"}'}",1.08E+12,,,,,,,,,,,,,,,
5ea2072fc2aeecdcc61c573a,2.01E+11,8,otc alterations permit,2007-01-09T00:00:00.000,3148,6,4,Norton,St,reroofing.,expired,2007-09-25T00:00:00.000,2007-01-09T00:00:00.000,2007-01-09T00:00:00.000,2007-07-09T00:00:00.000Z,7300,7300,apartments,apartments,0,11,Outer Mission,94112,"{'latitude': '37.72480483951474', 'longitude': '-122.43507398658086', 'human_address': '{""address"": """", ""city"": """", ""state"": """", ""zip"": """"}'}",1.08E+12,,,,,,,,,,,,,,,
5ea2072fc2aeecdcc61c573b,2.01E+11,8,otc alterations permit,2007-01-09T00:00:00.000,6089,30,519,Edinburg,St,"(n) family room (n) bedroom (n) bathroom at garage level. drop floor level to provide min 7'6"" headroom.",complete,2007-07-24T00:00:00.000,2007-01-09T00:00:00.000,2007-01-09T00:00:00.000,2008-01-09T00:00:00.000Z,58000,58000,1 family dwelling,1 family dwelling,2,11,Excelsior,94112,"{'latitude': '37.720782273796104', 'longitude': '-122.43200736480587', 'human_address': '{""address"": """", ""city"": """", ""state"": """", ""zip"": """"}'}",1.08E+12,,2,2,1,1,5,wood frame (5),5,wood frame (5),2007-07-24T00:00:00.000,,,,,
5ea2072fc2aeecdcc61c573c,M53374,8,otc alterations permit,2007-01-09T00:00:00.000,471,002D,1530,Francisco,St,street space permit only.,issued,2007-01-09T00:00:00.000,2007-01-09T00:00:00.000,2007-01-09T00:00:00.000,,,0,,,,2,Marina,94123,"{'latitude': '37.80273917668318', 'longitude': '-122.43048958220518', 'human_address': '{""address"": """", ""city"": """", ""state"": """", ""zip"": """"}'}",1.08E+11,,,,,,,,,,,,,,,
5ea2072fc2aeecdcc61c573d,2.01E+11,8,otc alterations permit,2007-01-09T00:00:00.000,233,44,4,Embarcadero Center,,"revision- ti on fire spkr system (upgrade) sandler foundation suite 3150 (#3327) relocate -1 o hd, 1 add, 1 delete total 11 hd revision to 200611308787",complete,2007-03-13T00:00:00.000,2007-01-09T00:00:00.000,2007-01-09T00:00:00.000,2007-05-09T00:00:00.000Z,1000,1000,office,office,2,3,Financial District/South Beach,94111,"{'latitude': '37.79506002552974', 'longitude': '-122.39593224461805', 'human_address': '{""address"": """", ""city"": """", ""state"": """", ""zip"": """"}'}",1.08E+11,,34,34,0,0,1,constr type 1,1,constr type 1,2007-03-13T00:00:00.000,,,,,
5ea2072fc2aeecdcc61c573e,2.01E+11,8,otc alterations permit,2007-01-09T00:00:00.000,264,4,1,California,St,oti-3 24th floor ls,complete,2007-03-02T00:00:00.000,2007-01-09T00:00:00.000,2007-01-09T00:00:00.000,2007-07-09T00:00:00.000Z,8000,8000,office,office,2,3,Financial District/South Beach,94111,"{'latitude': '37.79311984802232', 'longitude': '-122.39697498027529', 'human_address': '{""address"": """", ""city"": """", ""state"": """", ""zip"": """"}'}",1.08E+11,,37,37,0,0,1,constr type 1,1,constr type 1,2007-03-02T00:00:00.000,,,,,
5ea2072fc2aeecdcc61c573f,2.01E+11,8,otc alterations permit,2007-01-09T00:00:00.000,2769,47,465,Diamond,St,"remove portion of deck (appl#200609212988). pour concrete slab for new hot tub, install hot tub (pre manufactured). rebuild deck per plan.",complete,2007-04-23T00:00:00.000,2007-01-09T00:00:00.000,2007-01-09T00:00:00.000,2007-07-09T00:00:00.000Z,7000,7000,1 family dwelling,1 family dwelling,2,8,Noe Valley,94114,"{'latitude': '37.755008328406134', 'longitude': '-122.43630873980348', 'human_address': '{""address"": """", ""city"": """", ""state"": """", ""zip"": """"}'}",1.08E+12,,3,3,1,1,5,wood frame (5),5,wood frame (5),2007-04-23T00:00:00.000,Y,,,,
5ea2072fc2aeecdcc61c5740,2.01E+11,8,otc alterations permit,2007-01-09T00:00:00.000,6524,31,2927,Folsom,St,repair water damage to 4 bathrooms & new shower pans as needed. repair drywall + stop water leak in ceiling. new floor + covering apply wet patch to roof initially. minor dry rot repair. repair roof less than  25%. all work in bathroom  area. repair handrailing /rear side deck  + windows. per nov#,expired,2010-01-20T00:00:00.000,2007-01-09T00:00:00.000,2007-01-09T00:00:00.000,2008-01-09T00:00:00.000Z,28000,28000,apartments,apartments,0,9,Mission,94110,"{'latitude': '37.750407928650176', 'longitude': '-122.41354289963427', 'human_address': '{""address"": """", ""city"": """", ""state"": """", ""zip"": """"}'}",1.08E+12,,2,2,4,4,5,wood frame (5),5,wood frame (5),,,,,,
5ea2072fc2aeecdcc61c5741,2.01E+11,8,otc alterations permit,2007-01-09T00:00:00.000,266,9,1,Front,St,oti-1 13th floor el me ls sp,complete,2007-03-20T00:00:00.000,2007-01-09T00:00:00.000,2007-01-09T00:00:00.000,2008-01-09T00:00:00.000Z,150000,150000,office,office,2,3,Financial District/South Beach,94111,"{'latitude': '37.79175821447036', 'longitude': '-122.39891194475122', 'human_address': '{""address"": """", ""city"": """", ""state"": """", ""zip"": """"}'}",1.08E+12,,33,33,0,0,1,constr type 1,1,constr type 1,2007-03-20T00:00:00.000,,,,,
5ea2072fc2aeecdcc61c5742,2.01E+11,8,otc alterations permit,2007-01-09T00:00:00.000,6524,31,2929,Folsom,St,repair water damage to 4 bathrooms & new shower pans as needed. repair drywall + stop water leak in ceiling. new floor + covering apply wet patch to roof initially. minor dry rot repair. repair roof less than  25%. all work in bathroom  area. repair handrailing /rear side deck  + windows. per nov#,expired,2010-01-20T00:00:00.000,2007-01-09T00:00:00.000,2007-01-09T00:00:00.000,2008-01-09T00:00:00.000Z,28000,28000,apartments,apartments,0,9,Mission,94110,"{'latitude': '37.750407928650176', 'longitude': '-122.41354289963427', 'human_address': '{""address"": """", ""city"": """", ""state"": """", ""zip"": """"}'}",1.08E+12,0,2,2,4,4,5,wood frame (5),5,wood frame (5),,,,,,
5ea2072fc2aeecdcc61c5743,2.01E+11,8,otc alterations permit,2007-01-09T00:00:00.000,2424,2,2507,23rd,Av,"ieterior remodel to exiting br & ba, repave  existing driveway, eindow replacement wood to wood clad, bathroom lighting to be fluorescant ot on occupant sensor",expired,2007-11-07T00:00:00.000,2007-01-09T00:00:00.000,2007-01-09T00:00:00.000,2007-07-09T00:00:00.000Z,20000,20000,1 family dwelling,1 family dwelling,2,4,Sunset/Parkside,94116,"{'latitude': '37.740751772219284', 'longitude': '-122.4801338178756', 'human_address': '{""address"": """", ""city"": """", ""state"": """", ""zip"": """"}'}",1.08E+12,,2,2,1,1,5,wood frame (5),5,wood frame (5),,,,,,
5ea2072fc2aeecdcc61c5744,2.01E+11,8,otc alterations permit,2007-01-09T00:00:00.000,230,28,1,Embarcadero Center,,"ti upgrade on fire sprinkler system (3355) fisher and phillips llp relocate 10 hd add 1, delete 1, total 11 heads",complete,2007-01-30T00:00:00.000,2007-01-09T00:00:00.000,2007-01-09T00:00:00.000,2007-05-09T00:00:00.000Z,2200,2200,office,office,2,3,Financial District/South Beach,94111,"{'latitude': '37.79464865862657', 'longitude': '-122.39964659799554', 'human_address': '{""address"": """", ""city"": """", ""state"": """", ""zip"": """"}'}",1.08E+11,,45,45,0,0,1,constr type 1,1,constr type 1,2007-01-30T00:00:00.000,,,,,
5ea2072fc2aeecdcc61c5745,2.01E+11,8,otc alterations permit,2007-01-09T00:00:00.000,5518,16,3161,Mission,St,convert coffee shop to real estate office and build new toilet.,expired,2008-04-29T00:00:00.000,2007-01-09T00:00:00.000,2007-01-09T00:00:00.000,2007-07-09T00:00:00.000Z,10500,10500,food/beverage hndlng,office,2,9,Bernal Heights,94110,"{'latitude': '37.746402226807156', 'longitude': '-122.4190360690004', 'human_address': '{""address"": """", ""city"": """", ""state"": """", ""zip"": """"}'}",1.08E+12,,3,3,2,2,5,wood frame (5),5,wood frame (5),,,,,,
5ea2072fc2aeecdcc61c5746,2.01E+11,8,otc alterations permit,2007-01-09T00:00:00.000,5518,16,3163,Mission,St,convert coffee shop to real estate office and build new toilet.,expired,2008-04-29T00:00:00.000,2007-01-09T00:00:00.000,2007-01-09T00:00:00.000,2007-07-09T00:00:00.000Z,10500,10500,food/beverage hndlng,office,2,9,Bernal Heights,94110,"{'latitude': '37.746402226807156', 'longitude': '-122.4190360690004', 'human_address': '{""address"": """", ""city"": """", ""state"": """", ""zip"": """"}'}",1.08E+12,,3,3,2,2,5,wood frame (5),5,wood frame (5),,,,,,
5ea2072fc2aeecdcc61c5747,2.01E+11,3,additions alterations or repairs,2007-01-09T00:00:00.000,3587,68,3620,19th,St,bldg #1 - to install new fire sprinkler system.,complete,2009-04-01T00:00:00.000,2007-01-09T00:00:00.000,2007-04-09T00:00:00.000,2007-10-09T00:00:00.000Z,5600,10222,1 family dwelling,1 family dwelling,2,8,Mission,94110,"{'latitude': '37.76097097433914', 'longitude': '-122.4246494685078', 'human_address': '{""address"": """", ""city"": """", ""state"": """", ""zip"": """"}'}",1.08E+12,,2,2,1,1,5,wood frame (5),5,wood frame (5),2009-04-01T00:00:00.000,,,,,
5ea2072fc2aeecdcc61c5748,2.01E+11,3,additions alterations or repairs,2007-01-09T00:00:00.000,3587,70,3620,19th,St,bldg #1 - to install new fire sprinkler system.,complete,2009-04-01T00:00:00.000,2007-01-09T00:00:00.000,2007-04-09T00:00:00.000,2007-10-09T00:00:00.000Z,5600,10222,1 family dwelling,1 family dwelling,2,8,Mission,94110,"{'latitude': '37.761014018841514', 'longitude': '-122.42432525968303', 'human_address': '{""address"": """", ""city"": """", ""state"": """", ""zip"": """"}'}",1.08E+12,,2,2,1,1,5,wood frame (5),5,wood frame (5),2009-04-01T00:00:00.000,,,,,
5ea2072fc2aeecdcc61c5749,2.01E+11,4,sign - erect,2007-01-09T00:00:00.000,543,33,1823,Union,St,"erect: electric, wall, single faced, direct new sign, with street space",complete,2007-04-12T00:00:00.000,2007-01-09T00:00:00.000,2007-01-09T00:00:00.000,2007-05-09T00:00:00.000Z,,2500,retail sales,,2,2,Marina,94123,"{'latitude': '37.79758752191632', 'longitude': '-122.42929470527024', 'human_address': '{""address"": """", ""city"": """", ""state"": """", ""zip"": """"}'}",1.08E+12,,3,,0,,5,wood frame (5),,,2007-04-12T00:00:00.000,,,,,
5ea2072fc2aeecdcc61c574a,M53402,8,otc alterations permit,2007-01-09T00:00:00.000,3729,57,251,09th,St,sidewalk permit,issued,2007-01-09T00:00:00.000,2007-01-09T00:00:00.000,2007-01-09T00:00:00.000,,,0,,,,6,South of Market,94103,"{'latitude': '37.774508876514055', 'longitude': '-122.41217066101979', 'human_address': '{""address"": """", ""city"": """", ""state"": """", ""zip"": """"}'}",1.08E+12,,,,,,,,,,,,,,,
5ea2072fc2aeecdcc61c574b,2.01E+11,8,otc alterations permit,2007-01-09T00:00:00.000,3708,28,71,Stevenson,St,"oti-2 el, floor 15",complete,2007-07-20T00:00:00.000,2007-01-09T00:00:00.000,2007-01-09T00:00:00.000,2008-01-09T00:00:00.000Z,34750,34750,office,office,2,6,Financial District/South Beach,94105,"{'latitude': '37.789384040303595', 'longitude': '-122.39965936842863', 'human_address': '{""address"": """", ""city"": """", ""state"": """", ""zip"": """"}'}",1.08E+12,,1,1,0,0,2,constr type 2,2,constr type 2,2007-07-20T00:00:00.000,,,,,
5ea2072fc2aeecdcc61c574c,2.01E+11,4,sign - erect,2007-01-09T00:00:00.000,3705,42,865,Market,St,"unit #222 - sign permit - non-electric, projecting, double faced.",issued,2007-01-09T00:00:00.000,2007-01-09T00:00:00.000,2007-01-09T00:00:00.000,2007-05-09T00:00:00.000Z,,400,retail sales,,2,6,South of Market,94103,"{'latitude': '37.78394695457302', 'longitude': '-122.40715830829208', 'human_address': '{""address"": """", ""city"": """", ""state"": """", ""zip"": """"}'}",1.08E+12,,10,,0,,1,constr type 1,,,,,,,,
5ea2072fc2aeecdcc61c574d,2.01E+11,7,wall or painted sign,2007-01-09T00:00:00.000,3705,42,865,Market,St,"painter or other non structural sign:  non electric, wall, single faced, doorwindow, new sign , non illuminated, with street space",issued,2007-01-09T00:00:00.000,2007-01-09T00:00:00.000,2007-01-09T00:00:00.000,2007-05-09T00:00:00.000Z,,200,,,2,6,South of Market,94103,"{'latitude': '37.78394695457302', 'longitude': '-122.40715830829208', 'human_address': '{""address"": """", ""city"": """", ""state"": """", ""zip"": """"}'}",1.08E+12,,,,,,,,,,,,,,,
5ea2072fc2aeecdcc61c574e,2.01E+11,8,otc alterations permit,2007-01-09T00:00:00.000,1049,18,1708,Broderick,St,reroofing.,issued,2007-01-09T00:00:00.000,2007-01-09T00:00:00.000,2007-01-09T00:00:00.000,2007-05-09T00:00:00.000Z,3000,3000,2 family dwelling,2 family dwelling,0,2,Pacific Heights,94115,"{'latitude': '37.786326217915956', 'longitude': '-122.44157315415657', 'human_address': '{""address"": """", ""city"": """", ""state"": """", ""zip"": """"}'}",1.08E+11,,,,,,,,,,,,,,,
5ea2072fc2aeecdcc61c574f,2.01E+11,8,otc alterations permit,2007-01-09T00:00:00.000,6341,028D,701,Edinburg,St,upgrading electrical wiring on second floor.,expired,2008-06-13T00:00:00.000,2007-01-09T00:00:00.000,2007-01-09T00:00:00.000,2007-07-09T00:00:00.000Z,15000,15000,1 family dwelling,1 family dwelling,0,11,Excelsior,94112,"{'latitude': '37.7179220322516', 'longitude': '-122.43421718744919', 'human_address': '{""address"": """", ""city"": """", ""state"": """", ""zip"": """"}'}",1.08E+12,,2,2,1,1,5,wood frame (5),5,wood frame (5),,,,,,
5ea2072fc2aeecdcc61c5750,2.01E+11,8,otc alterations permit,2007-01-09T00:00:00.000,1049,18,1708,Broderick,St,"1/2"" cdx plywood over skip roof. (8d) 6"" x 12"". 6"" on edges 12"" in field.",issued,2007-01-09T00:00:00.000,2007-01-09T00:00:00.000,2007-01-09T00:00:00.000,2007-05-09T00:00:00.000Z,2200,2200,2 family dwelling,2 family dwelling,0,2,Pacific Heights,94115,"{'latitude': '37.786326217915956', 'longitude': '-122.44157315415657', 'human_address': '{""address"": """", ""city"": """", ""state"": """", ""zip"": """"}'}",1.08E+11,,2,2,2,2,5,wood frame (5),5,wood frame (5),,,,,,
5ea2072fc2aeecdcc61c5751,2.01E+11,4,sign - erect,2007-01-09T00:00:00.000,3705,42,865,Market,St,"space 222 - sign permit - electric, wall, single faced.",issued,2007-01-09T00:00:00.000,2007-01-09T00:00:00.000,2007-01-09T00:00:00.000,2007-05-09T00:00:00.000Z,,900,retail sales,,2,6,South of Market,94103,"{'latitude': '37.78394695457302', 'longitude': '-122.40715830829208', 'human_address': '{""address"": """", ""city"": """", ""state"": """", ""zip"": """"}'}",1.08E+12,,10,,0,,1,constr type 1,,,,,,,,
5ea2072fc2aeecdcc61c5752,2.01E+11,3,additions alterations or repairs,2007-01-09T00:00:00.000,515,1,3199,Fillmore,St,strengthening the 2nd floor joist in 2/f prep kitchen as noted on plan. no exterior work and plumbing or electrical work.,complete,2007-10-23T00:00:00.000,2007-01-09T00:00:00.000,2007-04-06T00:00:00.000,2007-10-06T00:00:00.000Z,10000,18000,food/beverage hndlng,food/beverage hndlng,2,2,Marina,94123,"{'latitude': '37.79879059544053', 'longitude': '-122.43612948088338', 'human_address': '{""address"": """", ""city"": """", ""state"": """", ""zip"": """"}'}",1.08E+12,,2,2,0,0,5,wood frame (5),5,wood frame (5),2007-10-23T00:00:00.000,,,,,
5ea2072fc2aeecdcc61c5753,M53382,8,otc alterations permit,2007-01-09T00:00:00.000,867,28,479,Waller,St,street space & sidewalk permit only.,issued,2007-01-09T00:00:00.000,2007-01-09T00:00:00.000,2007-01-09T00:00:00.000,,,0,,,,5,Hayes Valley,94117,"{'latitude': '37.77083879854087', 'longitude': '-122.43142991363601', 'human_address': '{""address"": """", ""city"": """", ""state"": """", ""zip"": """"}'}",1.08E+11,,,,,,,,,,,,,,,
5ea2072fc2aeecdcc61c5754,2.01E+11,8,otc alterations permit,2007-01-09T00:00:00.000,263,11,101,California,St,"oti-1 15th floor, advamced equities. el, me, ls, sp",complete,2007-03-26T00:00:00.000,2007-01-09T00:00:00.000,2007-01-09T00:00:00.000,2009-01-09T00:00:00.000Z,350000,350000,office,office,2,3,Financial District/South Beach,94111,"{'latitude': '37.79294896729476', 'longitude': '-122.39809861205246', 'human_address': '{""address"": """", ""city"": """", ""state"": """", ""zip"": """"}'}",1.08E+11,,36,36,0,0,1,constr type 1,1,constr type 1,2007-03-26T00:00:00.000,,,,,
5ea2072fc2aeecdcc61c5755,2.01E+11,8,otc alterations permit,2007-01-09T00:00:00.000,288,32,333,Bush,St,"t/i upgrade on fire spkr-sys. for achieve global 15th fl (#3337). 13 reloc. -2 add,3 deletes. 15 total.",complete,2007-05-30T00:00:00.000,2007-01-09T00:00:00.000,2007-01-09T00:00:00.000,2007-05-09T00:00:00.000Z,3000,3000,office,office,2,3,Financial District/South Beach,94108,"{'latitude': '37.79057472898199', 'longitude': '-122.4031096060195', 'human_address': '{""address"": """", ""city"": """", ""state"": """", ""zip"": """"}'}",1.08E+12,,44,44,45,45,1,constr type 1,1,constr type 1,2007-05-30T00:00:00.000,,,,,
5ea2072fc2aeecdcc61c5756,2.01E+11,3,additions alterations or repairs,2007-01-09T00:00:00.000,8721,12,455,Mission Bay Blvd South,,drive (24) indicator test piles on vacant lot for soils and structural testing (steel piles).,expired,2009-11-17T00:00:00.000,2007-01-09T00:00:00.000,2007-01-23T00:00:00.000,2008-01-23T00:00:00.000Z,27000,280400,vacant lot,vacant lot,2,6,Mission Bay,94158,"{'latitude': '37.76981670037508', 'longitude': '-122.38847397685545', 'human_address': '{""address"": """", ""city"": """", ""state"": """", ""zip"": """"}'}",1.08E+12,,0,0,0,0,,,,,,,,,,
5ea2072fc2aeecdcc61c5757,2.01E+11,8,otc alterations permit,2007-01-09T00:00:00.000,2449,29,2680,Great,Hy,change out 2 windows with vinyl retrofit windows. (e) aluminium. in kind. .67 u factor min.,issued,2007-01-09T00:00:00.000,2007-01-09T00:00:00.000,2007-01-09T00:00:00.000,2007-05-09T00:00:00.000Z,3694.5,3694.5,1 family dwelling,1 family dwelling,0,4,Sunset/Parkside,94116,"{'latitude': '37.73657815097154', 'longitude': '-122.50597268964073', 'human_address': '{""address"": """", ""city"": """", ""state"": """", ""zip"": """"}'}",1.08E+12,,2,2,1,1,5,wood frame (5),5,wood frame (5),,,,,,
5ea2072fc2aeecdcc61c5758,2.01E+11,8,otc alterations permit,2007-01-09T00:00:00.000,5337,5,7,Bridgeview,Dr,change out 3 windows with retrofit windows. (e) aluminium to vinyl. 0.67 u factor min.,complete,2007-03-29T00:00:00.000,2007-01-09T00:00:00.000,2007-01-09T00:00:00.000,2007-07-09T00:00:00.000Z,6894,6894,1 family dwelling,1 family dwelling,0,10,Bayview Hunters Point,94124,"{'latitude': '37.734082158600756', 'longitude': '-122.39424868423647', 'human_address': '{""address"": """", ""city"": """", ""state"": """", ""zip"": """"}'}",1.08E+12,,2,2,1,1,5,wood frame (5),5,wood frame (5),2007-03-29T00:00:00.000,,,,,
5ea2072fc2aeecdcc61c5759,2.01E+11,8,otc alterations permit,2007-01-09T00:00:00.000,240,16,550,Kearny,St,"t.i upgrade on fire spkr sys. dwa 9th flr (#3334) reloc-32, add-2, delete-2.",complete,2007-03-26T00:00:00.000,2007-01-09T00:00:00.000,2007-01-09T00:00:00.000,2007-07-09T00:00:00.000Z,6800,6800,office,office,2,3,Financial District/South Beach,94104,"{'latitude': '37.793341458615394', 'longitude': '-122.40421611613698', 'human_address': '{""address"": """", ""city"": """", ""state"": """", ""zip"": """"}'}",1.08E+12,,10,10,0,0,1,constr type 1,1,constr type 1,2007-03-26T00:00:00.000,,,,,
5ea2072fc2aeecdcc61c575a,2.01E+11,8,otc alterations permit,2007-01-09T00:00:00.000,5343,015C,76,Bay View,St,change out 2 windows aluminium to vinyl in kind. u factor: 0.67 min.,expired,2007-07-02T00:00:00.000,2007-01-09T00:00:00.000,2007-01-09T00:00:00.000,2007-05-09T00:00:00.000Z,3981.23,3981.23,1 family dwelling,1 family dwelling,0,10,Bayview Hunters Point,94124,"{'latitude': '37.73295761295402', 'longitude': '-122.39382957251564', 'human_address': '{""address"": """", ""city"": """", ""state"": """", ""zip"": """"}'}",1.08E+12,,2,2,1,1,5,wood frame (5),5,wood frame (5),,,,,,
5ea2072fc2aeecdcc61c575b,2.01E+11,8,otc alterations permit,2007-01-09T00:00:00.000,7056,028E,125,Thrift,St,replace 4 windows with vinyl retrofit windows in kind. 0.67 u factor min.,issued,2007-01-09T00:00:00.000,2007-01-09T00:00:00.000,2007-01-09T00:00:00.000,2007-07-09T00:00:00.000Z,8351.54,8351.54,1 family dwelling,1 family dwelling,0,11,Oceanview/Merced/Ingleside,94112,"{'latitude': '37.71721985687811', 'longitude': '-122.45701898295172', 'human_address': '{""address"": """", ""city"": """", ""state"": """", ""zip"": """"}'}",1.08E+12,,2,2,1,1,5,wood frame (5),5,wood frame (5),,,,,,
5ea2072fc2aeecdcc61c575c,2.01E+11,8,otc alterations permit,2007-01-09T00:00:00.000,240,16,550,Kearny,St,oti-2  lt me floor 9,complete,2007-03-26T00:00:00.000,2007-01-09T00:00:00.000,2007-01-09T00:00:00.000,2008-01-09T00:00:00.000Z,95000,95000,office,office,2,3,Financial District/South Beach,94104,"{'latitude': '37.793341458615394', 'longitude': '-122.40421611613698', 'human_address': '{""address"": """", ""city"": """", ""state"": """", ""zip"": """"}'}",1.08E+12,,9,9,0,0,1,constr type 1,1,constr type 1,2007-03-26T00:00:00.000,,,,,
5ea2072fc2aeecdcc61c575d,2.01E+11,8,otc alterations permit,2007-01-09T00:00:00.000,3708,28,71,Stevenson,St,"t/i upgrade on fire sprinkler system. spec suite#1510,#3352. relocated 13 hd, add 2 hd, delete 4 hd. 15 total hd.",complete,2007-07-20T00:00:00.000,2007-01-09T00:00:00.000,2007-01-09T00:00:00.000,2007-05-09T00:00:00.000Z,3000,3000,office,office,2,6,Financial District/South Beach,94105,"{'latitude': '37.789384040303595', 'longitude': '-122.39965936842863', 'human_address': '{""address"": """", ""city"": """", ""state"": """", ""zip"": """"}'}",1.08E+12,,25,25,0,0,1,constr type 1,1,constr type 1,2007-07-20T00:00:00.000,,,,,
5ea2072fc2aeecdcc61c575e,M53367,8,otc alterations permit,2007-01-09T00:00:00.000,6247,13,158,Leland,Av,sidewalk permit only.,issued,2007-01-09T00:00:00.000,2007-01-09T00:00:00.000,2007-01-09T00:00:00.000,,,0,,,,10,Visitacion Valley,94134,"{'latitude': '37.7125087366219', 'longitude': '-122.40648054207259', 'human_address': '{""address"": """", ""city"": """", ""state"": """", ""zip"": """"}'}",1.08E+12,,,,,,,,,,,,,,,
5ea2072fc2aeecdcc61c575f,2.01E+11,8,otc alterations permit,2007-01-09T00:00:00.000,1270,66,142,Delmar,St,replace (e) windows (22) total @ back & side.,complete,2007-11-07T00:00:00.000,2007-01-09T00:00:00.000,2007-01-09T00:00:00.000,2007-07-09T00:00:00.000Z,10000,10000,2 family dwelling,2 family dwelling,0,8,Haight Ashbury,94117,"{'latitude': '37.76643957174819', 'longitude': '-122.44514240388278', 'human_address': '{""address"": """", ""city"": """", ""state"": """", ""zip"": """"}'}",1.08E+11,,3,3,2,2,5,wood frame (5),5,wood frame (5),2007-11-07T00:00:00.000,,,,,
5ea2072fc2aeecdcc61c5760,2.01E+11,8,otc alterations permit,2007-01-09T00:00:00.000,1270,66,144,Delmar,St,replace (e) windows (22) total @ back & side.,complete,2007-11-07T00:00:00.000,2007-01-09T00:00:00.000,2007-01-09T00:00:00.000,2007-07-09T00:00:00.000Z,10000,10000,2 family dwelling,2 family dwelling,0,8,Haight Ashbury,94117,"{'latitude': '37.76643957174819', 'longitude': '-122.44514240388278', 'human_address': '{""address"": """", ""city"": """", ""state"": """", ""zip"": """"}'}",1.08E+12,,3,3,2,2,5,wood frame (5),5,wood frame (5),2007-11-07T00:00:00.000,,,,,
5ea2072fc2aeecdcc61c5761,2.01E+11,8,otc alterations permit,2007-01-09T00:00:00.000,3577,43,26,Dearborn,St,"light remodel of one itchen: remove cabinets & replace w/new . move stove & vent outside 3  ft  front p.l. electric move  1 or 2 outlets, move gas for stove 50% high efficasy non structural.",complete,2007-05-18T00:00:00.000,2007-01-09T00:00:00.000,2007-01-09T00:00:00.000,2007-07-09T00:00:00.000Z,8000,8000,2 family dwelling,2 family dwelling,0,8,Mission,94110,"{'latitude': '37.762735360466834', 'longitude': '-122.42324435890409', 'human_address': '{""address"": """", ""city"": """", ""state"": """", ""zip"": """"}'}",1.08E+12,,2,2,2,2,5,wood frame (5),5,wood frame (5),2007-05-18T00:00:00.000,,,,,
5ea2072fc2aeecdcc61c5762,2.01E+11,3,additions alterations or repairs,2007-01-09T00:00:00.000,848,7,566,Haight,St,facade alteration on 1/f for 2 new ada entrances & storefronts. change of use to full service restaurant (568 haight). change of use for 2nd commercial space (566 haight st.),complete,2008-04-18T00:00:00.000,2007-01-09T00:00:00.000,2007-08-31T00:00:00.000,2008-08-31T00:00:00.000Z,120000,180000,food/beverage hndlng,food/beverage hndlng,2,5,Hayes Valley,94117,"{'latitude': '37.772201588742554', 'longitude': '-122.43159958764491', 'human_address': '{""address"": """", ""city"": """", ""state"": """", ""zip"": """"}'}",1.08E+11,,3,3,2,2,5,wood frame (5),5,wood frame (5),2008-04-18T00:00:00.000,,Y,,2007-08-31T00:00:00.000,
5ea2072fc2aeecdcc61c5763,2.01E+11,3,additions alterations or repairs,2007-01-09T00:00:00.000,848,7,568,Haight,St,facade alteration on 1/f for 2 new ada entrances & storefronts. change of use to full service restaurant (568 haight). change of use for 2nd commercial space (566 haight st.),complete,2008-04-18T00:00:00.000,2007-01-09T00:00:00.000,2007-08-31T00:00:00.000,2008-08-31T00:00:00.000Z,120000,180000,food/beverage hndlng,food/beverage hndlng,2,5,Hayes Valley,94117,"{'latitude': '37.772201588742554', 'longitude': '-122.43159958764491', 'human_address': '{""address"": """", ""city"": """", ""state"": """", ""zip"": """"}'}",1.08E+12,,3,3,2,2,5,wood frame (5),5,wood frame (5),2008-04-18T00:00:00.000,,Y,,2007-08-31T00:00:00.000,
5ea2072fc2aeecdcc61c5764,2.01E+11,8,otc alterations permit,2007-01-09T00:00:00.000,3602,1,602,Noe,St,renew pa# 200504280198 for final inspection,complete,2007-02-27T00:00:00.000,2007-01-09T00:00:00.000,2007-01-09T00:00:00.000,2007-05-09T00:00:00.000Z,1,1,2 family dwelling,2 family dwelling,0,8,Castro/Upper Market,94114,"{'latitude': '37.7592402660994', 'longitude': '-122.43283369496447', 'human_address': '{""address"": """", ""city"": """", ""state"": """", ""zip"": """"}'}",1.08E+12,,3,3,2,2,5,wood frame (5),5,wood frame (5),2007-02-27T00:00:00.000,,,,,
5ea2072fc2aeecdcc61c5765,2.01E+11,8,otc alterations permit,2007-01-09T00:00:00.000,3602,1,604,Noe,St,renew pa# 200504280198 for final inspection,complete,2007-02-27T00:00:00.000,2007-01-09T00:00:00.000,2007-01-09T00:00:00.000,2007-05-09T00:00:00.000Z,1,1,2 family dwelling,2 family dwelling,0,8,Castro/Upper Market,94114,"{'latitude': '37.7592402660994', 'longitude': '-122.43283369496447', 'human_address': '{""address"": """", ""city"": """", ""state"": """", ""zip"": """"}'}",1.08E+12,,3,3,2,2,5,wood frame (5),5,wood frame (5),2007-02-27T00:00:00.000,,,,,
5ea2072fc2aeecdcc61c5766,2.01E+11,3,additions alterations or repairs,2007-01-09T00:00:00.000,3013,31,1253,Portola,Dr,"complete work to hobby room instalation of insulation and finish surfues wall and flooring. complete installation of bathroom, toilet, vanity, chower stell, vent fan, .liaghting.",cancelled,2007-11-09T00:00:00.000,2007-01-09T00:00:00.000,,,15000,,1 family dwelling,1 family dwelling,2,7,West of Twin Peaks,94127,"{'latitude': '37.73986913382221', 'longitude': '-122.46230437177678', 'human_address': '{""address"": """", ""city"": """", ""state"": """", ""zip"": """"}'}",1.08E+12,,2,2,1,1,5,wood frame (5),5,wood frame (5),,,,,,
5ea2072fc2aeecdcc61c5767,2.01E+11,8,otc alterations permit,2007-01-09T00:00:00.000,2659,1,261,Corbett,Av,replace 5 windows on top floor (263 corbett). windows are not facing the street. using vinyl retro fit windows.,complete,2007-02-09T00:00:00.000,2007-01-09T00:00:00.000,2007-01-09T00:00:00.000,2007-05-09T00:00:00.000Z,2000,2000,apartments,apartments,0,8,Castro/Upper Market,94114,"{'latitude': '37.761092470950935', 'longitude': '-122.44402191242456', 'human_address': '{""address"": """", ""city"": """", ""state"": """", ""zip"": """"}'}",1.08E+12,0,3,3,3,3,5,wood frame (5),5,wood frame (5),2007-02-09T00:00:00.000,,,,,
5ea2072fc2aeecdcc61c5768,2.01E+11,8,otc alterations permit,2007-01-09T00:00:00.000,2659,1,263,Corbett,Av,replace 5 windows on top floor (263 corbett). windows are not facing the street. using vinyl retro fit windows.,complete,2007-02-09T00:00:00.000,2007-01-09T00:00:00.000,2007-01-09T00:00:00.000,2007-05-09T00:00:00.000Z,2000,2000,apartments,apartments,0,8,Castro/Upper Market,94114,"{'latitude': '37.761092470950935', 'longitude': '-122.44402191242456', 'human_address': '{""address"": """", ""city"": """", ""state"": """", ""zip"": """"}'}",1.08E+12,0,3,3,3,3,5,wood frame (5),5,wood frame (5),2007-02-09T00:00:00.000,,,,,
5ea2072fc2aeecdcc61c5769,M53402,8,otc alterations permit,2007-01-09T00:00:00.000,3729,57,249,09th,St,sidewalk permit,issued,2007-01-09T00:00:00.000,2007-01-09T00:00:00.000,2007-01-09T00:00:00.000,,,0,,,,6,South of Market,94103,"{'latitude': '37.774508876514055', 'longitude': '-122.41217066101979', 'human_address': '{""address"": """", ""city"": """", ""state"": """", ""zip"": """"}'}",1.08E+12,,,,,,,,,,,,,,,
5ea2072fc2aeecdcc61c576a,M53403,8,otc alterations permit,2007-01-09T00:00:00.000,3637,20,3284,23rd,St,sidewalk permit,issued,2007-01-09T00:00:00.000,2007-01-09T00:00:00.000,2007-01-09T00:00:00.000,,,0,,,,9,Mission,94110,"{'latitude': '37.754000284958515', 'longitude': '-122.41825362317647', 'human_address': '{""address"": """", ""city"": """", ""state"": """", ""zip"": """"}'}",1.08E+12,,,,,,,,,,,,,,,
5ea2072fc2aeecdcc61c576b,2.01E+11,8,otc alterations permit,2007-01-09T00:00:00.000,3553,22,1941,Mission,St,repair/replace handrail on bottom stairs.,complete,2007-02-07T00:00:00.000,2007-01-09T00:00:00.000,2007-01-09T00:00:00.000,2007-05-09T00:00:00.000Z,20,20,apartments,apartments,0,9,Mission,94103,"{'latitude': '37.76603209671538', 'longitude': '-122.41941081944417', 'human_address': '{""address"": """", ""city"": """", ""state"": """", ""zip"": """"}'}",1.08E+12,,3,3,58,58,5,wood frame (5),5,wood frame (5),2007-02-07T00:00:00.000,,,,,
5ea2072fc2aeecdcc61c576c,M53404,8,otc alterations permit,2007-01-09T00:00:00.000,1233,3,151,Central,Av,street space permit,issued,2007-01-09T00:00:00.000,2007-01-09T00:00:00.000,2007-01-09T00:00:00.000,,,0,,,,5,Haight Ashbury,94117,"{'latitude': '37.77106068570436', 'longitude': '-122.44405992599437', 'human_address': '{""address"": """", ""city"": """", ""state"": """", ""zip"": """"}'}",1.08E+11,,,,,,,,,,,,,,,
5ea2072fc2aeecdcc61c576d,M53405,8,otc alterations permit,2007-01-09T00:00:00.000,1245,1,1501,Haight,St,street space permit,issued,2007-01-09T00:00:00.000,2007-01-09T00:00:00.000,2007-01-09T00:00:00.000,,,0,,,,5,Haight Ashbury,94117,"{'latitude': '37.76976308868339', 'longitude': '-122.4471153332011', 'human_address': '{""address"": """", ""city"": """", ""state"": """", ""zip"": """"}'}",1.08E+11,,,,,,,,,,,,,,,
5ea2072fc2aeecdcc61c576e,M53405,8,otc alterations permit,2007-01-09T00:00:00.000,1245,1,1509,Haight,St,street space permit,issued,2007-01-09T00:00:00.000,2007-01-09T00:00:00.000,2007-01-09T00:00:00.000,,,0,,,,5,Haight Ashbury,94117,"{'latitude': '37.76976308868339', 'longitude': '-122.4471153332011', 'human_address': '{""address"": """", ""city"": """", ""state"": """", ""zip"": """"}'}",1.08E+12,,,,,,,,,,,,,,,
5ea2072fc2aeecdcc61c576f,2.01E+11,8,otc alterations permit,2007-01-09T00:00:00.000,5530,5,1649,York,St,"upper rear bedroom, instgall 2 ne2w skyite, install new window, install storage & cabinets",complete,2007-11-08T00:00:00.000,2007-01-09T00:00:00.000,2007-01-09T00:00:00.000,2007-07-09T00:00:00.000Z,8000,8000,1 family dwelling,1 family dwelling,2,9,Bernal Heights,94110,"{'latitude': '37.74727898141412', 'longitude': '-122.40614997794238', 'human_address': '{""address"": """", ""city"": """", ""state"": """", ""zip"": """"}'}",1.08E+12,,2,2,1,1,5,wood frame (5),5,wood frame (5),2007-11-08T00:00:00.000,,,,,
5ea2072fc2aeecdcc61c5770,2.01E+11,3,additions alterations or repairs,2007-01-09T00:00:00.000,3706,74,50,03rd,St,"interior remodeling on floors 4, 35 and 36/:convert office space into 5 guest rooms construct new fittness center. 35 and 36th flr:interiro remodeling , removing interconnecting stair between floor 35 and 36",expired,2013-10-29T00:00:00.000,2007-01-09T00:00:00.000,2007-03-21T00:00:00.000,2009-03-21T00:00:00.000Z,650000,650000,tourist hotel/motel,tourist hotel/motel,2,6,Financial District/South Beach,94103,"{'latitude': '37.78652508124445', 'longitude': '-122.40309239617214', 'human_address': '{""address"": """", ""city"": """", ""state"": """", ""zip"": """"}'}",1.08E+12,,36,36,669,676,1,constr type 1,1,constr type 1,,,,,,
5ea2072fc2aeecdcc61c5771,2.01E+11,8,otc alterations permit,2007-01-09T00:00:00.000,4272,33,3027,25th,St,"flood damage repair-removal and replacement of all water damaged finishes. exploratory demolition for water damage. all work ground level, replace in kind.",expired,2008-08-19T00:00:00.000,2007-01-09T00:00:00.000,2007-01-09T00:00:00.000,2007-07-09T00:00:00.000Z,18000,18000,2 family dwelling,2 family dwelling,0,9,Mission,94110,"{'latitude': '37.75091168971213', 'longitude': '-122.41060276908144', 'human_address': '{""address"": """", ""city"": """", ""state"": """", ""zip"": """"}'}",1.08E+12,,2,2,2,2,5,wood frame (5),5,wood frame (5),,,,,,
5ea2072fc2aeecdcc61c5772,2.01E+11,3,additions alterations or repairs,2007-01-09T00:00:00.000,3585,32,567,Sanchez,St,revision to previously appl#200207312759 changes as indicated by 3 dated 1/7/2007 on sheet s3.,expired,2008-01-30T00:00:00.000,2007-01-09T00:00:00.000,2007-03-09T00:00:00.000,2007-07-09T00:00:00.000Z,100,5000,1 family dwelling,1 family dwelling,2,8,Castro/Upper Market,94114,"{'latitude': '37.75998144460485', 'longitude': '-122.43012813106019', 'human_address': '{""address"": """", ""city"": """", ""state"": """", ""zip"": """"}'}",1.08E+12,,3,3,1,1,5,wood frame (5),5,wood frame (5),,,,,,
5ea2072fc2aeecdcc61c5773,2.01E+11,8,otc alterations permit,2007-01-09T00:00:00.000,1608,007A,731,36th,Av,"remove (e) plaster and install new sheetrock (gym boards) through the 2nd floors. install r-13 insulation at exterior walls and repair dry wall in kind, if discovered after exposed joists and studs.",complete,2007-06-04T00:00:00.000,2007-01-09T00:00:00.000,2007-01-09T00:00:00.000,2008-01-09T00:00:00.000Z,40000,40000,1 family dwelling,1 family dwelling,0,1,Outer Richmond,94121,"{'latitude': '37.77512320810297', 'longitude': '-122.49653374750622', 'human_address': '{""address"": """", ""city"": """", ""state"": """", ""zip"": """"}'}",1.08E+12,,3,3,1,1,5,wood frame (5),5,wood frame (5),2007-06-04T00:00:00.000,,,,,
5ea2072fc2aeecdcc61c5774,2.01E+11,8,otc alterations permit,2007-01-09T00:00:00.000,1772,4,1327,17th,Av,"drywall replacement, insulation, eletrical update, plmbg update, kchn cabinet replacement",complete,2007-10-03T00:00:00.000,2007-01-09T00:00:00.000,2007-01-09T00:00:00.000,2007-07-09T00:00:00.000Z,15000,15000,2 family dwelling,2 family dwelling,2,4,Inner Sunset,94122,"{'latitude': '37.76306820649619', 'longitude': '-122.47527242939053', 'human_address': '{""address"": """", ""city"": """", ""state"": """", ""zip"": """"}'}",1.08E+12,,3,3,2,2,5,wood frame (5),5,wood frame (5),2007-10-03T00:00:00.000,,,,,
5ea2072fc2aeecdcc61c5775,2.01E+11,8,otc alterations permit,2007-01-09T00:00:00.000,1772,4,1329,17th,Av,"drywall replacement, insulation, eletrical update, plmbg update, kchn cabinet replacement",complete,2007-10-03T00:00:00.000,2007-01-09T00:00:00.000,2007-01-09T00:00:00.000,2007-07-09T00:00:00.000Z,15000,15000,2 family dwelling,2 family dwelling,2,4,Inner Sunset,94122,"{'latitude': '37.76306820649619', 'longitude': '-122.47527242939053', 'human_address': '{""address"": """", ""city"": """", ""state"": """", ""zip"": """"}'}",1.08E+12,,3,3,2,2,5,wood frame (5),5,wood frame (5),2007-10-03T00:00:00.000,,,,,
5ea2072fc2aeecdcc61c5776,2.01E+11,8,otc alterations permit,2007-01-09T00:00:00.000,983,11,3256,Washington,St,remodel 1 kitchen and 2 bathrooms at upper unit. replace cabinets and appliances. no structural work.,complete,2008-05-23T00:00:00.000,2007-01-09T00:00:00.000,2007-01-09T00:00:00.000,2008-01-09T00:00:00.000Z,40000,40000,2 family dwelling,2 family dwelling,0,2,Presidio Heights,94115,"{'latitude': '37.790268021520355', 'longitude': '-122.44690613709508', 'human_address': '{""address"": """", ""city"": """", ""state"": """", ""zip"": """"}'}",1.08E+11,,4,4,2,2,5,wood frame (5),5,wood frame (5),2008-05-23T00:00:00.000,,,,,
5ea2072fc2aeecdcc61c5777,2.01E+11,8,otc alterations permit,2007-01-09T00:00:00.000,4087,41,2811,20th,St,install 30 pv solar panels on flat roof,complete,2007-02-13T00:00:00.000,2007-01-09T00:00:00.000,2007-01-09T00:00:00.000,2007-07-09T00:00:00.000Z,9000,9000,1 family dwelling,1 family dwelling,2,9,Mission,94110,"{'latitude': '37.759070331745654', 'longitude': '-122.40917627369113', 'human_address': '{""address"": """", ""city"": """", ""state"": """", ""zip"": """"}'}",1.08E+12,,3,3,1,1,5,wood frame (5),5,wood frame (5),2007-02-13T00:00:00.000,,,,,
5ea2072fc2aeecdcc61c5778,M53427,8,otc alterations permit,2007-01-09T00:00:00.000,660,39,2140,Bush,St,street space permit,issued,2007-01-09T00:00:00.000,2007-01-09T00:00:00.000,2007-01-09T00:00:00.000,,,0,,,,5,Pacific Heights,94115,"{'latitude': '37.787418970723046', 'longitude': '-122.43247795904921', 'human_address': '{""address"": """", ""city"": """", ""state"": """", ""zip"": """"}'}",1.08E+12,,,,,,,,,,,,,,,
5ea2072fc2aeecdcc61c5779,2.01E+11,3,additions alterations or repairs,2007-01-09T00:00:00.000,2036A,6,727,Moraga,St,to change eng on record from pa# 2002/01/17/7252 to santos & urrutia structural engineers.various structural changes to 200201177252. this permit supersedes all structural plans uner 200201177252.,issued,2007-03-07T00:00:00.000,2007-01-09T00:00:00.000,2007-03-07T00:00:00.000,2007-09-07T00:00:00.000Z,2000,12000,2 family dwelling,2 family dwelling,2,7,Inner Sunset,94122,"{'latitude': '37.75612468266003', 'longitude': '-122.47054660189393', 'human_address': '{""address"": """", ""city"": """", ""state"": """", ""zip"": """"}'}",1.08E+12,,3,3,2,2,5,wood frame (5),5,wood frame (5),,,,,,
5ea2072fc2aeecdcc61c577a,2.01E+11,3,additions alterations or repairs,2007-01-09T00:00:00.000,2036A,6,729,Moraga,St,to change eng on record from pa# 2002/01/17/7252 to santos & urrutia structural engineers.various structural changes to 200201177252. this permit supersedes all structural plans uner 200201177252.,issued,2007-03-07T00:00:00.000,2007-01-09T00:00:00.000,2007-03-07T00:00:00.000,2007-09-07T00:00:00.000Z,2000,12000,2 family dwelling,2 family dwelling,2,7,Inner Sunset,94122,"{'latitude': '37.75612468266003', 'longitude': '-122.47054660189393', 'human_address': '{""address"": """", ""city"": """", ""state"": """", ""zip"": """"}'}",1.08E+12,,3,3,2,2,5,wood frame (5),5,wood frame (5),,,,,,
5ea2072fc2aeecdcc61c577b,M53422,8,otc alterations permit,2007-01-09T00:00:00.000,868,5,61,Webster,St,sidewalk permit,issued,2007-01-09T00:00:00.000,2007-01-09T00:00:00.000,2007-01-09T00:00:00.000,,,0,,,,5,Hayes Valley,94117,"{'latitude': '37.77067504070421', 'longitude': '-122.42873550901028', 'human_address': '{""address"": """", ""city"": """", ""state"": """", ""zip"": """"}'}",1.08E+11,,,,,,,,,,,,,,,
5ea2072fc2aeecdcc61c577c,M53422,8,otc alterations permit,2007-01-09T00:00:00.000,868,5,63,Webster,St,sidewalk permit,issued,2007-01-09T00:00:00.000,2007-01-09T00:00:00.000,2007-01-09T00:00:00.000,,,0,,,,5,Hayes Valley,94117,"{'latitude': '37.77067504070421', 'longitude': '-122.42873550901028', 'human_address': '{""address"": """", ""city"": """", ""state"": """", ""zip"": """"}'}",1.08E+12,,,,,,,,,,,,,,,
5ea2072fc2aeecdcc61c577d,M53422,8,otc alterations permit,2007-01-09T00:00:00.000,868,5,65,Webster,St,sidewalk permit,issued,2007-01-09T00:00:00.000,2007-01-09T00:00:00.000,2007-01-09T00:00:00.000,,,0,,,,5,Hayes Valley,94117,"{'latitude': '37.77067504070421', 'longitude': '-122.42873550901028', 'human_address': '{""address"": """", ""city"": """", ""state"": """", ""zip"": """"}'}",1.08E+12,,,,,,,,,,,,,,,
5ea2072fc2aeecdcc61c577e,2.01E+11,8,otc alterations permit,2007-01-09T00:00:00.000,1671,007L,891,28th,Av,reroofing,issued,2007-01-09T00:00:00.000,2007-01-09T00:00:00.000,2007-01-09T00:00:00.000,2007-05-09T00:00:00.000Z,4700,4700,1 family dwelling,1 family dwelling,0,1,Outer Richmond,94121,"{'latitude': '37.77262846951915', 'longitude': '-122.48769855902707', 'human_address': '{""address"": """", ""city"": """", ""state"": """", ""zip"": """"}'}",1.08E+12,,,,,,,,,,,,,,,
5ea2072fc2aeecdcc61c577f,2.01E+11,8,otc alterations permit,2007-01-09T00:00:00.000,6566,10,3822,Cesar Chavez,St,replace 8 extg single pane wndw and 1 extg patio door with new double pane wood wndw and door maintaining same sizes and styles. 7 wndw visible from street,complete,2007-02-05T00:00:00.000,2007-01-09T00:00:00.000,2007-01-09T00:00:00.000,2007-07-09T00:00:00.000Z,8840,8840,2 family dwelling,2 family dwelling,0,8,Noe Valley,94131,"{'latitude': '37.74803417978139', 'longitude': '-122.42551652515279', 'human_address': '{""address"": """", ""city"": """", ""state"": """", ""zip"": """"}'}",1.08E+12,,2,2,2,2,5,wood frame (5),5,wood frame (5),2007-02-05T00:00:00.000,,,,,
5ea2072fc2aeecdcc61c5780,M53423,8,otc alterations permit,2007-01-09T00:00:00.000,1201,2,643,Divisadero,St,sidewalk permit,issued,2007-01-09T00:00:00.000,2007-01-09T00:00:00.000,2007-01-09T00:00:00.000,,,0,,,,5,Hayes Valley,94117,"{'latitude': '37.77562651684608', 'longitude': '-122.4382653474189', 'human_address': '{""address"": """", ""city"": """", ""state"": """", ""zip"": """"}'}",1.08E+11,,,,,,,,,,,,,,,
5ea2072fc2aeecdcc61c5781,M53423,8,otc alterations permit,2007-01-09T00:00:00.000,1201,2,645,Divisadero,St,sidewalk permit,issued,2007-01-09T00:00:00.000,2007-01-09T00:00:00.000,2007-01-09T00:00:00.000,,,0,,,,5,Hayes Valley,94117,"{'latitude': '37.77562651684608', 'longitude': '-122.4382653474189', 'human_address': '{""address"": """", ""city"": """", ""state"": """", ""zip"": """"}'}",1.08E+12,,,,,,,,,,,,,,,
5ea2072fc2aeecdcc61c5782,2.01E+11,8,otc alterations permit,2007-01-09T00:00:00.000,6566,10,3824,Cesar Chavez,St,replace 8 extg single pane wndw and 1 extg patio door with new double pane wood wndw and door maintaining same sizes and styles. 7 wndw visible from street,complete,2007-02-05T00:00:00.000,2007-01-09T00:00:00.000,2007-01-09T00:00:00.000,2007-07-09T00:00:00.000Z,8840,8840,2 family dwelling,2 family dwelling,0,8,Noe Valley,94131,"{'latitude': '37.74803417978139', 'longitude': '-122.42551652515279', 'human_address': '{""address"": """", ""city"": """", ""state"": """", ""zip"": """"}'}",1.08E+12,,2,2,2,2,5,wood frame (5),5,wood frame (5),2007-02-05T00:00:00.000,,,,,
5ea2072fc2aeecdcc61c5783,2.01E+11,3,additions alterations or repairs,2007-01-09T00:00:00.000,261,7,200,Sansome,St,"intall 1 fire alarm panel, 4 booster panels, 41 smoke detectors, 1 heat detector, 6 speakers, 69 speakers/strobs, 49 pull stations, 29 modules, 6 firemen phones, 1 printer.",expired,2009-04-07T00:00:00.000,2007-01-09T00:00:00.000,2007-03-12T00:00:00.000,2008-03-12T00:00:00.000Z,65000,65000,office,office,2,3,Financial District/South Beach,94104,"{'latitude': '37.79229561339396', 'longitude': '-122.40070689764669', 'human_address': '{""address"": """", ""city"": """", ""state"": """", ""zip"": """"}'}",1.08E+12,0,16,16,0,0,1,constr type 1,1,constr type 1,,,,,,
5ea2072fc2aeecdcc61c5784,2.01E+11,8,otc alterations permit,2007-01-09T00:00:00.000,3568,12,590,Valencia,St,"work @ restaurant only. relocate hood, install / replace 10' hood, new exhaust fan. type i hood. extinguishing system under separate permit.",complete,2007-08-15T00:00:00.000,2007-01-09T00:00:00.000,2007-01-09T00:00:00.000,2007-07-09T00:00:00.000Z,17000,17000,food/beverage hndlng,food/beverage hndlng,2,8,Mission,94110,"{'latitude': '37.763447760085185', 'longitude': '-122.4220433195789', 'human_address': '{""address"": """", ""city"": """", ""state"": """", ""zip"": """"}'}",1.08E+12,,3,3,21,21,5,wood frame (5),5,wood frame (5),2007-08-15T00:00:00.000,,,,,
5ea2072fc2aeecdcc61c5785,M53424,8,otc alterations permit,2007-01-09T00:00:00.000,221,60,1250,Jones,St,street space permit,issued,2007-01-09T00:00:00.000,2007-01-09T00:00:00.000,2007-01-09T00:00:00.000,,,0,,,,3,Nob Hill,94108,"{'latitude': '37.79305475737979', 'longitude': '-122.41407331282454', 'human_address': '{""address"": """", ""city"": """", ""state"": """", ""zip"": """"}'}",1.08E+11,702,,,,,,,,,,,,,,
5ea2072fc2aeecdcc61c5786,M53425,8,otc alterations permit,2007-01-09T00:00:00.000,3730,84,33,Rausch,St,sidewalk repair,issued,2007-01-09T00:00:00.000,2007-01-09T00:00:00.000,2007-01-09T00:00:00.000,,,0,,,,6,South of Market,94103,"{'latitude': '37.77680828751978', 'longitude': '-122.40974071461123', 'human_address': '{""address"": """", ""city"": """", ""state"": """", ""zip"": """"}'}",1.08E+12,,,,,,,,,,,,,,,
5ea2072fc2aeecdcc61c5787,M53426,8,otc alterations permit,2007-01-09T00:00:00.000,603,17,2149,Jackson,St,street space permit,issued,2007-01-09T00:00:00.000,2007-01-09T00:00:00.000,2007-01-09T00:00:00.000,,,0,,,,2,Pacific Heights,94115,"{'latitude': '37.792726624704834', 'longitude': '-122.43039820138894', 'human_address': '{""address"": """", ""city"": """", ""state"": """", ""zip"": """"}'}",1.08E+11,,,,,,,,,,,,,,,
5ea2072fc2aeecdcc61c5788,2.01E+11,8,otc alterations permit,2007-01-09T00:00:00.000,7537,22,630,30th,St,build fence along property line nextto concrete retaining wall and replace existing trellis,complete,2007-04-11T00:00:00.000,2007-01-09T00:00:00.000,2007-01-09T00:00:00.000,2007-05-09T00:00:00.000Z,5000,5000,1 family dwelling,1 family dwelling,2,8,Glen Park,94131,"{'latitude': '37.74187814405095', 'longitude': '-122.43403212306939', 'human_address': '{""address"": """", ""city"": """", ""state"": """", ""zip"": """"}'}",1.08E+12,,2,2,1,1,5,wood frame (5),5,wood frame (5),2007-04-11T00:00:00.000,,,,,
5ea2072fc2aeecdcc61c5789,M53428,8,otc alterations permit,2007-01-09T00:00:00.000,25,26,840,North Point,St,street space permit,issued,2007-01-09T00:00:00.000,2007-01-09T00:00:00.000,2007-01-09T00:00:00.000,,,0,,,,2,Russian Hill,94109,"{'latitude': '37.80590806633883', 'longitude': '-122.42114956949476', 'human_address': '{""address"": """", ""city"": """", ""state"": """", ""zip"": """"}'}",1.08E+12,,,,,,,,,,,,,,,
5ea2072fc2aeecdcc61c578a,2.01E+11,8,otc alterations permit,2007-01-09T00:00:00.000,715,68,151,Alice B Toklas,Pl,relocate extg fire sprnklr 7 new and 9 relocated,complete,2007-05-16T00:00:00.000,2007-01-09T00:00:00.000,2007-01-09T00:00:00.000,2007-05-09T00:00:00.000Z,4000,4000,apartments,apartments,2,6,Tenderloin,94109,"{'latitude': '37.785087993531405', 'longitude': '-122.42067400388059', 'human_address': '{""address"": """", ""city"": """", ""state"": """", ""zip"": """"}'}",1.08E+12,813,8,8,53,53,1,constr type 1,1,constr type 1,2007-05-16T00:00:00.000,,,,,
5ea2072fc2aeecdcc61c578b,2.01E+11,8,otc alterations permit,2007-01-09T00:00:00.000,182,21,1544,Jones,St,"remodel 1 bathroom, new toilet and tub. ceramic tile on walls & floor.",expired,2012-02-03T00:00:00.000,2007-01-09T00:00:00.000,2007-01-09T00:00:00.000,2007-07-09T00:00:00.000Z,9000,9000,apartments,apartments,0,3,Nob Hill,94133,"{'latitude': '37.79569571663588', 'longitude': '-122.41471661733927', 'human_address': '{""address"": """", ""city"": """", ""state"": """", ""zip"": """"}'}",1.08E+12,,3,3,15,15,5,wood frame (5),5,wood frame (5),,,,,,
5ea2072fc2aeecdcc61c578c,M53442,8,otc alterations permit,2007-01-09T00:00:00.000,1021,30,3365,Sacramento,St,streetspace and sidewalk,issued,2007-01-09T00:00:00.000,2007-01-09T00:00:00.000,2007-01-09T00:00:00.000,,,0,,,,2,Presidio Heights,94118,"{'latitude': '37.78759511186539', 'longitude': '-122.44800648151542', 'human_address': '{""address"": """", ""city"": """", ""state"": """", ""zip"": """"}'}",1.08E+11,,,,,,,,,,,,,,,
5ea2072fc2aeecdcc61c578d,M53443,8,otc alterations permit,2007-01-09T00:00:00.000,1255,076A,1339,Waller,St,streetspace and sidewalk,issued,2007-01-09T00:00:00.000,2007-01-09T00:00:00.000,2007-01-09T00:00:00.000,,,0,,,,5,Haight Ashbury,94117,"{'latitude': '37.7690119286054', 'longitude': '-122.44576467121483', 'human_address': '{""address"": """", ""city"": """", ""state"": """", ""zip"": """"}'}",1.08E+11,,,,,,,,,,,,,,,
5ea2072fc2aeecdcc61c578e,M53443,8,otc alterations permit,2007-01-09T00:00:00.000,1255,076A,1343,Waller,St,streetspace and sidewalk,issued,2007-01-09T00:00:00.000,2007-01-09T00:00:00.000,2007-01-09T00:00:00.000,,,0,,,,5,Haight Ashbury,94117,"{'latitude': '37.7690119286054', 'longitude': '-122.44576467121483', 'human_address': '{""address"": """", ""city"": """", ""state"": """", ""zip"": """"}'}",1.08E+12,,,,,,,,,,,,,,,
5ea2072fc2aeecdcc61c578f,M53444,8,otc alterations permit,2007-01-09T00:00:00.000,1181,014B,1290,Grove,St,streetspace and sidewalk,issued,2007-01-09T00:00:00.000,2007-01-09T00:00:00.000,2007-01-09T00:00:00.000,,,0,,,,5,Hayes Valley,94117,"{'latitude': '37.77619542677946', 'longitude': '-122.43779376987165', 'human_address': '{""address"": """", ""city"": """", ""state"": """", ""zip"": """"}'}",1.08E+11,,,,,,,,,,,,,,,
5ea2072fc2aeecdcc61c5790,M53445,8,otc alterations permit,2007-01-09T00:00:00.000,643,1,1545,Polk,St,streetspace and sidewalk,issued,2007-01-09T00:00:00.000,2007-01-09T00:00:00.000,2007-01-09T00:00:00.000,,,0,,,,3,Nob Hill,94109,"{'latitude': '37.79124924012027', 'longitude': '-122.42110409364383', 'human_address': '{""address"": """", ""city"": """", ""state"": """", ""zip"": """"}'}",1.08E+11,,,,,,,,,,,,,,,
5ea2072fc2aeecdcc61c5791,M53446,8,otc alterations permit,2007-01-09T00:00:00.000,1202,002J,616,Divisadero,St,streetspace and sidewalk,issued,2007-01-09T00:00:00.000,2007-01-09T00:00:00.000,2007-01-09T00:00:00.000,,,0,,,,5,Hayes Valley,94117,"{'latitude': '37.775313751422985', 'longitude': '-122.4374623861592', 'human_address': '{""address"": """", ""city"": """", ""state"": """", ""zip"": """"}'}",1.08E+11,,,,,,,,,,,,,,,
5ea2072fc2aeecdcc61c5792,2.01E+11,8,otc alterations permit,2007-01-09T00:00:00.000,3589,4,2224,Mission,St,"upgrade existing bathrooms with new toilets, sinks, mirrors, crab bars. install new door closures, new handicap accessible fixtures in both bathrooms, new hc stripe area in existing parking lot. no change in front door swings.",expired,2010-01-27T00:00:00.000,2007-01-09T00:00:00.000,2007-01-09T00:00:00.000,2007-05-09T00:00:00.000Z,1800,1800,food/beverage hndlng,food/beverage hndlng,2,9,Mission,94110,"{'latitude': '37.76131886779234', 'longitude': '-122.41973331509486', 'human_address': '{""address"": """", ""city"": """", ""state"": """", ""zip"": """"}'}",1.08E+12,,1,1,0,0,3,constr type 3,3,constr type 3,2007-01-22T00:00:00.000,,,,,
5ea2072fc2aeecdcc61c5793,2.01E+11,8,otc alterations permit,2007-01-09T00:00:00.000,1289,32,160,Belgrave,Av,"a raised walkway-access form 12"" for s/w property line t entry at home, due to steps down and up",complete,2007-05-25T00:00:00.000,2007-01-09T00:00:00.000,2007-01-09T00:00:00.000,2007-07-09T00:00:00.000Z,20000,20000,1 family dwelling,1 family dwelling,2,5,Inner Sunset,94117,"{'latitude': '37.75979376378303', 'longitude': '-122.45082445806806', 'human_address': '{""address"": """", ""city"": """", ""state"": """", ""zip"": """"}'}",1.08E+11,,2,2,1,1,5,wood frame (5),5,wood frame (5),2007-05-25T00:00:00.000,,,,,
5ea2072fc2aeecdcc61c5794,2.01E+11,8,otc alterations permit,2007-01-09T00:00:00.000,2050A,23,1877,Funston,Av,revision to pa# 2006/11/22/8387. to add plans & delete silt fence for emergency winterization of landslide slope (temporary). plan set is shared with 3 other permit applications (see for list above). special inspection requirement remain as in original pa. permit will not be finalized until,complete,2007-02-05T00:00:00.000,2007-01-09T00:00:00.000,2007-01-09T00:00:00.000,2007-05-09T00:00:00.000Z,1,1,1 family dwelling,1 family dwelling,2,7,Inner Sunset,94122,"{'latitude': '37.75309549392775', 'longitude': '-122.47051700617924', 'human_address': '{""address"": """", ""city"": """", ""state"": """", ""zip"": """"}'}",1.08E+12,,2,2,1,1,5,wood frame (5),5,wood frame (5),2007-02-05T00:00:00.000,,,,,
5ea2072fc2aeecdcc61c5795,2.01E+11,3,additions alterations or repairs,2007-01-09T00:00:00.000,664,31,1760,Bush,St,sprinkler monitoriing system install.,expired,2009-04-07T00:00:00.000,2007-01-09T00:00:00.000,2007-08-06T00:00:00.000,2007-12-06T00:00:00.000Z,4000,4000,apartments,apartments,2,5,Pacific Heights,94109,"{'latitude': '37.78818274352447', 'longitude': '-122.42641177635605', 'human_address': '{""address"": """", ""city"": """", ""state"": """", ""zip"": """"}'}",1.08E+12,,6,6,108,108,1,constr type 1,1,constr type 1,,,,,,
5ea2072fc2aeecdcc61c5796,2.01E+11,8,otc alterations permit,2007-01-09T00:00:00.000,2050A,24,1879,Funston,Av,revision to pa# 2006/11/22/8388. to add plans & delete silt fence for emergency winterization of landslide slope (temporary). plan set is shared with 3 other permit applications (see for list above). special inspection requirement remain as in original pa. permit will not be finalized until,complete,2007-02-02T00:00:00.000,2007-01-09T00:00:00.000,2007-01-09T00:00:00.000,2007-05-09T00:00:00.000Z,1,1,1 family dwelling,1 family dwelling,2,7,Inner Sunset,94122,"{'latitude': '37.75300076078577', 'longitude': '-122.47045029242793', 'human_address': '{""address"": """", ""city"": """", ""state"": """", ""zip"": """"}'}",1.08E+12,,2,2,1,1,5,wood frame (5),5,wood frame (5),2007-02-02T00:00:00.000,,,,,
5ea2072fc2aeecdcc61c5797,2.01E+11,8,otc alterations permit,2007-01-09T00:00:00.000,2050A,20,1878,14th,Av,revision to pa# 2006/11/22/8386. to add plans & delete silt fence for emergency winterization of landslide slope (temporary). plan set is shared with 3 other permit applications (see for list above). special inspection requirement remain as in original pa. permit will not be finalized until,complete,2007-02-05T00:00:00.000,2007-01-09T00:00:00.000,2007-01-09T00:00:00.000,2007-05-09T00:00:00.000Z,1,1,1 family dwelling,1 family dwelling,2,7,Inner Sunset,94122,"{'latitude': '37.75286404935374', 'longitude': '-122.47072716911403', 'human_address': '{""address"": """", ""city"": """", ""state"": """", ""zip"": """"}'}",1.08E+12,,2,2,1,1,5,wood frame (5),5,wood frame (5),2007-02-05T00:00:00.000,,,,,
5ea2072fc2aeecdcc61c5798,2.01E+11,8,otc alterations permit,2007-01-09T00:00:00.000,2050A,6,1848,14th,Av,revision to pa# 2006/11/22/8381. to add plans & delete silt fence for emergency winterization of landslide slope (temporary). plan set is shared with 3 other permit applications (see for list above). special inspection requirement remain as in original pa. permit will not be finalized until,complete,2007-02-05T00:00:00.000,2007-01-09T00:00:00.000,2007-01-09T00:00:00.000,2007-05-09T00:00:00.000Z,1,1,vacant lot,vacant lot,2,7,Inner Sunset,94122,"{'latitude': '37.75344407387596', 'longitude': '-122.47086109639314', 'human_address': '{""address"": """", ""city"": """", ""state"": """", ""zip"": """"}'}",1.08E+12,,0,0,0,0,,,,,2007-02-05T00:00:00.000,,,V,,
5ea2072fc2aeecdcc61c5799,2.01E+11,3,additions alterations or repairs,2007-01-09T00:00:00.000,798,9,930,Grove,St,"comply with nov #200671344, issued on 7/14/06. provide (n) driveway access to (n) underground parking garage, provide (n) elevator-residential, provide (n) stair & modify (e) to (n) garage. mep under separate permit.",expired,2017-01-13T00:00:00.000,2007-01-09T00:00:00.000,2012-04-16T00:00:00.000,2015-04-01T00:00:00.000Z,300000,770000,apartments,apartments,2,5,Hayes Valley,94117,"{'latitude': '37.776939949209506', 'longitude': '-122.43228603420641', 'human_address': '{""address"": """", ""city"": """", ""state"": """", ""zip"": """"}'}",1.08E+12,,3,3,13,13,5,wood frame (5),5,wood frame (5),,Y,Y,,2012-04-16T00:00:00.000,
5ea2072fc2aeecdcc61c579a,2.01E+11,8,otc alterations permit,2007-01-09T00:00:00.000,1534,16,491,10th,Av,"remodel 4 kitchens and 4 bathrooms. remove walls and replace with beams. add 4 windows, 2 visible from street.",complete,2007-08-09T00:00:00.000,2007-01-09T00:00:00.000,2007-01-09T00:00:00.000,2008-01-09T00:00:00.000Z,45000,45000,apartments,apartments,2,1,Inner Richmond,94118,"{'latitude': '37.779137298327335', 'longitude': '-122.46861999900403', 'human_address': '{""address"": """", ""city"": """", ""state"": """", ""zip"": """"}'}",1.08E+12,,2,2,4,4,5,wood frame (5),5,wood frame (5),2007-08-09T00:00:00.000,,,,,
5ea2072fc2aeecdcc61c579b,2.01E+11,8,otc alterations permit,2007-01-09T00:00:00.000,1534,16,497,10th,Av,"remodel 4 kitchens and 4 bathrooms. remove walls and replace with beams. add 4 windows, 2 visible from street.",complete,2007-08-09T00:00:00.000,2007-01-09T00:00:00.000,2007-01-09T00:00:00.000,2008-01-09T00:00:00.000Z,45000,45000,apartments,apartments,2,1,Inner Richmond,94118,"{'latitude': '37.779137298327335', 'longitude': '-122.46861999900403', 'human_address': '{""address"": """", ""city"": """", ""state"": """", ""zip"": """"}'}",1.08E+12,0,2,2,4,4,5,wood frame (5),5,wood frame (5),2007-08-09T00:00:00.000,,,,,
5ea2072fc2aeecdcc61c579c,2.01E+11,8,otc alterations permit,2007-01-09T00:00:00.000,7137,15,240,Sagamore,St,reduce the size ofstorage at rear to comply with nov 200685673 & 200680568,complete,2007-05-24T00:00:00.000,2007-01-09T00:00:00.000,2007-01-09T00:00:00.000,2007-05-09T00:00:00.000Z,3000,3000,storage shed,storage shed,2,11,Oceanview/Merced/Ingleside,94112,"{'latitude': '37.71168510251742', 'longitude': '-122.46056193105913', 'human_address': '{""address"": """", ""city"": """", ""state"": """", ""zip"": """"}'}",1.08E+12,,2,2,0,0,5,wood frame (5),5,wood frame (5),2007-05-24T00:00:00.000,,,,,
5ea2072fc2aeecdcc61c579d,2.01E+11,8,otc alterations permit,2007-01-09T00:00:00.000,710,27,55,Western Shore,Ln,"replace kitchen + bathroom floor, sink, vanity, fixtures and 3 kitchen cabinets on unit#5 ground floor. no structural modifications.",complete,2007-02-08T00:00:00.000,2007-01-09T00:00:00.000,2007-01-09T00:00:00.000,2007-07-09T00:00:00.000Z,5500,5500,apartments,apartments,0,5,Western Addition,94115,"{'latitude': '37.78423591834485', 'longitude': '-122.42868045608749', 'human_address': '{""address"": """", ""city"": """", ""state"": """", ""zip"": """"}'}",1.08E+12,,3,3,24,24,5,wood frame (5),5,wood frame (5),2007-02-08T00:00:00.000,,,,,
5ea2072fc2aeecdcc61c579e,2.01E+11,8,otc alterations permit,2007-01-09T00:00:00.000,3755,169,130,Langton,St,"install 4 vinyl windows in kind into existing frames. no change in size or location. windows do  not face the street. if applicable, bedroom windows will comply with section 310.4 for rescue. all windows will be double pane and have a u-factor of .30.",complete,2015-10-05T00:00:00.000,2007-01-09T00:00:00.000,2007-01-09T00:00:00.000,2007-05-09T00:00:00.000Z,2893,2893,apartments,apartments,0,6,South of Market,94103,"{'latitude': '37.775762821678995', 'longitude': '-122.40795499182244', 'human_address': '{""address"": """", ""city"": """", ""state"": """", ""zip"": """"}'}",1.08E+12,,2,2,16,16,5,wood frame (5),5,wood frame (5),2015-10-05T00:00:00.000,,,A,,
5ea2072fc2aeecdcc61c579f,2.01E+11,8,otc alterations permit,2007-01-09T00:00:00.000,592,004D,1924,Jackson,St,"install 7 vinyl windows in kind into existin gframes. no change in size or location. windows do face the street. if applicable, bedroom windows will comply with section 310.4 for rescue. all windows will be double pane and have a u-factor of .30.",complete,2007-04-05T00:00:00.000,2007-01-09T00:00:00.000,2007-01-09T00:00:00.000,2007-05-09T00:00:00.000Z,3069,3069,2 family dwelling,2 family dwelling,0,2,Pacific Heights,94109,"{'latitude': '37.79372365072698', 'longitude': '-122.42684785478208', 'human_address': '{""address"": """", ""city"": """", ""state"": """", ""zip"": """"}'}",1.08E+12,,2,2,2,2,5,wood frame (5),5,wood frame (5),2007-04-05T00:00:00.000,,,,,
5ea2072fc2aeecdcc61c57a0,2.01E+11,8,otc alterations permit,2007-01-09T00:00:00.000,3032A,24,702,Foerster,St,to comply w/nov#200677519: install 3 electric wall heaters in middle foor (2 bedrooms & 1 dining room).,complete,2007-02-07T00:00:00.000,2007-01-09T00:00:00.000,2007-01-09T00:00:00.000,2007-05-09T00:00:00.000Z,1500,1500,1 family dwelling,1 family dwelling,0,7,West of Twin Peaks,94127,"{'latitude': '37.73395824369649', 'longitude': '-122.44865742021541', 'human_address': '{""address"": """", ""city"": """", ""state"": """", ""zip"": """"}'}",1.08E+12,,3,3,1,1,5,wood frame (5),5,wood frame (5),2007-02-07T00:00:00.000,,,,,
5ea2072fc2aeecdcc61c57a1,2.01E+11,3,additions alterations or repairs,2007-01-09T00:00:00.000,3788,44,680,02nd,St,modification of (e) store front,expired,2008-12-18T00:00:00.000,2007-01-09T00:00:00.000,2007-03-20T00:00:00.000,2008-03-20T00:00:00.000Z,75000,75000,office,office,2,6,Financial District/South Beach,94107,"{'latitude': '37.78069682790208', 'longitude': '-122.39123177386239', 'human_address': '{""address"": """", ""city"": """", ""state"": """", ""zip"": """"}'}",1.08E+12,,5,5,0,0,4,constr type 4,4,constr type 4,,,,,,
5ea2072fc2aeecdcc61c57a2,2.01E+11,8,otc alterations permit,2007-01-09T00:00:00.000,2091,21,1991,43rd,Av,"voluntary non-engineered sub structural strengthening. installation of a bolt, hold downsphd-5, plywood sheathing, see specifications attached.",issued,2007-01-09T00:00:00.000,2007-01-09T00:00:00.000,2007-01-09T00:00:00.000,2007-07-09T00:00:00.000Z,16547,16547,1 family dwelling,1 family dwelling,2,4,Sunset/Parkside,94116,"{'latitude': '37.74957914911898', 'longitude': '-122.50218802999092', 'human_address': '{""address"": """", ""city"": """", ""state"": """", ""zip"": """"}'}",1.08E+12,,1,1,1,1,5,wood frame (5),5,wood frame (5),,,,,,
5ea2072fc2aeecdcc61c57a3,2.01E+11,8,otc alterations permit,2007-01-09T00:00:00.000,3581,38,67,Ford,St,reroofing,issued,2007-01-09T00:00:00.000,2007-01-09T00:00:00.000,2007-01-09T00:00:00.000,2007-07-09T00:00:00.000Z,18297,18297,1 family dwelling,1 family dwelling,0,8,Castro/Upper Market,94114,"{'latitude': '37.76162696867856', 'longitude': '-122.43201952491756', 'human_address': '{""address"": """", ""city"": """", ""state"": """", ""zip"": """"}'}",1.08E+12,,1,1,1,1,5,wood frame (5),5,wood frame (5),,,,,,
5ea2072fc2aeecdcc61c57a4,2.01E+11,8,otc alterations permit,2007-01-09T00:00:00.000,3759,11,800,Bryant,St,renew:200504070957,complete,2007-01-30T00:00:00.000,2007-01-09T00:00:00.000,2007-01-09T00:00:00.000,2007-05-09T00:00:00.000Z,1,1,food/beverage hndlng,food/beverage hndlng,0,6,South of Market,94103,"{'latitude': '37.77602193262931', 'longitude': '-122.40293174859215', 'human_address': '{""address"": """", ""city"": """", ""state"": """", ""zip"": """"}'}",1.08E+12,,3,3,0,0,5,wood frame (5),5,wood frame (5),2007-01-30T00:00:00.000,,,,,
5ea2072fc2aeecdcc61c57a5,M53447,8,otc alterations permit,2007-01-09T00:00:00.000,1252,9,135,Belvedere,St,street space,issued,2007-01-09T00:00:00.000,2007-01-09T00:00:00.000,2007-01-09T00:00:00.000,,,0,,,,5,Haight Ashbury,94117,"{'latitude': '37.76799551143707', 'longitude': '-122.44962923881592', 'human_address': '{""address"": """", ""city"": """", ""state"": """", ""zip"": """"}'}",1.08E+11,,,,,,,,,,,,,,,
5ea2072fc2aeecdcc61c57a6,M53462,8,otc alterations permit,2007-01-09T00:00:00.000,5708,13,117,Newman,St,street space permit only.,issued,2007-01-09T00:00:00.000,2007-01-09T00:00:00.000,2007-01-09T00:00:00.000,,,0,,,,9,Bernal Heights,94110,"{'latitude': '37.737946817108494', 'longitude': '-122.41748907810631', 'human_address': '{""address"": """", ""city"": """", ""state"": """", ""zip"": """"}'}",1.08E+12,,,,,,,,,,,,,,,
5ea2072fc2aeecdcc61c57a7,M53463,8,otc alterations permit,2007-01-09T00:00:00.000,515,2,3157,Fillmore,St,street space & sidewalk,issued,2007-01-09T00:00:00.000,2007-01-09T00:00:00.000,2007-01-09T00:00:00.000,,,0,,,,2,Marina,94123,"{'latitude': '37.798725743589785', 'longitude': '-122.43611637996028', 'human_address': '{""address"": """", ""city"": """", ""state"": """", ""zip"": """"}'}",1.08E+12,0,,,,,,,,,,,,,,
5ea2072fc2aeecdcc61c57a8,M53463,8,otc alterations permit,2007-01-09T00:00:00.000,515,2,3161,Fillmore,St,street space & sidewalk,issued,2007-01-09T00:00:00.000,2007-01-09T00:00:00.000,2007-01-09T00:00:00.000,,,0,,,,2,Marina,94123,"{'latitude': '37.798725743589785', 'longitude': '-122.43611637996028', 'human_address': '{""address"": """", ""city"": """", ""state"": """", ""zip"": """"}'}",1.08E+12,,,,,,,,,,,,,,,
5ea2072fc2aeecdcc61c57a9,2.01E+11,8,otc alterations permit,2007-01-09T00:00:00.000,798,12,818,Steiner,St,no work notes added regarding tempered windw as per inspectors request. revision to app #200408181946s1,complete,2007-01-31T00:00:00.000,2007-01-09T00:00:00.000,2007-01-09T00:00:00.000,2007-05-09T00:00:00.000Z,1,1,1 family dwelling,1 family dwelling,2,5,Hayes Valley,94117,"{'latitude': '37.777181072120754', 'longitude': '-122.4327947683065', 'human_address': '{""address"": """", ""city"": """", ""state"": """", ""zip"": """"}'}",1.08E+11,,4,4,1,1,5,wood frame (5),5,wood frame (5),2007-01-31T00:00:00.000,,,,,
5ea2072fc2aeecdcc61c57aa,2.01E+11,8,otc alterations permit,2007-01-09T00:00:00.000,5519,23,24,Mirabel,Av,remodel kitchen-open up doorway to kitchen. install new slider at back porch.,expired,2008-04-21T00:00:00.000,2007-01-09T00:00:00.000,2007-01-09T00:00:00.000,2007-07-09T00:00:00.000Z,20000,20000,1 family dwelling,1 family dwelling,2,9,Bernal Heights,94110,"{'latitude': '37.74608760284823', 'longitude': '-122.41698217645549', 'human_address': '{""address"": """", ""city"": """", ""state"": """", ""zip"": """"}'}",1.08E+12,,2,2,1,1,5,wood frame (5),5,wood frame (5),,,,,,
5ea2072fc2aeecdcc61c57ab,2.01E+11,8,otc alterations permit,2007-01-09T00:00:00.000,2386,14,2475,39th,Av,"modify upper story street front facade, install (2) windows occupying approx. 6'9"" x12'0"" (width) window material milgard wood claf horizontal slider. fiberglan w/wood interior.",complete,2008-01-11T00:00:00.000,2007-01-09T00:00:00.000,2007-01-09T00:00:00.000,2007-05-09T00:00:00.000Z,3500,3500,1 family dwelling,1 family dwelling,2,4,Sunset/Parkside,94116,"{'latitude': '37.74071047035221', 'longitude': '-122.49734887552148', 'human_address': '{""address"": """", ""city"": """", ""state"": """", ""zip"": """"}'}",1.08E+12,,2,2,1,1,5,wood frame (5),5,wood frame (5),2008-01-11T00:00:00.000,,,,,
5ea2072fc2aeecdcc61c57ac,2.01E+11,3,additions alterations or repairs,2007-01-09T00:00:00.000,1127,007A,1820,Eddy,St,this is a revision to approved permit #200307280541 and #200602275513. the front hall space is to be reconfigured into 2 areas with a new partition 10'-0 in height. the new areas are within the same extg room. this permit also includes details of as built conditions for soffit areas as per bldg insp,complete,2007-07-26T00:00:00.000,2007-01-09T00:00:00.000,2007-04-02T00:00:00.000,2007-08-02T00:00:00.000Z,1,5000,apartments,apartments,2,5,Western Addition,94115,"{'latitude': '37.78101611945966', 'longitude': '-122.43791633660695', 'human_address': '{""address"": """", ""city"": """", ""state"": """", ""zip"": """"}'}",1.08E+11,,4,4,12,12,5,wood frame (5),5,wood frame (5),2007-07-26T00:00:00.000,,,,,
5ea2072fc2aeecdcc61c57ad,M53482,8,otc alterations permit,2007-01-09T00:00:00.000,1017,4,437,Spruce,St,street space permit,issued,2007-01-09T00:00:00.000,2007-01-09T00:00:00.000,2007-01-09T00:00:00.000,,,0,,,,2,Presidio Heights,94118,"{'latitude': '37.78681361114647', 'longitude': '-122.45380379221359', 'human_address': '{""address"": """", ""city"": """", ""state"": """", ""zip"": """"}'}",1.08E+12,0,,,,,,,,,,,,,,
5ea2072fc2aeecdcc61c57ae,2.01E+11,8,otc alterations permit,2007-01-09T00:00:00.000,3956,8,300,De Haro,St,revision to 200606214661 parking lot area. relocate handicap stall to opposite side of parking lot. complaint #200564084.,issued,2007-01-09T00:00:00.000,2007-01-09T00:00:00.000,2007-01-09T00:00:00.000,2007-05-09T00:00:00.000Z,1,1,parking lot,parking lot,2,10,Mission Bay,94103,"{'latitude': '37.765595899780195', 'longitude': '-122.40211692334789', 'human_address': '{""address"": """", ""city"": """", ""state"": """", ""zip"": """"}'}",1.08E+12,,1,1,0,0,3,constr type 3,3,constr type 3,,,,,,
5ea2072fc2aeecdcc61c57af,2.01E+11,3,additions alterations or repairs,2007-01-09T00:00:00.000,3587,18,3620,19th,St,bldg #1 - to install new fire sprinkler system.,complete,2009-04-01T00:00:00.000,2007-01-09T00:00:00.000,2007-04-09T00:00:00.000,2007-10-09T00:00:00.000Z,5600,10222,1 family dwelling,1 family dwelling,2,8,Mission,94110,"{'latitude': '37.760438746139016', 'longitude': '-122.42432226418329', 'human_address': '{""address"": """", ""city"": """", ""state"": """", ""zip"": """"}'}",1.09E+12,,2,2,1,1,5,wood frame (5),5,wood frame (5),2009-04-01T00:00:00.000,,,,,
5ea2072fc2aeecdcc61c57b0,2.01E+11,3,additions alterations or repairs,2007-01-09T00:00:00.000,3587,18,3620,19th,St,bldg #2 - to install new fire sprinkler system.,complete,2009-04-01T00:00:00.000,2007-01-09T00:00:00.000,2007-04-06T00:00:00.000,2007-10-06T00:00:00.000Z,5600,10222,1 family dwelling,1 family dwelling,2,8,Mission,94110,"{'latitude': '37.760438746139016', 'longitude': '-122.42432226418329', 'human_address': '{""address"": """", ""city"": """", ""state"": """", ""zip"": """"}'}",1.09E+12,,2,2,1,1,5,wood frame (5),5,wood frame (5),2009-04-01T00:00:00.000,,,,,
5ea2072fc2aeecdcc61c57b1,2.01E+11,3,additions alterations or repairs,2007-01-09T00:00:00.000,3587,70,3620,19th,St,bldg #2 - to install new fire sprinkler system.,complete,2009-04-01T00:00:00.000,2007-01-09T00:00:00.000,2007-04-06T00:00:00.000,2007-10-06T00:00:00.000Z,5600,10222,1 family dwelling,1 family dwelling,2,8,Mission,94110,"{'latitude': '37.761014018841514', 'longitude': '-122.42432525968303', 'human_address': '{""address"": """", ""city"": """", ""state"": """", ""zip"": """"}'}",1.09E+12,,2,2,1,1,5,wood frame (5),5,wood frame (5),2009-04-01T00:00:00.000,,,,,
5ea2072fc2aeecdcc61c57b2,2.01E+11,3,additions alterations or repairs,2007-01-09T00:00:00.000,3587,18,3620,19th,St,bldg# 3 -  to install new fire sprinkler system.,complete,2009-04-01T00:00:00.000,2007-01-09T00:00:00.000,2007-04-06T00:00:00.000,2007-10-06T00:00:00.000Z,5600,5600,1 family dwelling,1 family dwelling,2,8,Mission,94110,"{'latitude': '37.760438746139016', 'longitude': '-122.42432226418329', 'human_address': '{""address"": """", ""city"": """", ""state"": """", ""zip"": """"}'}",1.09E+12,,2,2,1,1,5,wood frame (5),5,wood frame (5),2009-04-01T00:00:00.000,,,,,
5ea2072fc2aeecdcc61c57b3,2.01E+11,3,additions alterations or repairs,2007-01-09T00:00:00.000,3587,70,3620,19th,St,bldg# 3 -  to install new fire sprinkler system.,complete,2009-04-01T00:00:00.000,2007-01-09T00:00:00.000,2007-04-06T00:00:00.000,2007-10-06T00:00:00.000Z,5600,5600,1 family dwelling,1 family dwelling,2,8,Mission,94110,"{'latitude': '37.761014018841514', 'longitude': '-122.42432525968303', 'human_address': '{""address"": """", ""city"": """", ""state"": """", ""zip"": """"}'}",1.09E+12,,2,2,1,1,5,wood frame (5),5,wood frame (5),2009-04-01T00:00:00.000,,,,,
5ea2072fc2aeecdcc61c57b4,2.01E+11,3,additions alterations or repairs,2007-01-09T00:00:00.000,3587,18,3620,19th,St,bldg #4 - to install new fire sprinkler system.,complete,2009-04-01T00:00:00.000,2007-01-09T00:00:00.000,2007-04-06T00:00:00.000,2007-10-06T00:00:00.000Z,5600,10227,1 family dwelling,1 family dwelling,2,8,Mission,94110,"{'latitude': '37.760438746139016', 'longitude': '-122.42432226418329', 'human_address': '{""address"": """", ""city"": """", ""state"": """", ""zip"": """"}'}",1.09E+12,,2,2,1,1,5,wood frame (5),5,wood frame (5),2009-04-01T00:00:00.000,,,,,
5ea2072fc2aeecdcc61c57b5,2.01E+11,3,additions alterations or repairs,2007-01-09T00:00:00.000,3587,70,3620,19th,St,bldg #4 - to install new fire sprinkler system.,complete,2009-04-01T00:00:00.000,2007-01-09T00:00:00.000,2007-04-06T00:00:00.000,2007-10-06T00:00:00.000Z,5600,10227,1 family dwelling,1 family dwelling,2,8,Mission,94110,"{'latitude': '37.761014018841514', 'longitude': '-122.42432525968303', 'human_address': '{""address"": """", ""city"": """", ""state"": """", ""zip"": """"}'}",1.09E+12,,2,2,1,1,5,wood frame (5),5,wood frame (5),2009-04-01T00:00:00.000,,,,,
5ea20730c2aeecdcc61c57b6,2.01E+11,8,otc alterations permit,2007-01-10T00:00:00.000,3532,58,71,Woodward,St,reroofing,complete,2012-06-29T00:00:00.000,2007-01-10T00:00:00.000,2007-01-10T00:00:00.000,2007-07-10T00:00:00.000Z,7480,7480,apartments,apartments,0,9,Mission,94103,"{'latitude': '37.768834066736545', 'longitude': '-122.420644052027', 'human_address': '{""address"": """", ""city"": """", ""state"": """", ""zip"": """"}'}",1.08E+12,,,,,,,,,,2012-06-29T00:00:00.000,,,,,
5ea20730c2aeecdcc61c57b7,2.01E+11,8,otc alterations permit,2007-01-10T00:00:00.000,5471,21,205,Salinas,Av,replace kit;chen cabinets in kind. no structural changes. no other work (no lighting change).,expired,2007-08-23T00:00:00.000,2007-01-10T00:00:00.000,2007-01-10T00:00:00.000,2007-07-10T00:00:00.000Z,10869,10869,1 family dwelling,1 family dwelling,0,10,Bayview Hunters Point,94124,"{'latitude': '37.72095725789466', 'longitude': '-122.39856286991059', 'human_address': '{""address"": """", ""city"": """", ""state"": """", ""zip"": """"}'}",1.08E+12,,2,2,1,1,5,wood frame (5),5,wood frame (5),,,,,,
5ea20730c2aeecdcc61c57b8,M53502,8,otc alterations permit,2007-01-10T00:00:00.000,3787,12,216,Townsend,St,sidewalk permit,issued,2007-01-10T00:00:00.000,2007-01-10T00:00:00.000,2007-01-10T00:00:00.000,,,0,,,,6,South of Market,94107,"{'latitude': '37.778694759874895', 'longitude': '-122.39334678077768', 'human_address': '{""address"": """", ""city"": """", ""state"": """", ""zip"": """"}'}",1.08E+12,,,,,,,,,,,,,,,
5ea20730c2aeecdcc61c57b9,2.01E+11,8,otc alterations permit,2007-01-10T00:00:00.000,6742,30,657,Chenery,St,"replace (e) stucco finish with shingles @ east west and north walls per plan, reface east wall with exterior grade plywood siding.",expired,2008-02-26T00:00:00.000,2007-01-10T00:00:00.000,2007-01-10T00:00:00.000,2007-07-10T00:00:00.000Z,10000,10000,1 family dwelling,1 family dwelling,2,8,Glen Park,94131,"{'latitude': '37.734304560900426', 'longitude': '-122.43309134097113', 'human_address': '{""address"": """", ""city"": """", ""state"": """", ""zip"": """"}'}",1.08E+12,,2,2,1,1,5,wood frame (5),5,wood frame (5),,,,,,
5ea20730c2aeecdcc61c57ba,2.01E+11,8,otc alterations permit,2007-01-10T00:00:00.000,3010,47,709,Myra,Wy,reroofing,complete,2007-01-17T00:00:00.000,2007-01-10T00:00:00.000,2007-01-10T00:00:00.000,2007-07-10T00:00:00.000Z,10000,10000,1 family dwelling,1 family dwelling,0,7,West of Twin Peaks,94127,"{'latitude': '37.74010066108492', 'longitude': '-122.45104523136398', 'human_address': '{""address"": """", ""city"": """", ""state"": """", ""zip"": """"}'}",1.08E+12,,,,,,,,,,2007-01-17T00:00:00.000,,,,,
5ea20730c2aeecdcc61c57bb,2.01E+11,3,additions alterations or repairs,2007-01-10T00:00:00.000,55,18,298,Chestnut,St,revision pa# 200602285576-trellis at rear.,expired,2009-01-26T00:00:00.000,2007-01-10T00:00:00.000,2007-02-23T00:00:00.000,2007-06-23T00:00:00.000Z,1,1,1 family dwelling,1 family dwelling,2,3,North Beach,94133,"{'latitude': '37.804651045438476', 'longitude': '-122.40818237305187', 'human_address': '{""address"": """", ""city"": """", ""state"": """", ""zip"": """"}'}",1.08E+11,,3,3,1,1,5,wood frame (5),5,wood frame (5),,,,,,
5ea20730c2aeecdcc61c57bc,2.01E+11,8,otc alterations permit,2007-01-10T00:00:00.000,862,27,723,Haight,St,"remodel (e) kitchen at 2nd floor (unit #2), remove (e) partition walls at ground level, remove door and window at rear elevation & relocate door, provide (n) 1-hr rated corridor to (e) exit passageway",expired,2009-06-03T00:00:00.000,2007-01-10T00:00:00.000,2007-01-10T00:00:00.000,2007-07-10T00:00:00.000Z,10000,10000,apartments,apartments,2,5,Haight Ashbury,94117,"{'latitude': '37.77141948829418', 'longitude': '-122.43413603090688', 'human_address': '{""address"": """", ""city"": """", ""state"": """", ""zip"": """"}'}",1.08E+11,,4,4,6,6,5,wood frame (5),5,wood frame (5),,,,,,
5ea20730c2aeecdcc61c57bd,M53503,8,otc alterations permit,2007-01-10T00:00:00.000,1528,1,5201,Geary,Bl,street space,issued,2007-01-10T00:00:00.000,2007-01-10T00:00:00.000,2007-01-10T00:00:00.000,,,0,,,,1,Outer Richmond,94118,"{'latitude': '37.78024782265665', 'longitude': '-122.47526607788316', 'human_address': '{""address"": """", ""city"": """", ""state"": """", ""zip"": """"}'}",1.08E+12,,,,,,,,,,,,,,,
5ea20730c2aeecdcc61c57be,2.01E+11,8,otc alterations permit,2007-01-10T00:00:00.000,6954,022C,975,Cayuga,Av,reroofing,expired,2007-08-09T00:00:00.000,2007-01-10T00:00:00.000,2007-01-10T00:00:00.000,2007-07-10T00:00:00.000Z,6480,6480,1 family dwelling,1 family dwelling,0,11,Outer Mission,94112,"{'latitude': '37.722424967405395', 'longitude': '-122.43927168116689', 'human_address': '{""address"": """", ""city"": """", ""state"": """", ""zip"": """"}'}",1.08E+12,,,,,,,,,,,,,,,
5ea20730c2aeecdcc61c57bf,2.01E+11,8,otc alterations permit,2007-01-10T00:00:00.000,4968,31,1125,Ingerson,Av,"to replace approximily 500 sqft of redwood siding on left side of building. repair of 10 feet of foundation on left side. install, new foundation j bolts on all foundation repair some dry rot on existing doundation plates or 2x4 studs.",expired,2007-07-02T00:00:00.000,2007-01-10T00:00:00.000,2007-01-10T00:00:00.000,2007-05-10T00:00:00.000Z,5000,5000,1 family dwelling,1 family dwelling,0,10,Bayview Hunters Point,94124,"{'latitude': '37.72016998645565', 'longitude': '-122.39542270177228', 'human_address': '{""address"": """", ""city"": """", ""state"": """", ""zip"": """"}'}",1.08E+12,,2,2,1,1,5,wood frame (5),5,wood frame (5),,,,,,
5ea20730c2aeecdcc61c57c0,2.01E+11,8,otc alterations permit,2007-01-10T00:00:00.000,3532,58,73,Woodward,St,reroofing,complete,2012-06-29T00:00:00.000,2007-01-10T00:00:00.000,2007-01-10T00:00:00.000,2007-07-10T00:00:00.000Z,7480,7480,apartments,apartments,0,9,Mission,94103,"{'latitude': '37.768834066736545', 'longitude': '-122.420644052027', 'human_address': '{""address"": """", ""city"": """", ""state"": """", ""zip"": """"}'}",1.08E+12,,,,,,,,,,2012-06-29T00:00:00.000,,,,,
5ea20730c2aeecdcc61c57c1,2.01E+11,3,additions alterations or repairs,2007-01-10T00:00:00.000,3775,53,70,South Park,,revision to application 200510064957 s-1 update structural  dreawings for segamentd pour and steam walls,withdrawn,2007-02-01T00:00:00.000,2007-01-10T00:00:00.000,,,1,,1 family dwelling,1 family dwelling,2,6,Financial District/South Beach,94107,"{'latitude': '37.78206805521809', 'longitude': '-122.39395673506083', 'human_address': '{""address"": """", ""city"": """", ""state"": """", ""zip"": """"}'}",1.08E+12,,3,3,1,1,1,constr type 1,1,constr type 1,,,,,,
5ea20730c2aeecdcc61c57c2,2.01E+11,8,otc alterations permit,2007-01-10T00:00:00.000,1856,40,1528,11th,Av,rev. to pa#2005/07/07/7031- closet and bathroom removel on second floor a.3. new wood screening on roof deck. all on separate permit in future.,complete,2007-01-30T00:00:00.000,2007-01-10T00:00:00.000,2007-01-10T00:00:00.000,2007-05-10T00:00:00.000Z,1,1,1 family dwelling,1 family dwelling,0,7,Inner Sunset,94122,"{'latitude': '37.759676641726855', 'longitude': '-122.46782530344032', 'human_address': '{""address"": """", ""city"": """", ""state"": """", ""zip"": """"}'}",1.08E+12,,2,2,1,1,5,wood frame (5),5,wood frame (5),2007-01-30T00:00:00.000,,,,,
5ea20730c2aeecdcc61c57c3,2.01E+11,8,otc alterations permit,2007-01-10T00:00:00.000,7013,37,58,Jules,Av,"new double pained windows will be installed, two are in front and two are in back.",expired,2009-04-06T00:00:00.000,2007-01-10T00:00:00.000,2007-01-10T00:00:00.000,2007-05-10T00:00:00.000Z,3500,3500,1 family dwelling,1 family dwelling,0,11,Oceanview/Merced/Ingleside,94112,"{'latitude': '37.719287218928265', 'longitude': '-122.4609206433264', 'human_address': '{""address"": """", ""city"": """", ""state"": """", ""zip"": """"}'}",1.08E+12,,2,2,1,1,5,wood frame (5),5,wood frame (5),,,,,,
5ea20730c2aeecdcc61c57c4,2.01E+11,8,otc alterations permit,2007-01-10T00:00:00.000,868,11,244,Hermann,St,"install 12 vinyl windows in kind into (e) frames. no change in size or location. windows do face the street. if applicable, bedroom windows will comply with section 310.4 for rescue. all windows will be double pane & have a u-factor of 0.30.",complete,2007-02-14T00:00:00.000,2007-01-10T00:00:00.000,2007-01-10T00:00:00.000,2007-07-10T00:00:00.000Z,5933,5933,apartments,apartments,0,5,Hayes Valley,94117,"{'latitude': '37.77054078660429', 'longitude': '-122.4292464893063', 'human_address': '{""address"": """", ""city"": """", ""state"": """", ""zip"": """"}'}",1.08E+11,,2,2,4,4,5,wood frame (5),5,wood frame (5),2007-02-14T00:00:00.000,,,,,
5ea20730c2aeecdcc61c57c5,2.01E+11,8,otc alterations permit,2007-01-10T00:00:00.000,2375,21,3620,Taraval,St,unit#1. install 3 vinyl windows in kind into (e) frames.no change in size or location. windows do face the street. all windows will be double pane & have a u-factor of 0.30.,complete,2007-03-08T00:00:00.000,2007-01-10T00:00:00.000,2007-01-10T00:00:00.000,2007-05-10T00:00:00.000Z,2897,2897,2 family dwelling,2 family dwelling,0,4,Sunset/Parkside,94116,"{'latitude': '37.742003103936156', 'longitude': '-122.50508751489104', 'human_address': '{""address"": """", ""city"": """", ""state"": """", ""zip"": """"}'}",1.08E+12,,2,2,2,2,5,wood frame (5),5,wood frame (5),2007-03-08T00:00:00.000,,,,,
5ea20730c2aeecdcc61c57c6,2.01E+11,8,otc alterations permit,2007-01-10T00:00:00.000,2518,36,2821,Yorba,St,"install 3 vinyl windows in kind into (e) frames. no change in size or location. windows do face the front. if applicable, bedroom windows will comply with section 310.4 for rescue. windows do face the street. all windows will be double pane & have a u-factor of 0.30.",issued,2007-01-10T00:00:00.000,2007-01-10T00:00:00.000,2007-01-10T00:00:00.000,2007-05-10T00:00:00.000Z,3188,3188,1 family dwelling,1 family dwelling,0,4,Sunset/Parkside,94116,"{'latitude': '37.73441320792425', 'longitude': '-122.49699699428179', 'human_address': '{""address"": """", ""city"": """", ""state"": """", ""zip"": """"}'}",1.08E+12,,2,2,1,1,5,wood frame (5),5,wood frame (5),,,,,,
5ea20730c2aeecdcc61c57c7,2.01E+11,8,otc alterations permit,2007-01-10T00:00:00.000,1895,26,1678,Great,Hy,"revisiont permit to: app.#20404060513, pernut 1021694. ab built condition in living room area, kitchen layout and family room colset and bedroom.",complete,2008-03-14T00:00:00.000,2007-01-10T00:00:00.000,2007-01-10T00:00:00.000,2007-05-10T00:00:00.000Z,1,1,1 family dwelling,1 family dwelling,2,4,Sunset/Parkside,94122,"{'latitude': '37.75515709321531', 'longitude': '-122.50842135800593', 'human_address': '{""address"": """", ""city"": """", ""state"": """", ""zip"": """"}'}",1.08E+12,,2,2,1,1,5,wood frame (5),5,wood frame (5),2008-03-14T00:00:00.000,,,,,
5ea20730c2aeecdcc61c57c8,2.01E+11,8,otc alterations permit,2007-01-10T00:00:00.000,4710,60,1550,La Salle,Av,"safety bars on three windows (2 in the back of the upstairs, 1 on the side downstair) and on the gate door (back of the house).1 more in front of the house downstairs. totl 4 windows & 1 door. safety bars operable from inside without tools.",complete,2007-04-13T00:00:00.000,2007-01-10T00:00:00.000,2007-01-10T00:00:00.000,2007-05-10T00:00:00.000Z,1000,1000,1 family dwelling,1 family dwelling,0,10,Bayview Hunters Point,94124,"{'latitude': '37.73614514857685', 'longitude': '-122.38759205712786', 'human_address': '{""address"": """", ""city"": """", ""state"": """", ""zip"": """"}'}",1.08E+12,,2,2,1,1,5,wood frame (5),5,wood frame (5),2007-04-13T00:00:00.000,,,,,
5ea20730c2aeecdcc61c57c9,2.01E+11,8,otc alterations permit,2007-01-10T00:00:00.000,6022,31,800,Excelsior,Av,reroofing.,expired,2007-11-30T00:00:00.000,2007-01-10T00:00:00.000,2007-01-10T00:00:00.000,2007-07-10T00:00:00.000Z,8100,8100,1 family dwelling,1 family dwelling,0,11,Excelsior,94112,"{'latitude': '37.72297827910005', 'longitude': '-122.42707399019837', 'human_address': '{""address"": """", ""city"": """", ""state"": """", ""zip"": """"}'}",1.08E+12,,,,,,,,,,,,,,,
5ea20730c2aeecdcc61c57ca,M53522,8,otc alterations permit,2007-01-10T00:00:00.000,1215,16,1100,Oak,St,street space & sidewalk,issued,2007-01-10T00:00:00.000,2007-01-10T00:00:00.000,2007-01-10T00:00:00.000,,,0,,,,5,Hayes Valley,94117,"{'latitude': '37.7733640668518', 'longitude': '-122.43787522657315', 'human_address': '{""address"": """", ""city"": """", ""state"": """", ""zip"": """"}'}",1.08E+11,,,,,,,,,,,,,,,
5ea20730c2aeecdcc61c57cb,M53523,8,otc alterations permit,2007-01-10T00:00:00.000,5362,3,5245,03rd,St,sidewalk,issued,2007-01-10T00:00:00.000,2007-01-10T00:00:00.000,2007-01-10T00:00:00.000,,,0,,,,10,Bayview Hunters Point,94124,"{'latitude': '37.73021354609903', 'longitude': '-122.39201808948252', 'human_address': '{""address"": """", ""city"": """", ""state"": """", ""zip"": """"}'}",1.08E+12,,,,,,,,,,,,,,,
5ea20730c2aeecdcc61c57cc,M53524,8,otc alterations permit,2007-01-10T00:00:00.000,1229,33,1700,Haight,St,sidewalk,issued,2007-01-10T00:00:00.000,2007-01-10T00:00:00.000,2007-01-10T00:00:00.000,,,0,,,,5,Haight Ashbury,94117,"{'latitude': '37.769790601805454', 'longitude': '-122.45045850523246', 'human_address': '{""address"": """", ""city"": """", ""state"": """", ""zip"": """"}'}",10795362379,,,,,,,,,,,,,,,
5ea20730c2aeecdcc61c57cd,M53525,8,otc alterations permit,2007-01-10T00:00:00.000,1228,5,1878,Haight,St,sidewalk,issued,2007-01-10T00:00:00.000,2007-01-10T00:00:00.000,2007-01-10T00:00:00.000,,,0,,,,5,Haight Ashbury,94117,"{'latitude': '37.76954808656871', 'longitude': '-122.45281470382479', 'human_address': '{""address"": """", ""city"": """", ""state"": """", ""zip"": """"}'}",1.08E+12,,,,,,,,,,,,,,,
5ea20730c2aeecdcc61c57ce,M53526,8,otc alterations permit,2007-01-10T00:00:00.000,1228,6,690,Stanyan,St,sidewalk,issued,2007-01-10T00:00:00.000,2007-01-10T00:00:00.000,2007-01-10T00:00:00.000,,,0,,,,5,Haight Ashbury,94117,"{'latitude': '37.769485908014', 'longitude': '-122.45328169319872', 'human_address': '{""address"": """", ""city"": """", ""state"": """", ""zip"": """"}'}",1.08E+12,,,,,,,,,,,,,,,
5ea20730c2aeecdcc61c57cf,M53527,8,otc alterations permit,2007-01-10T00:00:00.000,3932,1,208,Utah,St,street space permit only.,issued,2007-01-10T00:00:00.000,2007-01-10T00:00:00.000,2007-01-10T00:00:00.000,,,0,,,,10,Mission,94103,"{'latitude': '37.76676642726421', 'longitude': '-122.40712560720348', 'human_address': '{""address"": """", ""city"": """", ""state"": """", ""zip"": """"}'}",1.08E+12,,,,,,,,,,,,,,,
5ea20730c2aeecdcc61c57d0,2.01E+11,4,sign - erect,2007-01-10T00:00:00.000,489,22,2398,Lombard,St,to erect a single-faced non-electric walal sign,complete,2007-02-01T00:00:00.000,2007-01-10T00:00:00.000,2007-01-10T00:00:00.000,2007-07-10T00:00:00.000Z,,7000,retail sales,,2,2,Marina,94123,"{'latitude': '37.79950902441924', 'longitude': '-122.44086756460982', 'human_address': '{""address"": """", ""city"": """", ""state"": """", ""zip"": """"}'}",1.08E+12,,,,,,,,,,2007-02-01T00:00:00.000,,,,,
5ea20730c2aeecdcc61c57d1,2.01E+11,8,otc alterations permit,2007-01-10T00:00:00.000,5575,8,16,Joy,St,remove stucco on front of building. re-finish & paint (e) redwood siding. replace 3 windows of same design & size on front of building. replace wood deck of same design & size on front of house. no framing or concrete alterations are planned.,expired,2007-08-01T00:00:00.000,2007-01-10T00:00:00.000,2007-01-10T00:00:00.000,2007-07-10T00:00:00.000Z,20000,20000,1 family dwelling,1 family dwelling,0,9,Bernal Heights,94110,"{'latitude': '37.743940386796424', 'longitude': '-122.40685209756282', 'human_address': '{""address"": """", ""city"": """", ""state"": """", ""zip"": """"}'}",1.08E+12,,2,2,1,1,5,wood frame (5),5,wood frame (5),,,,,,
5ea20730c2aeecdcc61c57d2,2.01E+11,8,otc alterations permit,2007-01-10T00:00:00.000,2618A,21,60,Clifford,Tr,"item ia,3a,3b,3c,5a,5b,5c & 5d per lingruen assoc. report #48843 &8843-s1 (non structural work)",complete,2007-02-01T00:00:00.000,2007-01-10T00:00:00.000,2007-01-10T00:00:00.000,2007-07-10T00:00:00.000Z,9500,9500,1 family dwelling,1 family dwelling,0,8,Castro/Upper Market,94117,"{'latitude': '37.76408753102657', 'longitude': '-122.4437695735175', 'human_address': '{""address"": """", ""city"": """", ""state"": """", ""zip"": """"}'}",1.08E+12,,2,2,1,1,5,wood frame (5),5,wood frame (5),2007-02-01T00:00:00.000,,,,,
5ea20730c2aeecdcc61c57d3,M53542,8,otc alterations permit,2007-01-10T00:00:00.000,5575,8,16,Joy,St,street space permit only.,issued,2007-01-10T00:00:00.000,2007-01-10T00:00:00.000,2007-01-10T00:00:00.000,,,0,,,,9,Bernal Heights,94110,"{'latitude': '37.743940386796424', 'longitude': '-122.40685209756282', 'human_address': '{""address"": """", ""city"": """", ""state"": """", ""zip"": """"}'}",1.08E+12,,,,,,,,,,,,,,,
5ea20730c2aeecdcc61c57d4,M53543,8,otc alterations permit,2007-01-10T00:00:00.000,3786,13,310,Townsend,St,street space,issued,2007-01-10T00:00:00.000,2007-01-10T00:00:00.000,2007-01-10T00:00:00.000,,,0,,,,6,South of Market,94107,"{'latitude': '37.777052036991954', 'longitude': '-122.39574899018349', 'human_address': '{""address"": """", ""city"": """", ""state"": """", ""zip"": """"}'}",1.08E+12,0,,,,,,,,,,,,,,
5ea20730c2aeecdcc61c57d5,M53544,8,otc alterations permit,2007-01-10T00:00:00.000,6516,9,2884,Mission,St,street space & sidewalk repair,issued,2007-01-10T00:00:00.000,2007-01-10T00:00:00.000,2007-01-10T00:00:00.000,,,0,,,,9,Mission,94110,"{'latitude': '37.75079553471085', 'longitude': '-122.4186488303516', 'human_address': '{""address"": """", ""city"": """", ""state"": """", ""zip"": """"}'}",1.08E+12,,,,,,,,,,,,,,,
5ea20730c2aeecdcc61c57d6,M53544,8,otc alterations permit,2007-01-10T00:00:00.000,6516,9,2890,Mission,St,street space & sidewalk repair,issued,2007-01-10T00:00:00.000,2007-01-10T00:00:00.000,2007-01-10T00:00:00.000,,,0,,,,9,Mission,94110,"{'latitude': '37.75079553471085', 'longitude': '-122.4186488303516', 'human_address': '{""address"": """", ""city"": """", ""state"": """", ""zip"": """"}'}",1.08E+12,,,,,,,,,,,,,,,
5ea20730c2aeecdcc61c57d7,2.01E+11,3,additions alterations or repairs,2007-01-10T00:00:00.000,3000B,17,675,Teresita,Bl,"remodel of (e) residence to include (n) master suite (nte 500 sq ft). replace (e) siding, add all windows and exit doors. new decks and balconies, interior stair to be replaced. no vertical.",complete,2009-05-28T00:00:00.000,2007-01-10T00:00:00.000,2007-09-04T00:00:00.000,2008-09-04T00:00:00.000Z,100000,275000,1 family dwelling,1 family dwelling,2,7,West of Twin Peaks,94131,"{'latitude': '37.736017263394785', 'longitude': '-122.44582902716726', 'human_address': '{""address"": """", ""city"": """", ""state"": """", ""zip"": """"}'}",1.08E+12,,3,3,1,1,5,wood frame (5),5,wood frame (5),2009-05-28T00:00:00.000,Y,Y,,,
5ea20730c2aeecdcc61c57d8,2.01E+11,8,otc alterations permit,2007-01-10T00:00:00.000,1155,18,914,Divisadero,St,to renew pa# 2005/09/02/2013 to continue work.,expired,2011-01-20T00:00:00.000,2007-01-10T00:00:00.000,2007-01-10T00:00:00.000,2008-01-10T00:00:00.000Z,50000,50000,office,2 family dwelling,0,5,Western Addition,94115,"{'latitude': '37.778095523567764', 'longitude': '-122.43810811490475', 'human_address': '{""address"": """", ""city"": """", ""state"": """", ""zip"": """"}'}",1.08E+11,,4,4,0,2,5,wood frame (5),5,wood frame (5),,,,,,
5ea20730c2aeecdcc61c57d9,2.01E+11,6,demolitions,2007-01-10T00:00:00.000,4108,003F,2420,03rd,St,to demolish 1 story building,complete,2007-02-16T00:00:00.000,2007-01-10T00:00:00.000,2007-01-10T00:00:00.000,2007-07-09T00:00:00.000Z,,,barber/beauty salon,,0,10,Potrero Hill,94107,"{'latitude': '37.75894062441518', 'longitude': '-122.38872195088865', 'human_address': '{""address"": """", ""city"": """", ""state"": """", ""zip"": """"}'}",1.08E+12,,1,,0,,5,wood frame (5),,,2007-02-16T00:00:00.000,,,,,
5ea20730c2aeecdcc61c57da,M53545,8,otc alterations permit,2007-01-10T00:00:00.000,5710,23,29,Gladys,St,street space permit only.,issued,2007-01-10T00:00:00.000,2007-01-10T00:00:00.000,2007-01-10T00:00:00.000,,,0,,,,9,Bernal Heights,94110,"{'latitude': '37.73967856610072', 'longitude': '-122.42237884479093', 'human_address': '{""address"": """", ""city"": """", ""state"": """", ""zip"": """"}'}",1.08E+12,,,,,,,,,,,,,,,
5ea20730c2aeecdcc61c57db,2.01E+11,8,otc alterations permit,2007-01-10T00:00:00.000,6536,23,1175,Sanchez,St,"replace (e) brick foundation with reinforced concrete foundation, replace one section of central support beam with steel i beam.",complete,2008-11-25T00:00:00.000,2007-01-10T00:00:00.000,2007-01-10T00:00:00.000,2008-01-10T00:00:00.000Z,35000,35000,2 family dwelling,2 family dwelling,2,8,Noe Valley,94114,"{'latitude': '37.75026410880694', 'longitude': '-122.4292122772067', 'human_address': '{""address"": """", ""city"": """", ""state"": """", ""zip"": """"}'}",1.08E+12,,3,3,2,2,5,wood frame (5),5,wood frame (5),2008-11-25T00:00:00.000,,,,,
5ea20730c2aeecdcc61c57dc,2.01E+11,8,otc alterations permit,2007-01-10T00:00:00.000,177,1,935,Kearny,St,renew pa#200603297769 for final inspection only.,complete,2007-01-18T00:00:00.000,2007-01-10T00:00:00.000,2007-01-10T00:00:00.000,2007-05-10T00:00:00.000Z,1,1,residential hotel,residential hotel,0,3,Chinatown,94133,"{'latitude': '37.79678685362231', 'longitude': '-122.40557965827051', 'human_address': '{""address"": """", ""city"": """", ""state"": """", ""zip"": """"}'}",10795532153,,4,4,149,149,3,constr type 3,3,constr type 3,2007-01-18T00:00:00.000,,,,,
5ea20730c2aeecdcc61c57dd,2.01E+11,8,otc alterations permit,2007-01-10T00:00:00.000,7096A,36,18,Moneta,Ct,renew pa#2005/12/19/0606 for final inspection only,expired,2008-05-22T00:00:00.000,2007-01-10T00:00:00.000,2007-01-10T00:00:00.000,2007-05-10T00:00:00.000Z,1,1,1 family dwelling,1 family dwelling,0,11,Outer Mission,94112,"{'latitude': '37.71336312419069', 'longitude': '-122.44943069280687', 'human_address': '{""address"": """", ""city"": """", ""state"": """", ""zip"": """"}'}",1.08E+12,,2,2,1,1,5,wood frame (5),5,wood frame (5),,,,,,
5ea20730c2aeecdcc61c57de,M53546,8,otc alterations permit,2007-01-10T00:00:00.000,200,14,460,Davis,St,street space permit only.,issued,2007-01-10T00:00:00.000,2007-01-10T00:00:00.000,2007-01-10T00:00:00.000,,,0,,,,3,Financial District/South Beach,94111,"{'latitude': '37.79669693582685', 'longitude': '-122.39777129258873', 'human_address': '{""address"": """", ""city"": """", ""state"": """", ""zip"": """"}'}",1.08E+12,,,,,,,,,,,,,,,
5ea20730c2aeecdcc61c57df,2.01E+11,8,otc alterations permit,2007-01-10T00:00:00.000,2683,5,361,Warren,Dr,"revise appl#200606053193, revise design at  master bath, replace all windows same size, same kind wood windows. remodel (e) 2 baths and kitchen at 2/f",complete,2007-12-05T00:00:00.000,2007-01-10T00:00:00.000,2007-01-10T00:00:00.000,2007-07-10T00:00:00.000Z,22000,22000,1 family dwelling,1 family dwelling,2,7,Inner Sunset,94131,"{'latitude': '37.75587718575485', 'longitude': '-122.46158886846138', 'human_address': '{""address"": """", ""city"": """", ""state"": """", ""zip"": """"}'}",1.08E+12,,2,2,1,1,5,wood frame (5),5,wood frame (5),2007-12-05T00:00:00.000,,,,,
5ea20730c2aeecdcc61c57e0,2.01E+11,8,otc alterations permit,2007-01-10T00:00:00.000,1799,21,1390,45th,Av,replace bath tub. repair & replace damaged walls. repair & replace damaged counter.,issued,2007-01-10T00:00:00.000,2007-01-10T00:00:00.000,2007-01-10T00:00:00.000,2007-05-10T00:00:00.000Z,1000,1000,1 family dwelling,1 family dwelling,0,4,Sunset/Parkside,94122,"{'latitude': '37.76069744292894', 'longitude': '-122.5045867662041', 'human_address': '{""address"": """", ""city"": """", ""state"": """", ""zip"": """"}'}",1.08E+12,,3,3,1,1,5,wood frame (5),5,wood frame (5),,,,,,
5ea20730c2aeecdcc61c57e1,2.01E+11,8,otc alterations permit,2007-01-10T00:00:00.000,1641,43,630,04th,Av,"interior remodeling for an existing residential unit. work includes relocation of kitchen and bedrrom. rearrange of bathrooms as shown, relocate water heater to basement at an open space.",complete,2007-08-07T00:00:00.000,2007-01-10T00:00:00.000,2007-01-10T00:00:00.000,2007-07-10T00:00:00.000Z,25000,25000,2 family dwelling,2 family dwelling,2,1,Inner Richmond,94118,"{'latitude': '37.77676314797811', 'longitude': '-122.46149787639686', 'human_address': '{""address"": """", ""city"": """", ""state"": """", ""zip"": """"}'}",1.08E+12,,2,2,2,2,5,wood frame (5),5,wood frame (5),2007-08-07T00:00:00.000,,,,,
5ea20730c2aeecdcc61c57e2,2.01E+11,3,additions alterations or repairs,2007-01-10T00:00:00.000,229,3,301,Battery,St,"mechanical work, chiller replacement and lighting control. floor 1 thru penthouse.",complete,2008-09-25T00:00:00.000,2007-01-10T00:00:00.000,2007-02-27T00:00:00.000,2009-08-27T00:00:00.000Z,2000000,2000000,office,office,2,3,Chinatown,94111,"{'latitude': '37.79428947707852', 'longitude': '-122.40078475025547', 'human_address': '{""address"": """", ""city"": """", ""state"": """", ""zip"": """"}'}",1.08E+12,,8,8,0,0,2,constr type 2,2,constr type 2,2008-09-25T00:00:00.000,,,,,
5ea20730c2aeecdcc61c57e3,2.01E+11,8,otc alterations permit,2007-01-10T00:00:00.000,3606,48,232,Liberty,St,replace kitchen cabinets + countertops in same locations. (lower unit) (no change in lighting).,complete,2007-03-05T00:00:00.000,2007-01-10T00:00:00.000,2007-01-10T00:00:00.000,2007-07-10T00:00:00.000Z,25000,25000,2 family dwelling,2 family dwelling,0,8,Castro/Upper Market,94114,"{'latitude': '37.75762072705879', 'longitude': '-122.42658440146589', 'human_address': '{""address"": """", ""city"": """", ""state"": """", ""zip"": """"}'}",1.08E+12,,2,2,2,2,5,wood frame (5),5,wood frame (5),2007-03-05T00:00:00.000,,,,,
5ea20730c2aeecdcc61c57e4,2.01E+11,8,otc alterations permit,2007-01-10T00:00:00.000,7138,22,182,Sagamore,St,renewal of permit applic. #2006/02/17/4950 for final inspection only.,complete,2007-01-16T00:00:00.000,2007-01-10T00:00:00.000,2007-01-10T00:00:00.000,2007-05-10T00:00:00.000Z,1,1,1 family dwelling,1 family dwelling,0,11,Oceanview/Merced/Ingleside,94112,"{'latitude': '37.711699507056686', 'longitude': '-122.45851796471565', 'human_address': '{""address"": """", ""city"": """", ""state"": """", ""zip"": """"}'}",1.08E+12,,2,2,1,1,5,wood frame (5),5,wood frame (5),2007-01-16T00:00:00.000,,,,,
5ea20730c2aeecdcc61c57e5,2.01E+11,8,otc alterations permit,2007-01-10T00:00:00.000,5437,41,2469,San Bruno,Av,reroofing,complete,2007-01-24T00:00:00.000,2007-01-10T00:00:00.000,2007-01-10T00:00:00.000,2007-07-10T00:00:00.000Z,19303,19303,1 family dwelling,1 family dwelling,0,9,Portola,94134,"{'latitude': '37.73099141407293', 'longitude': '-122.4047572902765', 'human_address': '{""address"": """", ""city"": """", ""state"": """", ""zip"": """"}'}",1.08E+12,,,,,,,,,,2007-01-24T00:00:00.000,,,,,
5ea20730c2aeecdcc61c57e6,M53562,8,otc alterations permit,2007-01-10T00:00:00.000,3533,73,45,Brosnan,St,street space,issued,2007-01-10T00:00:00.000,2007-01-10T00:00:00.000,2007-01-10T00:00:00.000,,,0,,,,8,Mission,94103,"{'latitude': '37.76855043225975', 'longitude': '-122.42331806825595', 'human_address': '{""address"": """", ""city"": """", ""state"": """", ""zip"": """"}'}",1.08E+12,,,,,,,,,,,,,,,
5ea20730c2aeecdcc61c57e7,2.01E+11,8,otc alterations permit,2007-01-10T00:00:00.000,3704,50,47,06th,St,"renew pa#200406216923,3200304112095 to continue work.",issued,2007-01-10T00:00:00.000,2007-01-10T00:00:00.000,2007-01-10T00:00:00.000,2007-05-10T00:00:00.000Z,1000,1000,residential hotel,residential hotel,0,6,South of Market,94103,"{'latitude': '37.78168696794942', 'longitude': '-122.40922244503778', 'human_address': '{""address"": """", ""city"": """", ""state"": """", ""zip"": """"}'}",1.08E+12,,5,5,63,63,5,wood frame (5),5,wood frame (5),,,,,,
5ea20730c2aeecdcc61c57e8,2.01E+11,8,otc alterations permit,2007-01-10T00:00:00.000,3704,50,55,06th,St,"renew pa#200406216923,3200304112095 to continue work.",issued,2007-01-10T00:00:00.000,2007-01-10T00:00:00.000,2007-01-10T00:00:00.000,2007-05-10T00:00:00.000Z,1000,1000,residential hotel,residential hotel,0,6,South of Market,94103,"{'latitude': '37.78168696794942', 'longitude': '-122.40922244503778', 'human_address': '{""address"": """", ""city"": """", ""state"": """", ""zip"": """"}'}",1.08E+12,,5,5,63,63,5,wood frame (5),5,wood frame (5),,,,,,
5ea20730c2aeecdcc61c57e9,2.01E+11,8,otc alterations permit,2007-01-10T00:00:00.000,804,2,643,Webster,St,revision to appl#200612270583 change from cast-in-place to shotcrete for foundation strengthening.,complete,2007-01-29T00:00:00.000,2007-01-10T00:00:00.000,2007-01-10T00:00:00.000,2007-05-10T00:00:00.000Z,1,1,apartments,apartments,2,5,Hayes Valley,94117,"{'latitude': '37.77667142659695', 'longitude': '-122.42997201236338', 'human_address': '{""address"": """", ""city"": """", ""state"": """", ""zip"": """"}'}",1.08E+12,,3,3,10,10,5,wood frame (5),5,wood frame (5),2007-01-29T00:00:00.000,,,,,
5ea20730c2aeecdcc61c57ea,2.01E+11,8,otc alterations permit,2007-01-10T00:00:00.000,2503A,6,2735,34th,Av,reroofing.,complete,2007-07-19T00:00:00.000,2007-01-10T00:00:00.000,2007-01-10T00:00:00.000,2007-07-10T00:00:00.000Z,15981,15981,1 family dwelling,1 family dwelling,0,4,Sunset/Parkside,94116,"{'latitude': '37.736562637232524', 'longitude': '-122.49170229497658', 'human_address': '{""address"": """", ""city"": """", ""state"": """", ""zip"": """"}'}",1.08E+12,,,,,,,,,,2007-07-19T00:00:00.000,,,,,
5ea20730c2aeecdcc61c57eb,2.01E+11,8,otc alterations permit,2007-01-10T00:00:00.000,3729,57,249,09th,St,(e) garage room with stainless steel surround.,complete,2007-08-06T00:00:00.000,2007-01-10T00:00:00.000,2007-01-10T00:00:00.000,2007-05-10T00:00:00.000Z,1000,1000,residential hotel,residential hotel,2,6,South of Market,94103,"{'latitude': '37.774508876514055', 'longitude': '-122.41217066101979', 'human_address': '{""address"": """", ""city"": """", ""state"": """", ""zip"": """"}'}",1.08E+12,,3,3,20,20,5,wood frame (5),5,wood frame (5),2007-08-06T00:00:00.000,,,,,
5ea20730c2aeecdcc61c57ec,2.01E+11,8,otc alterations permit,2007-01-10T00:00:00.000,3729,57,251,09th,St,(e) garage room with stainless steel surround.,complete,2007-08-06T00:00:00.000,2007-01-10T00:00:00.000,2007-01-10T00:00:00.000,2007-05-10T00:00:00.000Z,1000,1000,residential hotel,residential hotel,2,6,South of Market,94103,"{'latitude': '37.774508876514055', 'longitude': '-122.41217066101979', 'human_address': '{""address"": """", ""city"": """", ""state"": """", ""zip"": """"}'}",1.08E+12,,3,3,20,20,5,wood frame (5),5,wood frame (5),2007-08-06T00:00:00.000,,,,,
5ea20730c2aeecdcc61c57ed,2.01E+11,8,otc alterations permit,2007-01-10T00:00:00.000,6552,22,1285,Sanchez,St,termit & dryrot repair# 8680-06.,expired,2008-05-14T00:00:00.000,2007-01-10T00:00:00.000,2007-01-10T00:00:00.000,2007-07-10T00:00:00.000Z,7100,7100,2 family dwelling,2 family dwelling,0,,,,,1.08E+12,,2,2,2,2,5,wood frame (5),5,wood frame (5),,,,,,
5ea20730c2aeecdcc61c57ee,2.01E+11,8,otc alterations permit,2007-01-10T00:00:00.000,6552,22,1287,Sanchez,St,termit & dryrot repair# 8680-06.,expired,2008-05-14T00:00:00.000,2007-01-10T00:00:00.000,2007-01-10T00:00:00.000,2007-07-10T00:00:00.000Z,7100,7100,2 family dwelling,2 family dwelling,0,,,,,1.08E+12,,2,2,2,2,5,wood frame (5),5,wood frame (5),,,,,,
5ea20730c2aeecdcc61c57ef,2.01E+11,8,otc alterations permit,2007-01-10T00:00:00.000,3544,40,62,Landers,St,"remove  & replace  (e) plywood & rustic siding in the left side lightwell. also repair strructurally damaged studs, plate a sill. approx 100sqft.dryrot  repair only. not visible from street replace in kind.",expired,2008-04-18T00:00:00.000,2007-01-10T00:00:00.000,2007-01-10T00:00:00.000,2007-07-10T00:00:00.000Z,6500,6500,apartments,apartments,0,8,Castro/Upper Market,94114,"{'latitude': '37.76680613769998', 'longitude': '-122.42809136294592', 'human_address': '{""address"": """", ""city"": """", ""state"": """", ""zip"": """"}'}",1.08E+12,,3,3,3,3,5,wood frame (5),5,wood frame (5),,,,,,
5ea20730c2aeecdcc61c57f0,2.01E+11,8,otc alterations permit,2007-01-10T00:00:00.000,3544,40,64,Landers,St,"remove  & replace  (e) plywood & rustic siding in the left side lightwell. also repair strructurally damaged studs, plate a sill. approx 100sqft.dryrot  repair only. not visible from street replace in kind.",expired,2008-04-18T00:00:00.000,2007-01-10T00:00:00.000,2007-01-10T00:00:00.000,2007-07-10T00:00:00.000Z,6500,6500,apartments,apartments,0,8,Castro/Upper Market,94114,"{'latitude': '37.76680613769998', 'longitude': '-122.42809136294592', 'human_address': '{""address"": """", ""city"": """", ""state"": """", ""zip"": """"}'}",1.08E+12,,3,3,3,3,5,wood frame (5),5,wood frame (5),,,,,,
5ea20730c2aeecdcc61c57f1,2.01E+11,8,otc alterations permit,2007-01-10T00:00:00.000,3584,94,155,Hancock,St,aluminum replacement 2 windows & 1 sliding patio door. size for size. no new opening. clear opening to remain the same or greater. duel glazing. u valve 0.42 or lower.,expired,2010-02-02T00:00:00.000,2007-01-10T00:00:00.000,2007-01-10T00:00:00.000,2007-07-10T00:00:00.000Z,6661,6661,apartments,apartments,0,8,Castro/Upper Market,94114,"{'latitude': '37.76003536189801', 'longitude': '-122.43177147361828', 'human_address': '{""address"": """", ""city"": """", ""state"": """", ""zip"": """"}'}",1.08E+12,2,4,4,6,6,5,wood frame (5),5,wood frame (5),,,,,,
5ea20730c2aeecdcc61c57f2,2.01E+11,3,additions alterations or repairs,2007-01-10T00:00:00.000,7109,19,825,Huron,Av,proposed two story horizontal addition @ front of bldg.,cancelled,2009-03-17T00:00:00.000,2007-01-10T00:00:00.000,,,150000,150000,1 family dwelling,1 family dwelling,2,11,Outer Mission,94112,"{'latitude': '37.71062898455714', 'longitude': '-122.45100173167633', 'human_address': '{""address"": """", ""city"": """", ""state"": """", ""zip"": """"}'}",1.08E+12,,2,2,1,1,5,wood frame (5),5,wood frame (5),,Y,Y,,,
5ea20730c2aeecdcc61c57f3,2.01E+11,8,otc alterations permit,2007-01-10T00:00:00.000,3584,95,155,Hancock,St,aluminum replacement 4 windows. size for size. no new opening. clear opening to remain the same or greater. duel glazing. u valve 0.42 or lower.,complete,2007-01-30T00:00:00.000,2007-01-10T00:00:00.000,2007-01-10T00:00:00.000,2007-05-10T00:00:00.000Z,2500,2500,apartments,apartments,0,8,Castro/Upper Market,94114,"{'latitude': '37.76003536189801', 'longitude': '-122.43177147361828', 'human_address': '{""address"": """", ""city"": """", ""state"": """", ""zip"": """"}'}",1.08E+12,3,4,4,6,6,5,wood frame (5),5,wood frame (5),2007-01-30T00:00:00.000,,,,,
5ea20730c2aeecdcc61c57f4,2.01E+11,8,otc alterations permit,2007-01-10T00:00:00.000,3584,96,155,Hancock,St,aluminum replacement 9 windows & 1 sliding patio door. like for like. no new opening. clear opening to remain the same or greater. duel glazing. u valve 0.42 or lower.,complete,2007-01-30T00:00:00.000,2007-01-10T00:00:00.000,2007-01-10T00:00:00.000,2007-05-10T00:00:00.000Z,3511,3511,apartments,apartments,0,8,Castro/Upper Market,94114,"{'latitude': '37.76003536189801', 'longitude': '-122.43177147361828', 'human_address': '{""address"": """", ""city"": """", ""state"": """", ""zip"": """"}'}",1.08E+12,4,4,4,6,6,5,wood frame (5),5,wood frame (5),2007-01-30T00:00:00.000,,,,,
5ea20730c2aeecdcc61c57f5,2.01E+11,8,otc alterations permit,2007-01-10T00:00:00.000,3584,97,155,Hancock,St,work @ unit# 5 only. aluminum replacement 7 windows. size for size. no new opening. clear opening to remain the same or greater. duel glazing. u valve 0.42 or lower.,complete,2007-01-30T00:00:00.000,2007-01-10T00:00:00.000,2007-01-10T00:00:00.000,2007-05-10T00:00:00.000Z,4002,4002,apartments,apartments,0,8,Castro/Upper Market,94114,"{'latitude': '37.76003536189801', 'longitude': '-122.43177147361828', 'human_address': '{""address"": """", ""city"": """", ""state"": """", ""zip"": """"}'}",1.08E+12,5,4,4,6,6,5,wood frame (5),5,wood frame (5),2007-01-30T00:00:00.000,,,,,
5ea20730c2aeecdcc61c57f6,2.01E+11,8,otc alterations permit,2007-01-10T00:00:00.000,993,21,3725,Washington,St,"replace 3 existing skylights  same size, location, style.",complete,2007-03-12T00:00:00.000,2007-01-10T00:00:00.000,2007-01-10T00:00:00.000,2007-07-10T00:00:00.000Z,6000,6000,1 family dwelling,1 family dwelling,0,2,Presidio Heights,94118,"{'latitude': '37.78877659062538', 'longitude': '-122.45436274204886', 'human_address': '{""address"": """", ""city"": """", ""state"": """", ""zip"": """"}'}",1.08E+11,,2,2,1,1,5,wood frame (5),5,wood frame (5),2007-03-12T00:00:00.000,,,,,
5ea20730c2aeecdcc61c57f7,2.01E+11,8,otc alterations permit,2007-01-10T00:00:00.000,3544,40,62,Landers,St,"remove  & replace  (e) plywood & rustic siding in the left side lightwell. also repair strructurally damaged studs, plate a sill. approx 100sqft.dryrot  repair only. not visible from street replace in kind.",expired,2008-04-18T00:00:00.000,2007-01-10T00:00:00.000,2007-01-10T00:00:00.000,2007-07-10T00:00:00.000Z,6500,6500,apartments,apartments,0,8,Castro/Upper Market,94114,"{'latitude': '37.76680613769998', 'longitude': '-122.42809136294592', 'human_address': '{""address"": """", ""city"": """", ""state"": """", ""zip"": """"}'}",1.08E+12,,3,3,3,3,5,wood frame (5),5,wood frame (5),,,,A,,
5ea20730c2aeecdcc61c57f8,2.01E+11,8,otc alterations permit,2007-01-10T00:00:00.000,7550,31,333,Addison,St,revise pa# 2007/01/02/0833. dryrot explore. repair sheething & siding and less than 10 studs. not visible from street.,complete,2007-02-06T00:00:00.000,2007-01-10T00:00:00.000,2007-01-10T00:00:00.000,2007-05-10T00:00:00.000Z,1,1,1 family dwelling,1 family dwelling,0,8,Glen Park,94131,"{'latitude': '37.73992689728953', 'longitude': '-122.43469595547313', 'human_address': '{""address"": """", ""city"": """", ""state"": """", ""zip"": """"}'}",1.08E+12,,2,2,1,1,5,wood frame (5),5,wood frame (5),2007-02-06T00:00:00.000,,,,,
5ea20730c2aeecdcc61c57f9,2.01E+11,8,otc alterations permit,2007-01-10T00:00:00.000,207,32,600,Montgomery,St,"oti-1  13th floor el, me, l/s, sp",complete,2008-12-17T00:00:00.000,2007-01-10T00:00:00.000,2007-01-10T00:00:00.000,2008-01-10T00:00:00.000Z,35000,35000,office,office,2,3,Chinatown,94111,"{'latitude': '37.79515270651952', 'longitude': '-122.4027150305396', 'human_address': '{""address"": """", ""city"": """", ""state"": """", ""zip"": """"}'}",1.08E+11,,48,48,0,0,1,constr type 1,1,constr type 1,2008-12-17T00:00:00.000,,,,,
5ea20730c2aeecdcc61c57fa,2.01E+11,8,otc alterations permit,2007-01-10T00:00:00.000,207,32,600,Montgomery,St,"oti-1, 5th floor, el, ls, sp",complete,2008-12-22T00:00:00.000,2007-01-10T00:00:00.000,2007-01-10T00:00:00.000,2007-07-10T00:00:00.000Z,20000,20000,office,office,2,3,Chinatown,94111,"{'latitude': '37.79515270651952', 'longitude': '-122.4027150305396', 'human_address': '{""address"": """", ""city"": """", ""state"": """", ""zip"": """"}'}",1.08E+11,,48,48,0,0,1,constr type 1,1,constr type 1,2008-12-22T00:00:00.000,,,,,
5ea20730c2aeecdcc61c57fb,M53582,8,otc alterations permit,2007-01-10T00:00:00.000,1422,39,206,12th,Av,street space,issued,2007-01-10T00:00:00.000,2007-01-10T00:00:00.000,2007-01-10T00:00:00.000,,,0,,,,1,Inner Richmond,94118,"{'latitude': '37.78428628910282', 'longitude': '-122.47078696424983', 'human_address': '{""address"": """", ""city"": """", ""state"": """", ""zip"": """"}'}",1.08E+12,,,,,,,,,,,,,,,
5ea20730c2aeecdcc61c57fc,M53582,8,otc alterations permit,2007-01-10T00:00:00.000,1422,39,212,12th,Av,street space,issued,2007-01-10T00:00:00.000,2007-01-10T00:00:00.000,2007-01-10T00:00:00.000,,,0,,,,1,Inner Richmond,94118,"{'latitude': '37.78428628910282', 'longitude': '-122.47078696424983', 'human_address': '{""address"": """", ""city"": """", ""state"": """", ""zip"": """"}'}",1.08E+12,,,,,,,,,,,,,,,
5ea20730c2aeecdcc61c57fd,2.01E+11,8,otc alterations permit,2007-01-10T00:00:00.000,1125,9,2010,Eddy,St,"all work in kind: to repair dry rot sill plate, 14' in garage from leaking bath tub drain.to repair and replace deck posts (3) to replace beetle damaged deck ledger and decking close to house shingles, replace deck facia board due to beetle and fungus damage.not seen from street. 20' long x 8' wide",complete,2007-04-10T00:00:00.000,2007-01-10T00:00:00.000,2007-01-10T00:00:00.000,2007-07-10T00:00:00.000Z,10800,10800,apartments,apartments,0,2,Western Addition,94115,"{'latitude': '37.7805172188185', 'longitude': '-122.44102431128223', 'human_address': '{""address"": """", ""city"": """", ""state"": """", ""zip"": """"}'}",1.08E+11,,3,3,4,4,5,wood frame (5),5,wood frame (5),2007-04-10T00:00:00.000,,,,,
5ea20730c2aeecdcc61c57fe,M53583,8,otc alterations permit,2007-01-10T00:00:00.000,864,22,627,Waller,St,streetspace,issued,2007-01-10T00:00:00.000,2007-01-10T00:00:00.000,2007-01-10T00:00:00.000,,,0,,,,8,Haight Ashbury,94117,"{'latitude': '37.770478429455174', 'longitude': '-122.43398709060403', 'human_address': '{""address"": """", ""city"": """", ""state"": """", ""zip"": """"}'}",1.08E+11,,,,,,,,,,,,,,,
5ea20730c2aeecdcc61c57ff,2.01E+11,8,otc alterations permit,2007-01-10T00:00:00.000,73,002A,2135,Taylor,St,remove one interior wall between dining and kitchen area only on 3rd floor.,complete,2007-05-25T00:00:00.000,2007-01-10T00:00:00.000,2007-01-10T00:00:00.000,2007-05-10T00:00:00.000Z,2000,2000,apartments,apartments,2,3,Russian Hill,94133,"{'latitude': '37.80215723607119', 'longitude': '-122.41484100574996', 'human_address': '{""address"": """", ""city"": """", ""state"": """", ""zip"": """"}'}",1.08E+12,,4,4,3,3,5,wood frame (5),5,wood frame (5),2007-05-25T00:00:00.000,,,,,
5ea20730c2aeecdcc61c5800,2.01E+11,8,otc alterations permit,2007-01-10T00:00:00.000,7218,7,3070,21st,Av,"termite repair at bay window at front of the house, replace 22 of (e) windows.",expired,2008-11-18T00:00:00.000,2007-01-10T00:00:00.000,2007-01-10T00:00:00.000,2007-07-10T00:00:00.000Z,12000,12000,1 family dwelling,1 family dwelling,2,7,Sunset/Parkside,94132,"{'latitude': '37.7315917351761', 'longitude': '-122.47660495263123', 'human_address': '{""address"": """", ""city"": """", ""state"": """", ""zip"": """"}'}",1.08E+12,,2,2,1,1,5,wood frame (5),5,wood frame (5),,,,,,
5ea20730c2aeecdcc61c5801,2.01E+11,8,otc alterations permit,2007-01-10T00:00:00.000,2851,20,201,Glenview,Dr,repair and replace dry rotted guard rail,complete,2007-01-17T00:00:00.000,2007-01-10T00:00:00.000,2007-01-10T00:00:00.000,2007-05-10T00:00:00.000Z,1500,1500,2 family dwelling,2 family dwelling,0,8,Twin Peaks,94131,"{'latitude': '37.74880516699032', 'longitude': '-122.44707062076658', 'human_address': '{""address"": """", ""city"": """", ""state"": """", ""zip"": """"}'}",1.08E+12,,2,2,2,2,5,wood frame (5),5,wood frame (5),2007-01-17T00:00:00.000,,,,,
5ea20730c2aeecdcc61c5802,2.01E+11,8,otc alterations permit,2007-01-10T00:00:00.000,6534,021A,1265,Dolores,St,renewal of permit application #200511188536 and permit 1072806 for final inspection.,complete,2007-01-16T00:00:00.000,2007-01-10T00:00:00.000,2007-01-10T00:00:00.000,2007-05-10T00:00:00.000Z,1,1,apartments,apartments,0,8,Mission,94110,"{'latitude': '37.74926195254733', 'longitude': '-122.42448475997335', 'human_address': '{""address"": """", ""city"": """", ""state"": """", ""zip"": """"}'}",1.08E+12,,2,2,6,6,5,wood frame (5),5,wood frame (5),2007-01-16T00:00:00.000,,,,,
5ea20730c2aeecdcc61c5803,2.01E+11,8,otc alterations permit,2007-01-10T00:00:00.000,3254,3,220,San Benito,Wy,renovate (e) kitchen and bathrooms only on 2nd floor.,complete,2007-05-18T00:00:00.000,2007-01-10T00:00:00.000,2007-01-10T00:00:00.000,2007-07-10T00:00:00.000Z,15000,15000,1 family dwelling,1 family dwelling,2,7,West of Twin Peaks,94127,"{'latitude': '37.73269782902508', 'longitude': '-122.46720875325877', 'human_address': '{""address"": """", ""city"": """", ""state"": """", ""zip"": """"}'}",1.08E+12,,2,2,1,1,5,wood frame (5),5,wood frame (5),2007-05-18T00:00:00.000,,,,,
5ea20730c2aeecdcc61c5804,2.01E+11,3,additions alterations or repairs,2007-01-10T00:00:00.000,1028,23,2863,California,St,"revision to pa #2002/08/06/3236 - revise garage level plan, foundation and 1st floor framing plans, where and as shown on the plans. expansion of mezzanine to floor - revise all floor plans.",complete,2009-02-18T00:00:00.000,2007-01-10T00:00:00.000,2007-11-05T00:00:00.000,2008-11-05T00:00:00.000Z,1,30000,apartments,apartments,2,2,Pacific Heights,94115,"{'latitude': '37.78762156844761', 'longitude': '-122.44150652913073', 'human_address': '{""address"": """", ""city"": """", ""state"": """", ""zip"": """"}'}",1.08E+11,,4,4,3,3,5,wood frame (5),5,wood frame (5),2009-02-18T00:00:00.000,Y,,,,
5ea20730c2aeecdcc61c5805,2.01E+11,8,otc alterations permit,2007-01-10T00:00:00.000,5708,18,205,Bennington,St,"optional voluntary anchorbolt retrofit. install anchorbolts at 4"" intervals in existing perimeter foundation. anchors to be 5/8 x12"" threaded rod with 2' square washers, epoxy set with 7"" embedment. construct plywood stiffening panels on existing basement walls.panels to be 1/2 cdx plywood, nailed",expired,2013-02-04T00:00:00.000,2007-01-10T00:00:00.000,2007-01-10T00:00:00.000,2007-05-10T00:00:00.000Z,2000,2000,2 family dwelling,2 family dwelling,0,9,Bernal Heights,94110,"{'latitude': '37.73815800729215', 'longitude': '-122.41767420492035', 'human_address': '{""address"": """", ""city"": """", ""state"": """", ""zip"": """"}'}",1.08E+12,,2,2,2,2,5,wood frame (5),5,wood frame (5),,,,,,
5ea20730c2aeecdcc61c5806,2.01E+11,8,otc alterations permit,2007-01-10T00:00:00.000,5708,18,207,Bennington,St,"optional voluntary anchorbolt retrofit. install anchorbolts at 4"" intervals in existing perimeter foundation. anchors to be 5/8 x12"" threaded rod with 2' square washers, epoxy set with 7"" embedment. construct plywood stiffening panels on existing basement walls.panels to be 1/2 cdx plywood, nailed",expired,2013-02-04T00:00:00.000,2007-01-10T00:00:00.000,2007-01-10T00:00:00.000,2007-05-10T00:00:00.000Z,2000,2000,2 family dwelling,2 family dwelling,0,9,Bernal Heights,94110,"{'latitude': '37.73815800729215', 'longitude': '-122.41767420492035', 'human_address': '{""address"": """", ""city"": """", ""state"": """", ""zip"": """"}'}",1.08E+12,,2,2,2,2,5,wood frame (5),5,wood frame (5),,,,,,
5ea20730c2aeecdcc61c5807,M53602,8,otc alterations permit,2007-01-10T00:00:00.000,620,14,1680,Clay,St,streetspace,issued,2007-01-10T00:00:00.000,2007-01-10T00:00:00.000,2007-01-10T00:00:00.000,,,0,,,,3,Russian Hill,94109,"{'latitude': '37.792632426447135', 'longitude': '-122.42071995251334', 'human_address': '{""address"": """", ""city"": """", ""state"": """", ""zip"": """"}'}",1.08E+11,,,,,,,,,,,,,,,
5ea20730c2aeecdcc61c5808,2.01E+11,8,otc alterations permit,2007-01-10T00:00:00.000,942,37,2775,Greenwich,St,split one bathroom and closer ino two bathroom all lighting per title 24,cancelled,2007-08-03T00:00:00.000,2007-01-10T00:00:00.000,2007-01-10T00:00:00.000,2007-07-10T00:00:00.000Z,10000,10000,1 family dwelling,1 family dwelling,2,2,Marina,94123,"{'latitude': '37.797495310705614', 'longitude': '-122.44525601401125', 'human_address': '{""address"": """", ""city"": """", ""state"": """", ""zip"": """"}'}",1.08E+11,2775,2,2,1,1,5,wood frame (5),5,wood frame (5),,,,,,
5ea20730c2aeecdcc61c5809,2.01E+11,8,otc alterations permit,2007-01-10T00:00:00.000,5802,20,3999,Mission,St,renewal for expired permit applic. #2000/10/26/4172 for final inspection.,complete,2007-03-01T00:00:00.000,2007-01-10T00:00:00.000,2007-01-10T00:00:00.000,2007-05-10T00:00:00.000Z,1,1,apartments,apartments,0,9,Bernal Heights,94112,"{'latitude': '37.73385183654777', 'longitude': '-122.42585121398481', 'human_address': '{""address"": """", ""city"": """", ""state"": """", ""zip"": """"}'}",10795992565,,4,4,16,16,4,constr type 4,4,constr type 4,2007-03-01T00:00:00.000,,,,,
5ea20730c2aeecdcc61c580a,M53603,8,otc alterations permit,2007-01-10T00:00:00.000,106,017D,33,Alta,St,streetpace,issued,2007-01-10T00:00:00.000,2007-01-10T00:00:00.000,2007-01-10T00:00:00.000,,,0,,,,3,North Beach,94133,"{'latitude': '37.80147114754607', 'longitude': '-122.40415862467185', 'human_address': '{""address"": """", ""city"": """", ""state"": """", ""zip"": """"}'}",1.08E+11,,,,,,,,,,,,,,,
5ea20730c2aeecdcc61c580b,M53604,8,otc alterations permit,2007-01-10T00:00:00.000,979,5,2311,Scott,St,street space permit,issued,2007-01-10T00:00:00.000,2007-01-10T00:00:00.000,2007-01-10T00:00:00.000,,,0,,,,,,,,1.08E+12,,,,,,,,,,,,,,,
5ea20730c2aeecdcc61c580c,2.01E+11,8,otc alterations permit,2007-01-10T00:00:00.000,7025,18,211,Tara,St,reroofing,complete,2007-01-23T00:00:00.000,2007-01-10T00:00:00.000,2007-01-10T00:00:00.000,2007-07-10T00:00:00.000Z,8000,8000,1 family dwelling,1 family dwelling,0,11,Oceanview/Merced/Ingleside,94112,"{'latitude': '37.71982946546408', 'longitude': '-122.44916624255849', 'human_address': '{""address"": """", ""city"": """", ""state"": """", ""zip"": """"}'}",1.08E+12,,,,,,,,,,2007-01-23T00:00:00.000,,,,,
5ea20730c2aeecdcc61c580d,M53605,8,otc alterations permit,2007-01-10T00:00:00.000,1444,9,345,12th,Av,sidewalk permit only.,issued,2007-01-10T00:00:00.000,2007-01-10T00:00:00.000,2007-01-10T00:00:00.000,,,0,,,,1,Inner Richmond,94118,"{'latitude': '37.7817394499235', 'longitude': '-122.47110954106573', 'human_address': '{""address"": """", ""city"": """", ""state"": """", ""zip"": """"}'}",1.08E+11,,,,,,,,,,,,,,,
5ea20730c2aeecdcc61c580e,M53606,8,otc alterations permit,2007-01-10T00:00:00.000,3556,25,299,Dolores,St,street space,issued,2007-01-10T00:00:00.000,2007-01-10T00:00:00.000,2007-01-10T00:00:00.000,,,0,,,,8,Mission,94103,"{'latitude': '37.76503523792591', 'longitude': '-122.42584448457588', 'human_address': '{""address"": """", ""city"": """", ""state"": """", ""zip"": """"}'}",1.08E+12,,,,,,,,,,,,,,,
5ea20730c2aeecdcc61c580f,2.01E+11,8,otc alterations permit,2007-01-10T00:00:00.000,6915,12,60,Urbano,Dr,"remodel bathrooms,1 kitchen, change accessories, light fixtures,appliances,(2). no change to fixtures. remove wall to wall carpet,refinish hardwood floors, paint interior/exterior, rpair cracks on ceiling of living rm/dining rm",complete,2007-05-25T00:00:00.000,2007-01-10T00:00:00.000,2007-01-10T00:00:00.000,2007-05-10T00:00:00.000Z,5000,5000,1 family dwelling,1 family dwelling,0,7,West of Twin Peaks,94127,"{'latitude': '37.72521762793758', 'longitude': '-122.46357079197217', 'human_address': '{""address"": """", ""city"": """", ""state"": """", ""zip"": """"}'}",1.08E+12,,2,2,1,1,5,wood frame (5),5,wood frame (5),2007-05-25T00:00:00.000,,,,,
5ea20730c2aeecdcc61c5810,2.01E+11,8,otc alterations permit,2007-01-10T00:00:00.000,5339,15,1623,Quesada,Av,"remove unused gas line, ground floor (cap in wall). modify existin gcoutner @ ground floor for installation of new a/v entertainment center (less than 50% of voltage). open wall 1' max. between family & bedroom for opening family room. see plan",complete,2007-01-29T00:00:00.000,2007-01-10T00:00:00.000,2007-01-10T00:00:00.000,2007-05-10T00:00:00.000Z,3000,3000,1 family dwelling,1 family dwelling,2,10,Bayview Hunters Point,94124,"{'latitude': '37.73235753170797', 'longitude': '-122.3902589305954', 'human_address': '{""address"": """", ""city"": """", ""state"": """", ""zip"": """"}'}",1.08E+12,,2,2,1,1,5,wood frame (5),5,wood frame (5),2007-01-29T00:00:00.000,,,,,
5ea20730c2aeecdcc61c5811,2.01E+11,8,otc alterations permit,2007-01-10T00:00:00.000,6509,20,3899,24th,St,"revise storefront, office partitions, & restroom to pa# 2006/07/07/5910 submit for mechanical drawings.",complete,2007-03-12T00:00:00.000,2007-01-10T00:00:00.000,2007-01-10T00:00:00.000,2007-05-10T00:00:00.000Z,500,500,office,office,2,8,Noe Valley,94114,"{'latitude': '37.75138466492652', 'longitude': '-122.42944977279261', 'human_address': '{""address"": """", ""city"": """", ""state"": """", ""zip"": """"}'}",1.08E+12,,3,3,2,2,5,wood frame (5),5,wood frame (5),2007-03-12T00:00:00.000,,,,,
5ea20730c2aeecdcc61c5812,2.01E+11,8,otc alterations permit,2007-01-10T00:00:00.000,1013,14,3880,Sacramento,St,revise current permit app#200606053233 to eliminate work on o upper floor and reinforce (e) fireplace at foundation only.,complete,2007-10-19T00:00:00.000,2007-01-10T00:00:00.000,2007-01-10T00:00:00.000,2007-05-10T00:00:00.000Z,1,1,2 family dwelling,2 family dwelling,2,2,Presidio Heights,94118,"{'latitude': '37.78720305442757', 'longitude': '-122.45655278739959', 'human_address': '{""address"": """", ""city"": """", ""state"": """", ""zip"": """"}'}",1.08E+11,,2,2,1,1,5,wood frame (5),5,wood frame (5),2007-10-19T00:00:00.000,,,,,
5ea20730c2aeecdcc61c5813,2.01E+11,3,additions alterations or repairs,2007-01-10T00:00:00.000,4268,36,2889,24th,St,installation of fire alarm system in new bldng.,complete,2007-02-01T00:00:00.000,2007-01-10T00:00:00.000,2007-01-23T00:00:00.000,2008-01-23T00:00:00.000Z,49000,49000,apartments,apartments,2,9,Mission,94110,"{'latitude': '37.75253683431497', 'longitude': '-122.40971714882464', 'human_address': '{""address"": """", ""city"": """", ""state"": """", ""zip"": """"}'}",1.08E+12,,4,4,8,8,5,wood frame (5),5,wood frame (5),2007-02-01T00:00:00.000,,,,,
5ea20730c2aeecdcc61c5814,2.01E+11,8,otc alterations permit,2007-01-10T00:00:00.000,6604,23,1527,Diamond,St,roofing,complete,2007-02-07T00:00:00.000,2007-01-10T00:00:00.000,2007-01-10T00:00:00.000,2007-07-10T00:00:00.000Z,13000,13000,1 family dwelling,1 family dwelling,0,8,Noe Valley,94131,"{'latitude': '37.74518126902893', 'longitude': '-122.43540089214032', 'human_address': '{""address"": """", ""city"": """", ""state"": """", ""zip"": """"}'}",1.08E+12,,,,,,,,,,2007-02-07T00:00:00.000,,,,,
5ea20730c2aeecdcc61c5815,2.01E+11,8,otc alterations permit,2007-01-10T00:00:00.000,6611,037B,549,28th,St,shoring permit to comply with nov# 200684891,expired,2008-02-22T00:00:00.000,2007-01-10T00:00:00.000,2007-01-10T00:00:00.000,2007-05-10T00:00:00.000Z,1000,1000,1 family dwelling,1 family dwelling,2,8,Noe Valley,94131,"{'latitude': '37.744589254495374', 'longitude': '-122.43450948258679', 'human_address': '{""address"": """", ""city"": """", ""state"": """", ""zip"": """"}'}",1.08E+12,,1,1,1,1,5,wood frame (5),5,wood frame (5),,,,,,
5ea20730c2aeecdcc61c5816,2.01E+11,3,additions alterations or repairs,2007-01-10T00:00:00.000,1846,29,1478,08th,Av,remodel existing single family residence with small addition for a new interior stairwell down to the ground floor and a slight enlargement to the existing 3rd floor to rationalize the structural design and voluntary seismic upgrade. rebuild front porch with similar layout.,complete,2008-08-20T00:00:00.000,2007-01-10T00:00:00.000,2007-11-19T00:00:00.000,2008-11-19T00:00:00.000Z,80000,90000,1 family dwelling,1 family dwelling,2,5,Inner Sunset,94122,"{'latitude': '37.760859480961784', 'longitude': '-122.46468835442931', 'human_address': '{""address"": """", ""city"": """", ""state"": """", ""zip"": """"}'}",1.08E+12,,3,3,1,1,5,wood frame (5),5,wood frame (5),2008-08-20T00:00:00.000,Y,Y,,,
5ea20730c2aeecdcc61c5817,2.01E+11,8,otc alterations permit,2007-01-10T00:00:00.000,914,2,2136,Beach,St,renew 200210017862 for final,complete,2007-01-25T00:00:00.000,2007-01-10T00:00:00.000,2007-01-10T00:00:00.000,2007-05-10T00:00:00.000Z,1,1,2 family dwelling,2 family dwelling,0,2,Marina,94123,"{'latitude': '37.80390028924285', 'longitude': '-122.44432506882231', 'human_address': '{""address"": """", ""city"": """", ""state"": """", ""zip"": """"}'}",1.08E+11,,3,3,2,2,5,wood frame (5),5,wood frame (5),2007-01-25T00:00:00.000,,,,,
5ea20730c2aeecdcc61c5818,2.01E+11,8,otc alterations permit,2007-01-10T00:00:00.000,914,2,2138,Beach,St,renew 200210017862 for final,complete,2007-01-25T00:00:00.000,2007-01-10T00:00:00.000,2007-01-10T00:00:00.000,2007-05-10T00:00:00.000Z,1,1,2 family dwelling,2 family dwelling,0,2,Marina,94123,"{'latitude': '37.80390028924285', 'longitude': '-122.44432506882231', 'human_address': '{""address"": """", ""city"": """", ""state"": """", ""zip"": """"}'}",1.08E+12,,3,3,2,2,5,wood frame (5),5,wood frame (5),2007-01-25T00:00:00.000,,,,,
5ea20730c2aeecdcc61c5819,M53622,8,otc alterations permit,2007-01-10T00:00:00.000,5526,7,1646,Alabama,St,street space permit,filed,2007-01-10T00:00:00.000,2007-01-10T00:00:00.000,,,,0,,,,9,Bernal Heights,94110,"{'latitude': '37.74613409138239', 'longitude': '-122.41087784717728', 'human_address': '{""address"": """", ""city"": """", ""state"": """", ""zip"": """"}'}",1.08E+12,,,,,,,,,,,,,,,
5ea20730c2aeecdcc61c581a,2.01E+11,8,otc alterations permit,2007-01-10T00:00:00.000,3727,120,1167,Mission,St,renew pa#200110039866 for final inspection.,complete,2007-05-08T00:00:00.000,2007-01-10T00:00:00.000,2007-01-10T00:00:00.000,2007-05-10T00:00:00.000Z,1,1,manufacturing,manufacturing,0,6,South of Market,94103,"{'latitude': '37.77774114291746', 'longitude': '-122.41219799754302', 'human_address': '{""address"": """", ""city"": """", ""state"": """", ""zip"": """"}'}",1.08E+12,,4,4,0,0,2,constr type 2,2,constr type 2,2007-05-08T00:00:00.000,,,,,
5ea20730c2aeecdcc61c581b,2.01E+11,8,otc alterations permit,2007-01-10T00:00:00.000,2771,66,680,Alvarado,St,replace broken window & replace door with similar kind window. replace damaged bathtub @ upper floor,complete,2007-05-16T00:00:00.000,2007-01-10T00:00:00.000,2007-01-10T00:00:00.000,2007-05-10T00:00:00.000Z,2900,2900,2 family dwelling,2 family dwelling,0,8,Noe Valley,94114,"{'latitude': '37.75381625592184', 'longitude': '-122.43600410805419', 'human_address': '{""address"": """", ""city"": """", ""state"": """", ""zip"": """"}'}",1.08E+12,,3,3,2,2,5,wood frame (5),5,wood frame (5),2007-05-16T00:00:00.000,,,,,
5ea20730c2aeecdcc61c581c,2.01E+11,8,otc alterations permit,2007-01-10T00:00:00.000,5720,57,190,Park,St,renew pa# 200406095892.,complete,2007-02-28T00:00:00.000,2007-01-10T00:00:00.000,2007-01-10T00:00:00.000,2007-05-10T00:00:00.000Z,2000,2000,1 family dwelling,2 family dwelling,0,9,Bernal Heights,94110,"{'latitude': '37.73632920930865', 'longitude': '-122.4212955044089', 'human_address': '{""address"": """", ""city"": """", ""state"": """", ""zip"": """"}'}",1.08E+12,,2,2,2,1,5,wood frame (5),5,wood frame (5),2007-02-28T00:00:00.000,,,,,
5ea20730c2aeecdcc61c581d,2.01E+11,8,otc alterations permit,2007-01-10T00:00:00.000,875,13,34,Steiner,St,"dry rot rrpair on rear stairs, repair replace in kind less that 50% not visabel form street",complete,2007-01-23T00:00:00.000,2007-01-10T00:00:00.000,2007-01-10T00:00:00.000,2007-07-10T00:00:00.000Z,6000,6000,apartments,apartments,0,8,Hayes Valley,94117,"{'latitude': '37.76989870874836', 'longitude': '-122.43141147166934', 'human_address': '{""address"": """", ""city"": """", ""state"": """", ""zip"": """"}'}",1.08E+12,,3,3,7,7,5,wood frame (5),5,wood frame (5),2007-01-23T00:00:00.000,,,,,
5ea20730c2aeecdcc61c581e,2.01E+11,8,otc alterations permit,2007-01-10T00:00:00.000,2141,4,2051,21st,Av,remodel 2nd floor kitchen. revision to approved pa# 2007/01/08/1220 in kind. (less than 50% voltage). replace counter top cabinets & sink only.,complete,2007-07-16T00:00:00.000,2007-01-10T00:00:00.000,2007-01-10T00:00:00.000,2007-07-10T00:00:00.000Z,7000,7000,1 family dwelling,1 family dwelling,0,4,Sunset/Parkside,94116,"{'latitude': '37.74943449716588', 'longitude': '-122.47861469125525', 'human_address': '{""address"": """", ""city"": """", ""state"": """", ""zip"": """"}'}",1.08E+12,,2,2,1,1,5,wood frame (5),5,wood frame (5),2007-07-16T00:00:00.000,,,,,
5ea20730c2aeecdcc61c581f,2.01E+11,8,otc alterations permit,2007-01-10T00:00:00.000,1364,24,164,05th,Av,"renovate kitchen, split bathroom, reframe existing hallway ceiling in kind to accomodate carrier central heating duct work due to unit being located in middle flat of 3 unit bldg. relocate water heater in kitchen to rear porch which is located in adjacent room to kitchen, install new ducting for",complete,2007-05-09T00:00:00.000,2007-01-10T00:00:00.000,2007-01-10T00:00:00.000,2007-07-10T00:00:00.000Z,12000,12000,apartments,apartments,0,2,Inner Richmond,94118,"{'latitude': '37.78556477954677', 'longitude': '-122.46320680897367', 'human_address': '{""address"": """", ""city"": """", ""state"": """", ""zip"": """"}'}",1.08E+12,,3,3,3,3,5,wood frame (5),5,wood frame (5),2007-05-09T00:00:00.000,,,,,
5ea20730c2aeecdcc61c5820,M53642,8,otc alterations permit,2007-01-10T00:00:00.000,1426,35,240,08th,Av,streetspace and sidewalk,issued,2007-01-10T00:00:00.000,2007-01-10T00:00:00.000,2007-01-10T00:00:00.000,,,0,,,,1,Inner Richmond,94118,"{'latitude': '37.783954505269854', 'longitude': '-122.46631400384872', 'human_address': '{""address"": """", ""city"": """", ""state"": """", ""zip"": """"}'}",1.08E+11,,,,,,,,,,,,,,,
5ea20730c2aeecdcc61c5821,M53642,8,otc alterations permit,2007-01-10T00:00:00.000,1426,35,242,08th,Av,streetspace and sidewalk,issued,2007-01-10T00:00:00.000,2007-01-10T00:00:00.000,2007-01-10T00:00:00.000,,,0,,,,1,Inner Richmond,94118,"{'latitude': '37.783954505269854', 'longitude': '-122.46631400384872', 'human_address': '{""address"": """", ""city"": """", ""state"": """", ""zip"": """"}'}",1.08E+12,0,,,,,,,,,,,,,,
5ea20730c2aeecdcc61c5822,2.01E+11,8,otc alterations permit,2007-01-10T00:00:00.000,860,62,551,Haight,St,add1 smoke and 2 horn/strobe to existing fire alarm system moved some devices to . rev to pa#200605242399.r-1 comply with nov#200006795 & #200671742.,expired,2009-06-24T00:00:00.000,2007-01-10T00:00:00.000,2007-01-10T00:00:00.000,2007-05-10T00:00:00.000Z,1,1,apartments,apartments,2,5,Hayes Valley,94117,"{'latitude': '37.77180527600348', 'longitude': '-122.43131826239697', 'human_address': '{""address"": """", ""city"": """", ""state"": """", ""zip"": """"}'}",1.08E+11,,3,3,4,4,3,constr type 3,3,constr type 3,,,,,,
5ea20730c2aeecdcc61c5823,2.01E+11,8,otc alterations permit,2007-01-10T00:00:00.000,860,62,559,Haight,St,add1 smoke and 2 horn/strobe to existing fire alarm system moved some devices to . rev to pa#200605242399.r-1 comply with nov#200006795 & #200671742.,expired,2009-06-24T00:00:00.000,2007-01-10T00:00:00.000,2007-01-10T00:00:00.000,2007-05-10T00:00:00.000Z,1,1,apartments,apartments,2,5,Hayes Valley,94117,"{'latitude': '37.77180527600348', 'longitude': '-122.43131826239697', 'human_address': '{""address"": """", ""city"": """", ""state"": """", ""zip"": """"}'}",1.08E+12,,3,3,4,4,3,constr type 3,3,constr type 3,,,,,,
5ea20730c2aeecdcc61c5824,2.01E+11,2,new construction wood frame,2007-01-10T00:00:00.000,6621,30,497,Valley,St,to erect a new 3 story single family dwelling unit,complete,2016-06-13T00:00:00.000,2007-01-10T00:00:00.000,2013-07-22T00:00:00.000,2016-07-06T00:00:00.000Z,680000,807609,,1 family dwelling,2,8,Noe Valley,94131,"{'latitude': '37.743991613033565', 'longitude': '-122.43305245930195', 'human_address': '{""address"": """", ""city"": """", ""state"": """", ""zip"": """"}'}",1.08E+12,,,3,,1,,,5,wood frame (5),2016-06-13T00:00:00.000,,Y,,2014-05-09T00:00:00.000,
5ea20730c2aeecdcc61c5825,2.01E+11,2,new construction wood frame,2007-01-10T00:00:00.000,1334,40,107,24th,Av,"to erect 3 stories, single family resident building.",issued,2010-09-16T00:00:00.000,2007-01-10T00:00:00.000,2010-09-16T00:00:00.000,2013-08-31T00:00:00.000Z,700000,915000,,1 family dwelling,2,2,Seacliff,94121,"{'latitude': '37.78728293276914', 'longitude': '-122.4844254186266', 'human_address': '{""address"": """", ""city"": """", ""state"": """", ""zip"": """"}'}",1.16E+12,,,3,,1,,,5,wood frame (5),,,Y,,2010-09-16T00:00:00.000,
5ea20731c2aeecdcc61c5826,M53682,8,otc alterations permit,2007-01-11T00:00:00.000,618,4,1890,Clay,St,street space,issued,2007-01-11T00:00:00.000,2007-01-11T00:00:00.000,2007-01-11T00:00:00.000,,,0,,,,2,Pacific Heights,94109,"{'latitude': '37.792189466278046', 'longitude': '-122.42402443478369', 'human_address': '{""address"": """", ""city"": """", ""state"": """", ""zip"": """"}'}",1.08E+11,,,,,,,,,,,,,,,
5ea20731c2aeecdcc61c5827,M53662,8,otc alterations permit,2007-01-11T00:00:00.000,7018,43,990,Plymouth,Av,street space & sidewalk repair,issued,2007-01-11T00:00:00.000,2007-01-11T00:00:00.000,2007-01-11T00:00:00.000,,,0,,,,11,Oceanview/Merced/Ingleside,94112,"{'latitude': '37.719814236968524', 'longitude': '-122.4559727979612', 'human_address': '{""address"": """", ""city"": """", ""state"": """", ""zip"": """"}'}",1.08E+12,,,,,,,,,,,,,,,
5ea20731c2aeecdcc61c5828,2.01E+11,8,otc alterations permit,2007-01-11T00:00:00.000,3705,42,865,Market,St,relocate or add 46 fire sprinlers in a remodeled retail space on the 2nd floor only,issued,2007-01-11T00:00:00.000,2007-01-11T00:00:00.000,2007-01-11T00:00:00.000,2007-07-11T00:00:00.000Z,12000,12000,retail sales,retail sales,2,6,South of Market,94103,"{'latitude': '37.78394695457302', 'longitude': '-122.40715830829208', 'human_address': '{""address"": """", ""city"": """", ""state"": """", ""zip"": """"}'}",1.08E+12,,7,7,0,0,1,constr type 1,1,constr type 1,,,,,,
5ea20731c2aeecdcc61c5829,2.01E+11,8,otc alterations permit,2007-01-11T00:00:00.000,1602,4,727,42nd,Av,to renew 200604048168,issued,2007-01-11T00:00:00.000,2007-01-11T00:00:00.000,2007-01-11T00:00:00.000,2007-07-11T00:00:00.000Z,8000,8000,1 family dwelling,1 family dwelling,0,1,Outer Richmond,94121,"{'latitude': '37.774897888243736', 'longitude': '-122.50295406042888', 'human_address': '{""address"": """", ""city"": """", ""state"": """", ""zip"": """"}'}",1.08E+12,,4,4,1,1,5,wood frame (5),5,wood frame (5),,,,,,
5ea20731c2aeecdcc61c582a,2.01E+11,8,otc alterations permit,2007-01-11T00:00:00.000,293,5,126,Post,St,"tenant improvement-5th floor, relocate 18 fire sprinklers.",expired,2009-04-07T00:00:00.000,2007-01-11T00:00:00.000,2007-01-11T00:00:00.000,2007-05-11T00:00:00.000Z,4250,4250,office,office,2,3,Financial District/South Beach,94108,"{'latitude': '37.789101650295486', 'longitude': '-122.40429166209135', 'human_address': '{""address"": """", ""city"": """", ""state"": """", ""zip"": """"}'}",1.08E+11,,6,6,0,0,3,constr type 3,3,constr type 3,,,,,,
5ea20731c2aeecdcc61c582b,2.01E+11,8,otc alterations permit,2007-01-11T00:00:00.000,3717,21,150,Spear,St,oti-3 10th floor sp,complete,2007-08-21T00:00:00.000,2007-01-11T00:00:00.000,2007-01-11T00:00:00.000,2007-07-11T00:00:00.000Z,11000,11000,office,office,2,6,Financial District/South Beach,94105,"{'latitude': '37.79175339067497', 'longitude': '-122.39361386013451', 'human_address': '{""address"": """", ""city"": """", ""state"": """", ""zip"": """"}'}",1.08E+12,,17,17,0,0,1,constr type 1,1,constr type 1,2007-08-21T00:00:00.000,,,,,
5ea20731c2aeecdcc61c582c,2.01E+11,8,otc alterations permit,2007-01-11T00:00:00.000,4975,16,11,Gilroy,St,"address complaint #20078781-kitchen and bathroom remodel. no structural work. repair and replace kitchen, toilet, hardwood floor. wattage of kitchen lighting to be 50% fluorescent, bathroom lighting to be fluorescent or on motion detector",complete,2007-05-04T00:00:00.000,2007-01-11T00:00:00.000,2007-01-11T00:00:00.000,2007-07-11T00:00:00.000Z,8000,13500,1 family dwelling,1 family dwelling,0,10,Bayview Hunters Point,94124,"{'latitude': '37.71624900337328', 'longitude': '-122.38852755348928', 'human_address': '{""address"": """", ""city"": """", ""state"": """", ""zip"": """"}'}",1.08E+12,,1,1,1,1,5,wood frame (5),5,wood frame (5),2007-05-04T00:00:00.000,,,,,
5ea20731c2aeecdcc61c582d,2.01E+11,8,otc alterations permit,2007-01-11T00:00:00.000,1767,12,1345,12th,Av,install fire sprinkler heads (6) for garage only,issued,2007-01-11T00:00:00.000,2007-01-11T00:00:00.000,2007-01-11T00:00:00.000,2007-05-11T00:00:00.000Z,3200,3200,apartments,apartments,2,5,Inner Sunset,94122,"{'latitude': '37.76298608691113', 'longitude': '-122.46978868573704', 'human_address': '{""address"": """", ""city"": """", ""state"": """", ""zip"": """"}'}",1.08E+12,,2,2,3,3,5,wood frame (5),5,wood frame (5),,,,,,
5ea20731c2aeecdcc61c582e,2.01E+11,8,otc alterations permit,2007-01-11T00:00:00.000,1076,34,1635,Divisadero,St,relocation of 2 existing lines in work area submitting as buits for 200609071577,issued,2007-01-11T00:00:00.000,2007-01-11T00:00:00.000,2007-01-11T00:00:00.000,2007-05-11T00:00:00.000Z,1,1,office,office,2,5,Japantown,94115,"{'latitude': '37.78473107445393', 'longitude': '-122.44038678313258', 'human_address': '{""address"": """", ""city"": """", ""state"": """", ""zip"": """"}'}",1.08E+11,,4,4,0,0,1,constr type 1,1,constr type 1,,,,,,
5ea20731c2aeecdcc61c582f,2.01E+11,3,additions alterations or repairs,2007-01-11T00:00:00.000,3730,102,64,Langton,St,"install a fire sprinkler to protect the entire building per nfpa 13r, fire sprinkler work only",complete,2009-03-03T00:00:00.000,2007-01-11T00:00:00.000,2007-03-22T00:00:00.000,2007-09-22T00:00:00.000Z,22250,22250,apartments,apartments,2,6,South of Market,94103,"{'latitude': '37.77665427596063', 'longitude': '-122.40907750423263', 'human_address': '{""address"": """", ""city"": """", ""state"": """", ""zip"": """"}'}",1.08E+12,,3,3,4,4,5,wood frame (5),5,wood frame (5),2009-03-03T00:00:00.000,,,,,
5ea20731c2aeecdcc61c5830,2.01E+11,3,additions alterations or repairs,2007-01-11T00:00:00.000,3730,102,66,Langton,St,"install a fire sprinkler to protect the entire building per nfpa 13r, fire sprinkler work only",complete,2009-03-03T00:00:00.000,2007-01-11T00:00:00.000,2007-03-22T00:00:00.000,2007-09-22T00:00:00.000Z,22250,22250,apartments,apartments,2,6,South of Market,94103,"{'latitude': '37.77665427596063', 'longitude': '-122.40907750423263', 'human_address': '{""address"": """", ""city"": """", ""state"": """", ""zip"": """"}'}",1.08E+12,,3,3,4,4,5,wood frame (5),5,wood frame (5),2009-03-03T00:00:00.000,,,,,
5ea20731c2aeecdcc61c5831,2.01E+11,3,additions alterations or repairs,2007-01-11T00:00:00.000,3730,102,68,Langton,St,"install a fire sprinkler to protect the entire building per nfpa 13r, fire sprinkler work only",complete,2009-03-03T00:00:00.000,2007-01-11T00:00:00.000,2007-03-22T00:00:00.000,2007-09-22T00:00:00.000Z,22250,22250,apartments,apartments,2,6,South of Market,94103,"{'latitude': '37.77665427596063', 'longitude': '-122.40907750423263', 'human_address': '{""address"": """", ""city"": """", ""state"": """", ""zip"": """"}'}",1.08E+12,,3,3,4,4,5,wood frame (5),5,wood frame (5),2009-03-03T00:00:00.000,,,,,
5ea20731c2aeecdcc61c5832,2.01E+11,3,additions alterations or repairs,2007-01-11T00:00:00.000,3730,102,70,Langton,St,"install a fire sprinkler to protect the entire building per nfpa 13r, fire sprinkler work only",complete,2009-03-03T00:00:00.000,2007-01-11T00:00:00.000,2007-03-22T00:00:00.000,2007-09-22T00:00:00.000Z,22250,22250,apartments,apartments,2,6,South of Market,94103,"{'latitude': '37.77665427596063', 'longitude': '-122.40907750423263', 'human_address': '{""address"": """", ""city"": """", ""state"": """", ""zip"": """"}'}",1.08E+12,,3,3,4,4,5,wood frame (5),5,wood frame (5),2009-03-03T00:00:00.000,,,,,
5ea20731c2aeecdcc61c5833,2.01E+11,8,otc alterations permit,2007-01-11T00:00:00.000,2355,001F,2327,26th,Av,revision to pa# 2006/07/13/6415: change extent of (n) wall seperate (e) garage from (n) addition: relocate (n) door & furnace & water heater. delete swing door from (e) family room to (n) addition (entertainment rm). request extension of completion date for construction work. (lerrter from owner).,complete,2007-08-03T00:00:00.000,2007-01-11T00:00:00.000,2007-01-11T00:00:00.000,2007-05-11T00:00:00.000Z,1,1,1 family dwelling,1 family dwelling,2,4,Sunset/Parkside,94116,"{'latitude': '37.74399789894487', 'longitude': '-122.48361037376898', 'human_address': '{""address"": """", ""city"": """", ""state"": """", ""zip"": """"}'}",1.08E+12,,2,2,1,1,5,wood frame (5),5,wood frame (5),2007-08-03T00:00:00.000,,,,,
5ea20731c2aeecdcc61c5834,2.01E+11,8,otc alterations permit,2007-01-11T00:00:00.000,633,001D,2001,Pierce,St,"remodel kitchen, bath in kind. no structural changes. plumbing & electrical code upgrades. no lighting change.",complete,2007-06-01T00:00:00.000,2007-01-11T00:00:00.000,2007-01-11T00:00:00.000,2007-07-11T00:00:00.000Z,13500,13500,apartments,apartments,0,2,Pacific Heights,94115,"{'latitude': '37.788751535693045', 'longitude': '-122.43743338152997', 'human_address': '{""address"": """", ""city"": """", ""state"": """", ""zip"": """"}'}",1.08E+12,,5,5,45,45,1,constr type 1,1,constr type 1,2007-06-01T00:00:00.000,,,,,
5ea20731c2aeecdcc61c5835,2.01E+11,8,otc alterations permit,2007-01-11T00:00:00.000,633,001D,2001,Pierce,St,"replace kitchen cabinet, counter top in kind. no structural changes. hook up sink & faucet. no door window or light work to be done.",issued,2007-01-11T00:00:00.000,2007-01-11T00:00:00.000,2007-01-11T00:00:00.000,2007-07-11T00:00:00.000Z,7300,7300,apartments,apartments,0,2,Pacific Heights,94115,"{'latitude': '37.788751535693045', 'longitude': '-122.43743338152997', 'human_address': '{""address"": """", ""city"": """", ""state"": """", ""zip"": """"}'}",1.08E+12,,5,5,45,45,1,constr type 1,1,constr type 1,,,,,,
5ea20731c2aeecdcc61c5836,2.01E+11,8,otc alterations permit,2007-01-11T00:00:00.000,668,2,1330,Bush,St,"unit 96:1 kitchen and 1 bath remodel in kind. no structural changes. plumbing and elec code upgrades. no windows, doors, or lighting",complete,2007-04-06T00:00:00.000,2007-01-11T00:00:00.000,2007-01-11T00:00:00.000,2007-07-11T00:00:00.000Z,9000,13500,apartments,apartments,0,3,Nob Hill,94109,"{'latitude': '37.789112947112365', 'longitude': '-122.41909261693445', 'human_address': '{""address"": """", ""city"": """", ""state"": """", ""zip"": """"}'}",1.08E+11,,12,12,117,117,1,constr type 1,1,constr type 1,2007-04-06T00:00:00.000,,,,,
5ea20731c2aeecdcc61c5837,2.01E+11,8,otc alterations permit,2007-01-11T00:00:00.000,633,001D,2001,Pierce,St,work @ unit# 55 only. replace kitchen cabinets counter tops in kind. hook up sink faucets & toilet. no structural change. no lighting.,complete,2007-06-01T00:00:00.000,2007-01-11T00:00:00.000,2007-01-11T00:00:00.000,2007-07-11T00:00:00.000Z,7300,7300,apartments,apartments,0,2,Pacific Heights,94115,"{'latitude': '37.788751535693045', 'longitude': '-122.43743338152997', 'human_address': '{""address"": """", ""city"": """", ""state"": """", ""zip"": """"}'}",1.08E+11,,5,5,45,45,1,constr type 1,1,constr type 1,2007-06-01T00:00:00.000,,,,,
5ea20731c2aeecdcc61c5838,2.01E+11,8,otc alterations permit,2007-01-11T00:00:00.000,129,29,755,Green,St,"1 kitchen, 1 bath remodel in kind. no structural changes, sink, faucets, shower valves, cabinet, counter tops & electrical code upgrades. no light changes.",issued,2007-01-11T00:00:00.000,2007-01-11T00:00:00.000,2007-01-11T00:00:00.000,2007-07-11T00:00:00.000Z,13500,13500,apartments,apartments,0,3,Chinatown,94133,"{'latitude': '37.798907237280126', 'longitude': '-122.41152666033851', 'human_address': '{""address"": """", ""city"": """", ""state"": """", ""zip"": """"}'}",1.08E+12,0,3,3,15,15,5,wood frame (5),5,wood frame (5),,,,,,
5ea20731c2aeecdcc61c5839,2.01E+11,8,otc alterations permit,2007-01-11T00:00:00.000,920,002H,3615,Scott,St,"remove old lath/plaster. new sheetrock. upgrade electrical/plumbing to code. kitchen remodel, existing. no change to partitions or windows",complete,2007-09-21T00:00:00.000,2007-01-11T00:00:00.000,2007-01-11T00:00:00.000,2007-07-11T00:00:00.000Z,10000,10000,2 family dwelling,2 family dwelling,0,2,Marina,94123,"{'latitude': '37.803213151349986', 'longitude': '-122.44207102172292', 'human_address': '{""address"": """", ""city"": """", ""state"": """", ""zip"": """"}'}",1.08E+11,,2,2,2,2,5,wood frame (5),5,wood frame (5),2007-09-21T00:00:00.000,,,,,
5ea20731c2aeecdcc61c583a,M53702,8,otc alterations permit,2007-01-11T00:00:00.000,494,22,47,Magnolia,St,street space permit.,issued,2007-01-11T00:00:00.000,2007-01-11T00:00:00.000,2007-01-11T00:00:00.000,,,0,,,,2,Marina,94123,"{'latitude': '37.80072515026727', 'longitude': '-122.4322037163521', 'human_address': '{""address"": """", ""city"": """", ""state"": """", ""zip"": """"}'}",1.08E+12,,,,,,,,,,,,,,,
5ea20731c2aeecdcc61c583b,2.01E+11,8,otc alterations permit,2007-01-11T00:00:00.000,3612,9,2900,21st,St,"renewal of pa# 2005/11/16/8238, pa# 2005/08/22/0859, pa# 2006/08/15/9471 & pa# 2006/08/15/9486 for final inspection only.",complete,2007-03-07T00:00:00.000,2007-01-11T00:00:00.000,2007-01-11T00:00:00.000,2007-05-11T00:00:00.000Z,1,1,apartments,apartments,0,9,Mission,94110,"{'latitude': '37.75764091875177', 'longitude': '-122.41258247302474', 'human_address': '{""address"": """", ""city"": """", ""state"": """", ""zip"": """"}'}",1.08E+12,,2,2,3,3,5,wood frame (5),5,wood frame (5),2007-03-07T00:00:00.000,,,,,
5ea20731c2aeecdcc61c583c,2.01E+11,8,otc alterations permit,2007-01-11T00:00:00.000,3612,9,2902,21st,St,"renewal of pa# 2005/11/16/8238, pa# 2005/08/22/0859, pa# 2006/08/15/9471 & pa# 2006/08/15/9486 for final inspection only.",complete,2007-03-07T00:00:00.000,2007-01-11T00:00:00.000,2007-01-11T00:00:00.000,2007-05-11T00:00:00.000Z,1,1,apartments,apartments,0,9,Mission,94110,"{'latitude': '37.75764091875177', 'longitude': '-122.41258247302474', 'human_address': '{""address"": """", ""city"": """", ""state"": """", ""zip"": """"}'}",1.08E+12,,2,2,3,3,5,wood frame (5),5,wood frame (5),2007-03-07T00:00:00.000,,,,,
5ea20731c2aeecdcc61c583d,2.01E+11,8,otc alterations permit,2007-01-11T00:00:00.000,3612,9,2904,21st,St,"renewal of pa# 2005/11/16/8238, pa# 2005/08/22/0859, pa# 2006/08/15/9471 & pa# 2006/08/15/9486 for final inspection only.",complete,2007-03-07T00:00:00.000,2007-01-11T00:00:00.000,2007-01-11T00:00:00.000,2007-05-11T00:00:00.000Z,1,1,apartments,apartments,0,9,Mission,94110,"{'latitude': '37.75764091875177', 'longitude': '-122.41258247302474', 'human_address': '{""address"": """", ""city"": """", ""state"": """", ""zip"": """"}'}",1.08E+12,,2,2,3,3,5,wood frame (5),5,wood frame (5),2007-03-07T00:00:00.000,,,,,
5ea20731c2aeecdcc61c583e,M53703,8,otc alterations permit,2007-01-11T00:00:00.000,4004,33,215,Arkansas,St,sidewalk repair,issued,2007-01-11T00:00:00.000,2007-01-11T00:00:00.000,2007-01-11T00:00:00.000,,,0,,,,10,Potrero Hill,94107,"{'latitude': '37.763420888970224', 'longitude': '-122.39824086836789', 'human_address': '{""address"": """", ""city"": """", ""state"": """", ""zip"": """"}'}",1.08E+12,,,,,,,,,,,,,,,
5ea20731c2aeecdcc61c583f,2.01E+11,8,otc alterations permit,2007-01-11T00:00:00.000,289,4,1,Sansome,St,oti-3  30th floor sp,complete,2007-03-23T00:00:00.000,2007-01-11T00:00:00.000,2007-01-11T00:00:00.000,2007-05-11T00:00:00.000Z,4000,4000,office,office,2,3,Financial District/South Beach,94104,"{'latitude': '37.79043181197283', 'longitude': '-122.40135901191479', 'human_address': '{""address"": """", ""city"": """", ""state"": """", ""zip"": """"}'}",1.08E+11,,43,43,0,0,1,constr type 1,1,constr type 1,2007-03-23T00:00:00.000,,,,,
5ea20731c2aeecdcc61c5840,M53704,8,otc alterations permit,2007-01-11T00:00:00.000,3636,1,2600,Mission,St,sidewalk repair,issued,2007-01-11T00:00:00.000,2007-01-11T00:00:00.000,2007-01-11T00:00:00.000,,,0,,,,9,Mission,94110,"{'latitude': '37.75527237416796', 'longitude': '-122.41909297026417', 'human_address': '{""address"": """", ""city"": """", ""state"": """", ""zip"": """"}'}",1.08E+12,,,,,,,,,,,,,,,
5ea20731c2aeecdcc61c5841,2.01E+11,8,otc alterations permit,2007-01-11T00:00:00.000,328,3,77,Ofarrell,St,"fire sprinkler system. 239 new speakers, 3rd & 4th floors.",complete,2007-12-07T00:00:00.000,2007-01-11T00:00:00.000,2007-01-11T00:00:00.000,2008-01-11T00:00:00.000Z,60000,60000,retail sales,retail sales,2,3,Financial District/South Beach,94108,"{'latitude': '37.78630347434889', 'longitude': '-122.40608977025623', 'human_address': '{""address"": """", ""city"": """", ""state"": """", ""zip"": """"}'}",1.08E+12,0,6,6,0,0,5,wood frame (5),5,wood frame (5),2007-12-07T00:00:00.000,,,,,
5ea20731c2aeecdcc61c5842,2.01E+11,8,otc alterations permit,2007-01-11T00:00:00.000,328,4,77,Ofarrell,St,"fire sprinkler system. 239 new speakers, 3rd & 4th floors.",complete,2007-12-07T00:00:00.000,2007-01-11T00:00:00.000,2007-01-11T00:00:00.000,2008-01-11T00:00:00.000Z,60000,60000,retail sales,retail sales,2,3,Financial District/South Beach,94108,"{'latitude': '37.78645873330659', 'longitude': '-122.4060990357068', 'human_address': '{""address"": """", ""city"": """", ""state"": """", ""zip"": """"}'}",1.08E+12,,6,6,0,0,5,wood frame (5),5,wood frame (5),2007-12-07T00:00:00.000,,,,,
5ea20731c2aeecdcc61c5843,2.01E+11,8,otc alterations permit,2007-01-11T00:00:00.000,2831,8,4120,24th,St,remodel of (e) apartment: addition of new forced air furnace in structure on roof and all required services and ducting; general repairs; full decoration.,complete,2008-12-18T00:00:00.000,2007-01-11T00:00:00.000,2007-01-11T00:00:00.000,2008-01-11T00:00:00.000Z,57000,57000,apartments,apartments,2,8,Noe Valley,94114,"{'latitude': '37.75150142047014', 'longitude': '-122.43474967375936', 'human_address': '{""address"": """", ""city"": """", ""state"": """", ""zip"": """"}'}",1.08E+12,,2,2,5,5,5,wood frame (5),5,wood frame (5),2008-12-18T00:00:00.000,,,,,
5ea20731c2aeecdcc61c5844,2.01E+11,8,otc alterations permit,2007-01-11T00:00:00.000,2831,8,4122,24th,St,remodel of (e) apartment: addition of new forced air furnace in structure on roof and all required services and ducting; general repairs; full decoration.,complete,2008-12-18T00:00:00.000,2007-01-11T00:00:00.000,2007-01-11T00:00:00.000,2008-01-11T00:00:00.000Z,57000,57000,apartments,apartments,2,8,Noe Valley,94114,"{'latitude': '37.75150142047014', 'longitude': '-122.43474967375936', 'human_address': '{""address"": """", ""city"": """", ""state"": """", ""zip"": """"}'}",1.08E+12,,2,2,5,5,5,wood frame (5),5,wood frame (5),2008-12-18T00:00:00.000,,,,,
5ea20731c2aeecdcc61c5845,2.01E+11,8,otc alterations permit,2007-01-11T00:00:00.000,2831,8,4124,24th,St,remodel of (e) apartment: addition of new forced air furnace in structure on roof and all required services and ducting; general repairs; full decoration.,complete,2008-12-18T00:00:00.000,2007-01-11T00:00:00.000,2007-01-11T00:00:00.000,2008-01-11T00:00:00.000Z,57000,57000,apartments,apartments,2,8,Noe Valley,94114,"{'latitude': '37.75150142047014', 'longitude': '-122.43474967375936', 'human_address': '{""address"": """", ""city"": """", ""state"": """", ""zip"": """"}'}",1.08E+12,0,2,2,5,5,5,wood frame (5),5,wood frame (5),2008-12-18T00:00:00.000,,,,,
5ea20731c2aeecdcc61c5846,2.01E+11,8,otc alterations permit,2007-01-11T00:00:00.000,2432,002I,2551,31st,Av,"kchn remodel. install new cnbys, new counter tops, sink, gas range , dichwaser, and sinks and faucets. 50% of lighting wattage to be flourescent",complete,2007-07-10T00:00:00.000,2007-01-11T00:00:00.000,2007-01-11T00:00:00.000,2007-07-11T00:00:00.000Z,15000,15000,1 family dwelling,1 family dwelling,0,4,Sunset/Parkside,94116,"{'latitude': '37.73963539735925', 'longitude': '-122.48867723319893', 'human_address': '{""address"": """", ""city"": """", ""state"": """", ""zip"": """"}'}",1.08E+12,,1,1,1,1,5,wood frame (5),5,wood frame (5),2007-07-10T00:00:00.000,,,,,
5ea20731c2aeecdcc61c5847,2.01E+11,8,otc alterations permit,2007-01-11T00:00:00.000,289,4,1,Sansome,St,oti-3  38th floor l/s,complete,2007-03-23T00:00:00.000,2007-01-11T00:00:00.000,2007-01-11T00:00:00.000,2007-07-11T00:00:00.000Z,20000,20000,office,office,2,3,Financial District/South Beach,94104,"{'latitude': '37.79043181197283', 'longitude': '-122.40135901191479', 'human_address': '{""address"": """", ""city"": """", ""state"": """", ""zip"": """"}'}",1.08E+11,,43,43,0,0,1,constr type 1,1,constr type 1,2007-03-23T00:00:00.000,,,,,
5ea20731c2aeecdcc61c5848,2.01E+11,8,otc alterations permit,2007-01-11T00:00:00.000,6614,25,1521,Sanchez,St,"replace 12 windows, size for size. wood to wood composite. visible from street. u-value 0.39.",expired,2007-07-12T00:00:00.000,2007-01-11T00:00:00.000,2007-01-11T00:00:00.000,2007-07-11T00:00:00.000Z,17900,17900,1 family dwelling,1 family dwelling,0,8,Noe Valley,94131,"{'latitude': '37.74478470819793', 'longitude': '-122.42868352299222', 'human_address': '{""address"": """", ""city"": """", ""state"": """", ""zip"": """"}'}",1.08E+12,,2,2,1,1,5,wood frame (5),5,wood frame (5),,,,,,
5ea20731c2aeecdcc61c5849,2.01E+11,8,otc alterations permit,2007-01-11T00:00:00.000,2192,1,1601,Quintara,St,"kitchen remodel, no structural work. replace cbnts, sink, dishwaser, faucet, hood, wndw to insulated. .67 uf and gas range and counter tops. 50% of lighing wattage to be flourescent",expired,2008-01-03T00:00:00.000,2007-01-11T00:00:00.000,2007-01-11T00:00:00.000,2007-07-11T00:00:00.000Z,15000,15000,1 family dwelling,1 family dwelling,0,4,Sunset/Parkside,94116,"{'latitude': '37.74820635950506', 'longitude': '-122.48278771599598', 'human_address': '{""address"": """", ""city"": """", ""state"": """", ""zip"": """"}'}",1.08E+12,,2,2,1,1,5,wood frame (5),5,wood frame (5),,,,,,
5ea20731c2aeecdcc61c584a,2.01E+11,8,otc alterations permit,2007-01-11T00:00:00.000,1329,6,2800,Lake,St,"replace 22 windows, size for size. wood to wood composite. visible from street. u-value 0.39.",complete,2007-03-02T00:00:00.000,2007-01-11T00:00:00.000,2007-01-11T00:00:00.000,2008-01-11T00:00:00.000Z,37600,37600,1 family dwelling,1 family dwelling,0,2,Seacliff,94121,"{'latitude': '37.785302819695254', 'longitude': '-122.48962753498058', 'human_address': '{""address"": """", ""city"": """", ""state"": """", ""zip"": """"}'}",1.08E+11,,2,2,1,1,5,wood frame (5),5,wood frame (5),2007-03-02T00:00:00.000,,,,,
5ea20731c2aeecdcc61c584b,2.01E+11,8,otc alterations permit,2007-01-11T00:00:00.000,729,44,1835,Ellis,St,"level 1 - tenant improvements. existing fire speaker system. 35 relocates, 9 new, 1 removed.",complete,2007-10-05T00:00:00.000,2007-01-11T00:00:00.000,2007-01-11T00:00:00.000,2007-07-11T00:00:00.000Z,7750,7750,theater,theater,2,5,Western Addition,94115,"{'latitude': '37.78135386569716', 'longitude': '-122.43652937212623', 'human_address': '{""address"": """", ""city"": """", ""state"": """", ""zip"": """"}'}",1.08E+12,,2,2,0,0,2,constr type 2,2,constr type 2,2007-10-05T00:00:00.000,,,,,
5ea20731c2aeecdcc61c584c,2.01E+11,8,otc alterations permit,2007-01-11T00:00:00.000,3578,28,487,Dolores,St,"replace 2-4x post in existing deck, less than 50% of structural comply with notice of violation #200682672",complete,2007-05-11T00:00:00.000,2007-01-11T00:00:00.000,2007-01-11T00:00:00.000,2007-05-11T00:00:00.000Z,1500,1500,apartments,apartments,0,8,Mission,94110,"{'latitude': '37.76167671334953', 'longitude': '-122.4257154752594', 'human_address': '{""address"": """", ""city"": """", ""state"": """", ""zip"": """"}'}",1.08E+12,,3,3,6,6,5,wood frame (5),5,wood frame (5),2007-05-11T00:00:00.000,,,,,
5ea20731c2aeecdcc61c584d,2.01E+11,8,otc alterations permit,2007-01-11T00:00:00.000,3578,28,489,Dolores,St,"replace 2-4x post in existing deck, less than 50% of structural comply with notice of violation #200682672",complete,2007-05-11T00:00:00.000,2007-01-11T00:00:00.000,2007-01-11T00:00:00.000,2007-05-11T00:00:00.000Z,1500,1500,apartments,apartments,0,8,Mission,94110,"{'latitude': '37.76167671334953', 'longitude': '-122.4257154752594', 'human_address': '{""address"": """", ""city"": """", ""state"": """", ""zip"": """"}'}",1.08E+12,,3,3,6,6,5,wood frame (5),5,wood frame (5),2007-05-11T00:00:00.000,,,,,
5ea20731c2aeecdcc61c584e,2.01E+11,8,otc alterations permit,2007-01-11T00:00:00.000,2134A,7,2025,14th,Av,"kchn remodel, no structural work or walls removed. replace cbnts, counter tops, sink, faucet, dixh washer and gas range. 50% of lighting wattage to be flourescent",expired,2008-01-22T00:00:00.000,2007-01-11T00:00:00.000,2007-01-11T00:00:00.000,2007-07-11T00:00:00.000Z,15000,15000,1 family dwelling,1 family dwelling,0,7,Inner Sunset,94116,"{'latitude': '37.7502441387774', 'longitude': '-122.47122332945204', 'human_address': '{""address"": """", ""city"": """", ""state"": """", ""zip"": """"}'}",1.08E+12,,1,1,1,1,5,wood frame (5),5,wood frame (5),,,,,,
5ea20731c2aeecdcc61c584f,2.01E+11,8,otc alterations permit,2007-01-11T00:00:00.000,6935,16,542,Faxon,Av,"two bedroom, full bathoom & laundry room to be added at ground floor.",complete,2007-05-17T00:00:00.000,2007-01-11T00:00:00.000,2007-01-11T00:00:00.000,2008-01-11T00:00:00.000Z,32000,32000,1 family dwelling,1 family dwelling,2,7,Oceanview/Merced/Ingleside,94112,"{'latitude': '37.72424684952734', 'longitude': '-122.45993874511964', 'human_address': '{""address"": """", ""city"": """", ""state"": """", ""zip"": """"}'}",1.08E+12,,2,2,1,1,5,wood frame (5),5,wood frame (5),2007-05-17T00:00:00.000,,,,,
5ea20731c2aeecdcc61c5850,2.01E+11,8,otc alterations permit,2007-01-11T00:00:00.000,259,26,555,California,St,"48th floor - tenant improvements. existing fire sprinkler system. 223 relocates, existing & new calc's.",complete,2007-05-08T00:00:00.000,2007-01-11T00:00:00.000,2007-01-11T00:00:00.000,2008-01-11T00:00:00.000Z,51000,51000,office,office,2,3,Financial District/South Beach,94104,"{'latitude': '37.79226164880319', 'longitude': '-122.40348595414692', 'human_address': '{""address"": """", ""city"": """", ""state"": """", ""zip"": """"}'}",1.08E+12,0,55,55,0,0,1,constr type 1,1,constr type 1,2007-05-08T00:00:00.000,,,,,
5ea20731c2aeecdcc61c5851,M53722,8,otc alterations permit,2007-01-11T00:00:00.000,926,9,3301,Broderick,St,street space & sidewalk permit only.,issued,2007-01-11T00:00:00.000,2007-01-11T00:00:00.000,2007-01-11T00:00:00.000,,,0,,,,2,Marina,94123,"{'latitude': '37.80082083954642', 'longitude': '-122.4450113916085', 'human_address': '{""address"": """", ""city"": """", ""state"": """", ""zip"": """"}'}",1.08E+11,,,,,,,,,,,,,,,
5ea20731c2aeecdcc61c5852,2.01E+11,8,otc alterations permit,2007-01-11T00:00:00.000,293,5,126,Post,St,tanner hecht: oti-2  5th floor el,expired,2009-06-29T00:00:00.000,2007-01-11T00:00:00.000,2007-01-11T00:00:00.000,2008-01-11T00:00:00.000Z,31800,31800,office,office,2,3,Financial District/South Beach,94108,"{'latitude': '37.789101650295486', 'longitude': '-122.40429166209135', 'human_address': '{""address"": """", ""city"": """", ""state"": """", ""zip"": """"}'}",1.08E+11,,6,6,0,0,3,constr type 3,3,constr type 3,,,,,,
5ea20731c2aeecdcc61c5853,2.01E+11,8,otc alterations permit,2007-01-11T00:00:00.000,1622,27,658,23rd,Av,"remodel replace fixtures in bathroom, sink, floors toilets.",issued,2007-01-11T00:00:00.000,2007-01-11T00:00:00.000,2007-01-11T00:00:00.000,2007-07-11T00:00:00.000Z,6000,6000,2 family dwelling,2 family dwelling,0,1,Outer Richmond,94121,"{'latitude': '37.77531028790537', 'longitude': '-122.48191151349963', 'human_address': '{""address"": """", ""city"": """", ""state"": """", ""zip"": """"}'}",1.08E+12,,2,2,2,2,5,wood frame (5),5,wood frame (5),,,,,,
5ea20731c2aeecdcc61c5854,2.01E+11,8,otc alterations permit,2007-01-11T00:00:00.000,814,20,100,Van Ness,Av,"renew: 9415883, 9415884 951145 for final inspection only",cancelled,2007-01-22T00:00:00.000,2007-01-11T00:00:00.000,2007-01-11T00:00:00.000,2007-05-11T00:00:00.000Z,1,1,office,office,0,6,Tenderloin,94102,"{'latitude': '37.776721112206374', 'longitude': '-122.41917732348324', 'human_address': '{""address"": """", ""city"": """", ""state"": """", ""zip"": """"}'}",1.08E+11,,28,28,0,0,2,constr type 2,2,constr type 2,,,,,,
5ea20731c2aeecdcc61c5855,M53723,8,otc alterations permit,2007-01-11T00:00:00.000,589,25,2209,Pacific,Av,street space permit,issued,2007-01-11T00:00:00.000,2007-01-11T00:00:00.000,2007-01-11T00:00:00.000,,,0,,,,2,Pacific Heights,94115,"{'latitude': '37.79343426231262', 'longitude': '-122.43191761910658', 'human_address': '{""address"": """", ""city"": """", ""state"": """", ""zip"": """"}'}",1.08E+12,0,,,,,,,,,,,,,,
5ea20731c2aeecdcc61c5856,2.01E+11,8,otc alterations permit,2007-01-11T00:00:00.000,177,1,935,Kearny,St,"renew appl#200107113379, 200512200723, 200502155514, 200502014480 to continue work.",issued,2007-01-11T00:00:00.000,2007-01-11T00:00:00.000,2007-01-11T00:00:00.000,2008-01-11T00:00:00.000Z,30000,30000,residential hotel,residential hotel,0,3,Chinatown,94133,"{'latitude': '37.79678685362231', 'longitude': '-122.40557965827051', 'human_address': '{""address"": """", ""city"": """", ""state"": """", ""zip"": """"}'}",10796802153,,3,3,149,149,3,constr type 3,3,constr type 3,,,,,,
5ea20731c2aeecdcc61c5857,2.01E+11,8,otc alterations permit,2007-01-11T00:00:00.000,3708,15,560,Mission,St,"oti-2, jp morgan, 3rd floor, ls",complete,2007-04-13T00:00:00.000,2007-01-11T00:00:00.000,2007-01-11T00:00:00.000,2008-01-11T00:00:00.000Z,26000,26000,office,office,2,,,,,1.08E+12,,31,31,0,0,1,constr type 1,1,constr type 1,2007-04-13T00:00:00.000,,,,,
5ea20731c2aeecdcc61c5858,2.01E+11,8,otc alterations permit,2007-01-11T00:00:00.000,814,20,100,Van Ness,Av,renew: 9415803 and 9415885 for final inspection,cancelled,2007-01-22T00:00:00.000,2007-01-11T00:00:00.000,2007-01-11T00:00:00.000,2007-05-11T00:00:00.000Z,1,1,office,office,0,6,Tenderloin,94102,"{'latitude': '37.776721112206374', 'longitude': '-122.41917732348324', 'human_address': '{""address"": """", ""city"": """", ""state"": """", ""zip"": """"}'}",1.08E+11,,28,28,0,0,2,constr type 2,2,constr type 2,,,,,,
5ea20731c2aeecdcc61c5859,2.01E+11,8,otc alterations permit,2007-01-11T00:00:00.000,96,3,2049,Hyde,St,"voluntary seismic strengthening anchor bolt extg concrete foundation per ubc 1806.6 using 3/4x12"" long. redhead exp. ab. placed at 6'-0 max o.c. to extg 4x sill plate for seismic safety",complete,2007-01-19T00:00:00.000,2007-01-11T00:00:00.000,2007-01-11T00:00:00.000,2007-05-11T00:00:00.000Z,4000,4000,apartments,apartments,0,2,Russian Hill,94109,"{'latitude': '37.79984715682498', 'longitude': '-122.41942353629767', 'human_address': '{""address"": """", ""city"": """", ""state"": """", ""zip"": """"}'}",1.08E+11,,3,3,3,3,5,wood frame (5),5,wood frame (5),2007-01-19T00:00:00.000,,,,,
5ea20731c2aeecdcc61c585a,2.01E+11,8,otc alterations permit,2007-01-11T00:00:00.000,96,3,2053,Hyde,St,"voluntary seismic strengthening anchor bolt extg concrete foundation per ubc 1806.6 using 3/4x12"" long. redhead exp. ab. placed at 6'-0 max o.c. to extg 4x sill plate for seismic safety",complete,2007-01-19T00:00:00.000,2007-01-11T00:00:00.000,2007-01-11T00:00:00.000,2007-05-11T00:00:00.000Z,4000,4000,apartments,apartments,0,2,Russian Hill,94109,"{'latitude': '37.79984715682498', 'longitude': '-122.41942353629767', 'human_address': '{""address"": """", ""city"": """", ""state"": """", ""zip"": """"}'}",1.08E+12,,3,3,3,3,5,wood frame (5),5,wood frame (5),2007-01-19T00:00:00.000,,,,,
5ea20731c2aeecdcc61c585b,2.01E+11,3,additions alterations or repairs,2007-01-11T00:00:00.000,259,29,315,Montgomery,St,"oti-1, jones lang lasalle, 9th fl, el, me, sp.",complete,2007-06-18T00:00:00.000,2007-01-11T00:00:00.000,2007-02-01T00:00:00.000,2008-02-01T00:00:00.000Z,275000,275000,office,office,2,3,Financial District/South Beach,94104,"{'latitude': '37.79226164880319', 'longitude': '-122.40348595414692', 'human_address': '{""address"": """", ""city"": """", ""state"": """", ""zip"": """"}'}",1.08E+11,,12,12,0,0,1,constr type 1,1,constr type 1,2007-06-18T00:00:00.000,,,,,
5ea20731c2aeecdcc61c585c,2.01E+11,8,otc alterations permit,2007-01-11T00:00:00.000,1803,35,1322,La Playa,,"1)bathroom: change wall, floor, tiles, add exhaust fan, change lighting fixture. shower, toilet, bathtub, sink, light replacement in kind. 2) kchn: change out kchn floor tiles. 3) change out room dresser door to sliding door. fireplace change and cosmetic change only",complete,2007-06-22T00:00:00.000,2007-01-11T00:00:00.000,2007-01-11T00:00:00.000,2007-07-11T00:00:00.000Z,6000,6000,1 family dwelling,1 family dwelling,0,4,Sunset/Parkside,94122,"{'latitude': '37.7616747889227', 'longitude': '-122.50890866835077', 'human_address': '{""address"": """", ""city"": """", ""state"": """", ""zip"": """"}'}",1.08E+12,,2,2,1,1,5,wood frame (5),5,wood frame (5),2007-06-22T00:00:00.000,,,,,
5ea20731c2aeecdcc61c585d,2.01E+11,3,additions alterations or repairs,2007-01-11T00:00:00.000,3721,11,500,Howard,St,"oti-2 - prosodie interactive, 4th floor, el, me.",issued,2007-04-19T00:00:00.000,2007-01-11T00:00:00.000,2007-04-19T00:00:00.000,2009-04-19T00:00:00.000Z,499900,499900,office,office,2,6,Financial District/South Beach,94105,"{'latitude': '37.788422712787614', 'longitude': '-122.39656873618254', 'human_address': '{""address"": """", ""city"": """", ""state"": """", ""zip"": """"}'}",1.08E+12,,10,10,0,0,1,constr type 1,1,constr type 1,,,,,,
5ea20731c2aeecdcc61c585e,2.01E+11,8,otc alterations permit,2007-01-11T00:00:00.000,3707,62,33,New Montgomery,St,"to renew pa# 2005/04/06/9266 (oti-1), pa# 2005/05/24/3218 (oti-2), pa# 2005/06/14/4994 (oti-3) & pa# 2005/05/27/3596 (oti-4) for final inspection only.",complete,2007-06-15T00:00:00.000,2007-01-11T00:00:00.000,2007-01-11T00:00:00.000,2007-05-11T00:00:00.000Z,1,1,office,office,0,6,Financial District/South Beach,94105,"{'latitude': '37.788655395540395', 'longitude': '-122.40133025178771', 'human_address': '{""address"": """", ""city"": """", ""state"": """", ""zip"": """"}'}",1.08E+12,,20,20,0,0,1,constr type 1,1,constr type 1,2007-06-15T00:00:00.000,,,,,
5ea20731c2aeecdcc61c585f,2.01E+11,3,additions alterations or repairs,2007-01-11T00:00:00.000,259,29,315,Montgomery,St,"business regent centers -oti-1 8th fl el,me,ls,sp",complete,2007-06-18T00:00:00.000,2007-01-11T00:00:00.000,2007-02-01T00:00:00.000,2008-02-01T00:00:00.000Z,275000,275000,office,office,2,3,Financial District/South Beach,94104,"{'latitude': '37.79226164880319', 'longitude': '-122.40348595414692', 'human_address': '{""address"": """", ""city"": """", ""state"": """", ""zip"": """"}'}",1.08E+11,,12,12,0,0,1,constr type 1,1,constr type 1,2007-06-18T00:00:00.000,,,,,
5ea20731c2aeecdcc61c5860,2.01E+11,8,otc alterations permit,2007-01-11T00:00:00.000,1456,1,405,24th,Av,repair the rear exterior winder. type stair. remove the dry rot and damage member. replace with new pressured treated or redwood lumber. comply to n.o.v. #200684036 less than 50% of total stairs,complete,2007-03-09T00:00:00.000,2007-01-11T00:00:00.000,2007-01-11T00:00:00.000,2007-05-11T00:00:00.000Z,5000,5000,apartments,apartments,0,1,Outer Richmond,94121,"{'latitude': '37.78181433223167', 'longitude': '-122.48396441403142', 'human_address': '{""address"": """", ""city"": """", ""state"": """", ""zip"": """"}'}",1.08E+12,,3,3,8,8,5,wood frame (5),5,wood frame (5),2007-03-09T00:00:00.000,,,,,
5ea20731c2aeecdcc61c5861,2.01E+11,8,otc alterations permit,2007-01-11T00:00:00.000,1465,001D,3215,Clement,St,"cap (e) foundation to bring above (e) grade. expoy #4 rebar at 16 inch into (e) foundation for 12 ft type 2 horizontal. #4 rebar to vertical rebar and poor 12""x12"". install new mud sill with j bolts at 4' oc fix stairs.",complete,2007-03-16T00:00:00.000,2007-01-11T00:00:00.000,2007-01-11T00:00:00.000,2007-05-11T00:00:00.000Z,2500,2500,apartments,apartments,2,1,Outer Richmond,94121,"{'latitude': '37.781361626876794', 'longitude': '-122.49378053986081', 'human_address': '{""address"": """", ""city"": """", ""state"": """", ""zip"": """"}'}",1.08E+12,0,3,3,12,12,5,wood frame (5),5,wood frame (5),2007-03-16T00:00:00.000,,,,,
5ea20731c2aeecdcc61c5862,M53742,8,otc alterations permit,2007-01-11T00:00:00.000,2307,19,3138,Santiago,St,street space permit,issued,2007-01-11T00:00:00.000,2007-01-11T00:00:00.000,2007-01-11T00:00:00.000,,,0,,,,4,Sunset/Parkside,94116,"{'latitude': '37.7440477317833', 'longitude': '-122.50118950238712', 'human_address': '{""address"": """", ""city"": """", ""state"": """", ""zip"": """"}'}",1.08E+12,,,,,,,,,,,,,,,
5ea20731c2aeecdcc61c5863,2.01E+11,8,otc alterations permit,2007-01-11T00:00:00.000,1729,023L,1274,22nd,Av,legalized the storage rooms and toilet room at g/f to complying with complaint 34161 and abate comply the abatement order 1822-a.,issued,2007-01-11T00:00:00.000,2007-01-11T00:00:00.000,2007-01-11T00:00:00.000,2007-07-11T00:00:00.000Z,12000,12000,1 family dwelling,1 family dwelling,2,4,Sunset/Parkside,94122,"{'latitude': '37.76392449914793', 'longitude': '-122.48004308990029', 'human_address': '{""address"": """", ""city"": """", ""state"": """", ""zip"": """"}'}",1.08E+12,,2,2,1,1,5,wood frame (5),5,wood frame (5),,,,,,
5ea20731c2aeecdcc61c5864,M53743,8,otc alterations permit,2007-01-11T00:00:00.000,1554,3,521,11th,Av,street space,issued,2007-01-11T00:00:00.000,2007-01-11T00:00:00.000,2007-01-11T00:00:00.000,,,0,,,,1,Inner Richmond,94118,"{'latitude': '37.77842302989954', 'longitude': '-122.46979368037285', 'human_address': '{""address"": """", ""city"": """", ""state"": """", ""zip"": """"}'}",1.08E+12,0,,,,,,,,,,,,,,
5ea20731c2aeecdcc61c5865,2.01E+11,8,otc alterations permit,2007-01-11T00:00:00.000,1174,11,21,Atalaya,Tr,"delmolish existing bath and replace with new tile, fixtures etc. non structural",complete,2007-07-24T00:00:00.000,2007-01-11T00:00:00.000,2007-01-11T00:00:00.000,2007-07-11T00:00:00.000Z,20000,20000,1 family dwelling,1 family dwelling,2,1,Lone Mountain/USF,94117,"{'latitude': '37.776213119420824', 'longitude': '-122.44776856202841', 'human_address': '{""address"": """", ""city"": """", ""state"": """", ""zip"": """"}'}",1.08E+11,,3,3,1,1,5,wood frame (5),5,wood frame (5),2007-07-24T00:00:00.000,,,,,
5ea20731c2aeecdcc61c5866,2.01E+11,8,otc alterations permit,2007-01-11T00:00:00.000,517,018C,3044,Webster,St,repair dry rot at rear stairs and decks. less than 50% of structure.,expired,2007-06-29T00:00:00.000,2007-01-11T00:00:00.000,2007-01-11T00:00:00.000,2007-05-11T00:00:00.000Z,3000,3000,2 family dwelling,2 family dwelling,0,2,Marina,94123,"{'latitude': '37.798980909481614', 'longitude': '-122.43393491788493', 'human_address': '{""address"": """", ""city"": """", ""state"": """", ""zip"": """"}'}",1.08E+11,,3,3,2,2,5,wood frame (5),5,wood frame (5),,,,,,
5ea20731c2aeecdcc61c5867,2.01E+11,8,otc alterations permit,2007-01-11T00:00:00.000,642,3,1625,Van Ness,Av,"relocate 109 existing sprinklers to new location, change existing 22 drops to upright due to demolish of ceiling per light haz. spacking.",complete,2007-05-08T00:00:00.000,2007-01-11T00:00:00.000,2007-01-11T00:00:00.000,2007-07-11T00:00:00.000Z,22000,22000,office,office,2,2,Pacific Heights,94109,"{'latitude': '37.79085330340229', 'longitude': '-122.42295883977695', 'human_address': '{""address"": """", ""city"": """", ""state"": """", ""zip"": """"}'}",1.08E+11,,4,4,0,0,3,constr type 3,3,constr type 3,2007-05-08T00:00:00.000,,,,,
5ea20731c2aeecdcc61c5868,2.01E+11,3,additions alterations or repairs,2007-01-11T00:00:00.000,230,28,1,Embarcadero Center,,"oti-2, bain & co, 35th floor, el, me.",complete,2008-01-09T00:00:00.000,2007-01-11T00:00:00.000,2007-02-01T00:00:00.000,2008-02-01T00:00:00.000Z,80000,80000,office,office,2,3,Financial District/South Beach,94111,"{'latitude': '37.79464865862657', 'longitude': '-122.39964659799554', 'human_address': '{""address"": """", ""city"": """", ""state"": """", ""zip"": """"}'}",1.08E+11,,40,40,0,0,1,constr type 1,1,constr type 1,2008-01-09T00:00:00.000,,,,,
5ea20731c2aeecdcc61c5869,2.01E+11,3,additions alterations or repairs,2007-01-11T00:00:00.000,233,44,4,Embarcadero Center,,pantera: life safety work 11 devices. work on floor 36th only.,cancelled,2008-01-07T00:00:00.000,2007-01-11T00:00:00.000,,,5500,5500,office,office,2,3,Financial District/South Beach,94111,"{'latitude': '37.79506002552974', 'longitude': '-122.39593224461805', 'human_address': '{""address"": """", ""city"": """", ""state"": """", ""zip"": """"}'}",1.08E+11,,44,44,0,0,1,constr type 1,1,constr type 1,,,,,,
5ea20731c2aeecdcc61c586a,2.01E+11,8,otc alterations permit,2007-01-11T00:00:00.000,4337,001A,1418,Florida,St,"termite and dry rotted work around windows. 1st floor remodel, add a storage. all (e) windows to be replaced w/dual pane wooden windows (typ). recessed a minimum of 3"" w/1/4 wd trim (typ).",expired,2008-04-16T00:00:00.000,2007-01-11T00:00:00.000,2007-01-11T00:00:00.000,2007-07-11T00:00:00.000Z,12000,12000,1 family dwelling,1 family dwelling,2,9,Mission,94110,"{'latitude': '37.74915938859649', 'longitude': '-122.41000254556074', 'human_address': '{""address"": """", ""city"": """", ""state"": """", ""zip"": """"}'}",1.08E+12,,2,2,1,1,5,wood frame (5),5,wood frame (5),,,,,,
5ea20731c2aeecdcc61c586b,M53762,8,otc alterations permit,2007-01-11T00:00:00.000,5526,7,1646,Alabama,St,street space,issued,2007-01-11T00:00:00.000,2007-01-11T00:00:00.000,2007-01-11T00:00:00.000,,,0,,,,9,Bernal Heights,94110,"{'latitude': '37.74613409138239', 'longitude': '-122.41087784717728', 'human_address': '{""address"": """", ""city"": """", ""state"": """", ""zip"": """"}'}",1.08E+12,,,,,,,,,,,,,,,
5ea20731c2aeecdcc61c586c,2.01E+11,8,otc alterations permit,2007-01-11T00:00:00.000,1157,13,752,Baker,St,rvision to application #200610064416:replace rear 1/2 permiter  foundation and add 2 piers to center for new beam 100 linear fi. approx.,complete,2008-03-19T00:00:00.000,2007-01-11T00:00:00.000,2007-01-11T00:00:00.000,2007-07-11T00:00:00.000Z,20000,20000,apartments,apartments,2,5,Western Addition,94115,"{'latitude': '37.778118431497774', 'longitude': '-122.44148401775165', 'human_address': '{""address"": """", ""city"": """", ""state"": """", ""zip"": """"}'}",1.08E+12,,3,3,3,3,5,wood frame (5),5,wood frame (5),2008-03-19T00:00:00.000,,,,,
5ea20731c2aeecdcc61c586d,2.01E+11,8,otc alterations permit,2007-01-11T00:00:00.000,1157,13,756,Baker,St,rvision to application #200610064416:replace rear 1/2 permiter  foundation and add 2 piers to center for new beam 100 linear fi. approx.,complete,2008-03-19T00:00:00.000,2007-01-11T00:00:00.000,2007-01-11T00:00:00.000,2007-07-11T00:00:00.000Z,20000,20000,apartments,apartments,2,5,Western Addition,94115,"{'latitude': '37.778118431497774', 'longitude': '-122.44148401775165', 'human_address': '{""address"": """", ""city"": """", ""state"": """", ""zip"": """"}'}",1.08E+12,,3,3,3,3,5,wood frame (5),5,wood frame (5),2008-03-19T00:00:00.000,,,,,
5ea20731c2aeecdcc61c586e,2.01E+11,8,otc alterations permit,2007-01-11T00:00:00.000,1050,17,1824,Divisadero,St,reroofing,expired,2011-04-20T00:00:00.000,2007-01-11T00:00:00.000,2007-01-11T00:00:00.000,2007-07-11T00:00:00.000Z,5500,5500,2 family dwelling,2 family dwelling,0,2,Pacific Heights,94115,"{'latitude': '37.786628503966504', 'longitude': '-122.4398583698828', 'human_address': '{""address"": """", ""city"": """", ""state"": """", ""zip"": """"}'}",1.08E+11,,,,,,,,,,,,,,,
5ea20731c2aeecdcc61c586f,2.01E+11,8,otc alterations permit,2007-01-11T00:00:00.000,1050,17,1830,Divisadero,St,reroofing,expired,2011-04-20T00:00:00.000,2007-01-11T00:00:00.000,2007-01-11T00:00:00.000,2007-07-11T00:00:00.000Z,5500,5500,2 family dwelling,2 family dwelling,0,2,Pacific Heights,94115,"{'latitude': '37.786628503966504', 'longitude': '-122.4398583698828', 'human_address': '{""address"": """", ""city"": """", ""state"": """", ""zip"": """"}'}",1.08E+12,,,,,,,,,,,,,,,
5ea20731c2aeecdcc61c5870,2.01E+11,8,otc alterations permit,2007-01-11T00:00:00.000,8709,7,1700,Owens,St,"oti-1 5/f alexandria real estate el, me, sp, ls",complete,2007-10-10T00:00:00.000,2007-01-11T00:00:00.000,2007-01-11T00:00:00.000,2007-07-11T00:00:00.000Z,25000,25000,office,office,2,6,Mission Bay,94158,"{'latitude': '37.767059407789866', 'longitude': '-122.39366420349594', 'human_address': '{""address"": """", ""city"": """", ""state"": """", ""zip"": """"}'}",1.08E+12,,5,5,0,0,1,constr type 1,1,constr type 1,2007-10-10T00:00:00.000,,,,,
5ea20731c2aeecdcc61c5871,M53763,8,otc alterations permit,2007-01-11T00:00:00.000,210,43,815,Washington,St,street space permit,issued,2007-01-11T00:00:00.000,2007-01-11T00:00:00.000,2007-01-11T00:00:00.000,,,0,,,,3,Chinatown,94108,"{'latitude': '37.79495266259033', 'longitude': '-122.40676097985464', 'human_address': '{""address"": """", ""city"": """", ""state"": """", ""zip"": """"}'}",1.08E+11,,,,,,,,,,,,,,,
5ea20731c2aeecdcc61c5872,M53763,8,otc alterations permit,2007-01-11T00:00:00.000,210,43,817,Washington,St,street space permit,issued,2007-01-11T00:00:00.000,2007-01-11T00:00:00.000,2007-01-11T00:00:00.000,,,0,,,,3,Chinatown,94108,"{'latitude': '37.79495266259033', 'longitude': '-122.40676097985464', 'human_address': '{""address"": """", ""city"": """", ""state"": """", ""zip"": """"}'}",1.08E+12,,,,,,,,,,,,,,,
5ea20731c2aeecdcc61c5873,2.01E+11,8,otc alterations permit,2007-01-11T00:00:00.000,8709,7,1700,Owens,St,"oti-2 alexandria real estate 5th floor, el, me",complete,2007-10-10T00:00:00.000,2007-01-11T00:00:00.000,2007-01-11T00:00:00.000,2007-07-11T00:00:00.000Z,25000,25000,office,office,2,6,Mission Bay,94158,"{'latitude': '37.767059407789866', 'longitude': '-122.39366420349594', 'human_address': '{""address"": """", ""city"": """", ""state"": """", ""zip"": """"}'}",1.08E+12,,5,5,0,0,1,constr type 1,1,constr type 1,2007-10-10T00:00:00.000,,,,,
5ea20731c2aeecdcc61c5874,2.01E+11,8,otc alterations permit,2007-01-11T00:00:00.000,7010,30,434,Bright,St,"install 4 replacement windows. 2 visible from street, u-value 0.38 - 0.52.",expired,2010-01-13T00:00:00.000,2007-01-11T00:00:00.000,2007-01-11T00:00:00.000,2007-05-11T00:00:00.000Z,3000,3000,1 family dwelling,1 family dwelling,0,11,Oceanview/Merced/Ingleside,94132,"{'latitude': '37.71858275196858', 'longitude': '-122.46327292351062', 'human_address': '{""address"": """", ""city"": """", ""state"": """", ""zip"": """"}'}",1.08E+12,,2,2,1,1,5,wood frame (5),5,wood frame (5),,,,,,
5ea20731c2aeecdcc61c5875,2.01E+11,8,otc alterations permit,2007-01-11T00:00:00.000,5353,5,160,Maddux,Av,install 8 replacement windows. 2 visible from street. vinyl windows. u-value 0.38 - 0.52.,expired,2007-11-09T00:00:00.000,2007-01-11T00:00:00.000,2007-01-11T00:00:00.000,2007-07-11T00:00:00.000Z,5300,5300,1 family dwelling,1 family dwelling,0,10,Bayview Hunters Point,94124,"{'latitude': '37.73298052378386', 'longitude': '-122.39963756992803', 'human_address': '{""address"": """", ""city"": """", ""state"": """", ""zip"": """"}'}",1.08E+12,,2,2,1,1,5,wood frame (5),5,wood frame (5),,,,,,
5ea20731c2aeecdcc61c5876,2.01E+11,8,otc alterations permit,2007-01-11T00:00:00.000,6902,9,390,Moncada,Wy,install 10 wood replacement windows & 1 wood replacement door.,expired,2010-03-30T00:00:00.000,2007-01-11T00:00:00.000,2007-01-11T00:00:00.000,2008-01-11T00:00:00.000Z,34876,34876,1 family dwelling,1 family dwelling,0,7,West of Twin Peaks,94127,"{'latitude': '37.7300125514345', 'longitude': '-122.4713622255982', 'human_address': '{""address"": """", ""city"": """", ""state"": """", ""zip"": """"}'}",1.08E+12,,2,2,1,1,5,wood frame (5),5,wood frame (5),,,,,,
5ea20731c2aeecdcc61c5877,M53782,8,otc alterations permit,2007-01-11T00:00:00.000,2847,84,140,Portola,Dr,street space and sidewalk repair,issued,2007-01-11T00:00:00.000,2007-01-11T00:00:00.000,2007-01-11T00:00:00.000,,,0,,,,8,Twin Peaks,94131,"{'latitude': '37.748842285043075', 'longitude': '-122.44432158009799', 'human_address': '{""address"": """", ""city"": """", ""state"": """", ""zip"": """"}'}",1.08E+12,0,,,,,,,,,,,,,,
5ea20731c2aeecdcc61c5878,2.01E+11,8,otc alterations permit,2007-01-11T00:00:00.000,819,22,536,Linden,St,renew app #200106201942 for final inspection,expired,2008-10-17T00:00:00.000,2007-01-11T00:00:00.000,2007-01-11T00:00:00.000,2007-05-11T00:00:00.000Z,1,1,2 family dwelling,2 family dwelling,0,5,Hayes Valley,94102,"{'latitude': '37.77612642787762', 'longitude': '-122.42684907467029', 'human_address': '{""address"": """", ""city"": """", ""state"": """", ""zip"": """"}'}",1.08E+12,,2,2,2,2,5,wood frame (5),5,wood frame (5),,,,,,
5ea20731c2aeecdcc61c5879,2.01E+11,8,otc alterations permit,2007-01-11T00:00:00.000,819,22,538,Linden,St,renew app #200106201942 for final inspection,expired,2008-10-17T00:00:00.000,2007-01-11T00:00:00.000,2007-01-11T00:00:00.000,2007-05-11T00:00:00.000Z,1,1,2 family dwelling,2 family dwelling,0,5,Hayes Valley,94102,"{'latitude': '37.77612642787762', 'longitude': '-122.42684907467029', 'human_address': '{""address"": """", ""city"": """", ""state"": """", ""zip"": """"}'}",1.08E+12,,2,2,2,2,5,wood frame (5),5,wood frame (5),,,,,,
5ea20731c2aeecdcc61c587a,2.01E+11,8,otc alterations permit,2007-01-11T00:00:00.000,819,22,633,Hayes,St,renew app #200106201942 for final inspection,expired,2008-10-17T00:00:00.000,2007-01-11T00:00:00.000,2007-01-11T00:00:00.000,2007-05-11T00:00:00.000Z,1,1,2 family dwelling,2 family dwelling,0,5,Hayes Valley,94102,"{'latitude': '37.77612642787762', 'longitude': '-122.42684907467029', 'human_address': '{""address"": """", ""city"": """", ""state"": """", ""zip"": """"}'}",1.08E+12,,2,2,2,2,5,wood frame (5),5,wood frame (5),,,,,,
5ea20731c2aeecdcc61c587b,2.01E+11,8,otc alterations permit,2007-01-11T00:00:00.000,4084,5,820,Alabama,St,"to comply with nov# 200673092. handrail to be put on at exterior stairs at front. 1.25"" - 2"" rail & 1.5"" away from way 28"" - 34"" from f.f. repair stairs & landing steps.",complete,2007-05-31T00:00:00.000,2007-01-11T00:00:00.000,2007-01-11T00:00:00.000,2007-05-11T00:00:00.000Z,1500,1500,apartments,apartments,0,9,Mission,94110,"{'latitude': '37.7584444669862', 'longitude': '-122.4117923619643', 'human_address': '{""address"": """", ""city"": """", ""state"": """", ""zip"": """"}'}",1.08E+12,,2,2,3,3,5,wood frame (5),5,wood frame (5),2007-05-31T00:00:00.000,,,,,
5ea20731c2aeecdcc61c587c,2.01E+11,8,otc alterations permit,2007-01-11T00:00:00.000,6448,26,1166,Munich,St,"to comply with nov# 200677807 by removing illegal kitchen, bath, & 4 bedrooms per plan.",issued,2007-01-11T00:00:00.000,2007-01-11T00:00:00.000,2007-01-11T00:00:00.000,2007-05-11T00:00:00.000Z,2000,2000,1 family dwelling,1 family dwelling,2,11,Excelsior,94112,"{'latitude': '37.71102878648957', 'longitude': '-122.43729978563087', 'human_address': '{""address"": """", ""city"": """", ""state"": """", ""zip"": """"}'}",1.08E+12,,2,2,1,1,5,wood frame (5),5,wood frame (5),,,,,,
5ea20731c2aeecdcc61c587d,2.01E+11,8,otc alterations permit,2007-01-11T00:00:00.000,1875,29,1546,30th,Av,"revise approved app #200612139780, relocate room door, reduce the hallway, relocate full bath for extg sewer stack",complete,2007-06-27T00:00:00.000,2007-01-11T00:00:00.000,2007-01-11T00:00:00.000,2007-05-11T00:00:00.000Z,1,1,1 family dwelling,1 family dwelling,2,4,Sunset/Parkside,94122,"{'latitude': '37.75843429462371', 'longitude': '-122.48825730623359', 'human_address': '{""address"": """", ""city"": """", ""state"": """", ""zip"": """"}'}",1.08E+12,,2,2,1,1,5,wood frame (5),5,wood frame (5),2007-06-27T00:00:00.000,,,,,
5ea20731c2aeecdcc61c587e,2.01E+11,8,otc alterations permit,2007-01-11T00:00:00.000,1599,035A,722,46th,Av,"revision to appl#200701081154 correct plans to label ""basement entrance"" instead of ""main entrance"".",complete,2007-02-15T00:00:00.000,2007-01-11T00:00:00.000,2007-01-11T00:00:00.000,2007-05-11T00:00:00.000Z,1,1,1 family dwelling,1 family dwelling,2,1,Outer Richmond,94121,"{'latitude': '37.77479966502466', 'longitude': '-122.5065935591276', 'human_address': '{""address"": """", ""city"": """", ""state"": """", ""zip"": """"}'}",1.08E+12,,2,2,1,1,5,wood frame (5),5,wood frame (5),2007-02-15T00:00:00.000,,,,,
5ea20731c2aeecdcc61c587f,2.01E+11,3,additions alterations or repairs,2007-01-11T00:00:00.000,3705,49,845,Market,St,"revision to approved  pa#'s 200603318070 and  200604048186 as built changes to ""ruehl"" spaces#251 (2nd floor) no structural changes.",issued,2007-02-13T00:00:00.000,2007-01-11T00:00:00.000,2007-02-13T00:00:00.000,2007-08-13T00:00:00.000Z,13600,13600,retail sales,retail sales,2,6,South of Market,94103,"{'latitude': '37.78410015716841', 'longitude': '-122.40609807725492', 'human_address': '{""address"": """", ""city"": """", ""state"": """", ""zip"": """"}'}",1.08E+12,,9,9,0,0,1,constr type 1,1,constr type 1,,,,,,
5ea20731c2aeecdcc61c5880,2.01E+11,3,additions alterations or repairs,2007-01-11T00:00:00.000,2623,47,9,Douglass,St,vertical addition to rear portion of house for new master bedroom suite and interior renovation. site permit only. not for constructions.,withdrawn,2009-10-26T00:00:00.000,2007-01-11T00:00:00.000,2007-11-08T00:00:00.000,2008-11-08T00:00:00.000Z,160000,225000,1 family dwelling,1 family dwelling,2,8,Castro/Upper Market,94114,"{'latitude': '37.76334943469128', 'longitude': '-122.43931431105877', 'human_address': '{""address"": """", ""city"": """", ""state"": """", ""zip"": """"}'}",1.08E+12,,2,3,1,1,5,wood frame (5),5,wood frame (5),,Y,Y,,,
5ea20731c2aeecdcc61c5881,2.01E+11,8,otc alterations permit,2007-01-11T00:00:00.000,4101,39,1431,20th,St,"repair dryrot on the side of property approx 20-30 square feet. in garage. re,pve dryrotted portion at base of single post towards front of garage. raise concrete footing above slab level. install post base. all work not visible from the street",complete,2007-01-31T00:00:00.000,2007-01-11T00:00:00.000,2007-01-11T00:00:00.000,2007-05-11T00:00:00.000Z,1300,1300,1 family dwelling,1 family dwelling,0,10,Potrero Hill,94107,"{'latitude': '37.7598198001088', 'longitude': '-122.39590895289385', 'human_address': '{""address"": """", ""city"": """", ""state"": """", ""zip"": """"}'}",1.08E+12,,2,2,1,1,5,wood frame (5),5,wood frame (5),2007-01-31T00:00:00.000,,,,,
5ea20731c2aeecdcc61c5882,2.01E+11,8,otc alterations permit,2007-01-11T00:00:00.000,807,001B,539,Octavia,St,connection of fire alarm monitoring panel for sprinkler monitoring.,complete,2007-01-25T00:00:00.000,2007-01-11T00:00:00.000,2007-01-11T00:00:00.000,2007-05-11T00:00:00.000Z,800,800,apartments,apartments,2,5,Hayes Valley,94102,"{'latitude': '37.77725730736001', 'longitude': '-122.42495728120139', 'human_address': '{""address"": """", ""city"": """", ""state"": """", ""zip"": """"}'}",1.08E+12,,3,3,30,30,5,wood frame (5),5,wood frame (5),2007-01-25T00:00:00.000,,,,,
5ea20731c2aeecdcc61c5883,2.01E+11,3,additions alterations or repairs,2007-01-11T00:00:00.000,2608,21,118,Buena Vista,Tr,"3/fl addition to 2 story house.add rearyard decks&exit stair,new 3/fl contain bedroom,bathrm,study&front, rear decks. interior alterations @ 2/fl to incl renovation (e)bathrms(2),& expansion of (e)bedrm at (e)roof deck. partialrenovation of 1/fl. elec,mech,plumb appl under separate permit.",complete,2009-08-18T00:00:00.000,2007-01-11T00:00:00.000,2007-08-20T00:00:00.000,2009-08-20T00:00:00.000Z,450000,450000,1 family dwelling,1 family dwelling,2,8,Castro/Upper Market,94117,"{'latitude': '37.766953645829304', 'longitude': '-122.43853499055228', 'human_address': '{""address"": """", ""city"": """", ""state"": """", ""zip"": """"}'}",1.08E+12,,2,3,1,1,5,wood frame (5),5,wood frame (5),2009-08-18T00:00:00.000,Y,Y,,,
5ea20731c2aeecdcc61c5884,2.01E+11,3,additions alterations or repairs,2007-01-11T00:00:00.000,1361,20,3923,California,St,omply with 3r-4481,filed,2007-01-11T00:00:00.000,2007-01-11T00:00:00.000,,,7000,,2 family dwelling,2 family dwelling,0,1,Inner Richmond,94118,"{'latitude': '37.78537172683489', 'longitude': '-122.46005593994607', 'human_address': '{""address"": """", ""city"": """", ""state"": """", ""zip"": """"}'}",1.08E+11,,3,3,2,2,5,wood frame (5),5,wood frame (5),,,,,,
5ea20731c2aeecdcc61c5885,M53802,8,otc alterations permit,2007-01-11T00:00:00.000,5891,35,178,Ney,St,street space & sidewalk permit,issued,2007-01-11T00:00:00.000,2007-01-11T00:00:00.000,2007-01-11T00:00:00.000,,,0,,,,11,Excelsior,94112,"{'latitude': '37.72989385331528', 'longitude': '-122.42654122960529', 'human_address': '{""address"": """", ""city"": """", ""state"": """", ""zip"": """"}'}",1.08E+12,,,,,,,,,,,,,,,
5ea20731c2aeecdcc61c5886,M53822,8,otc alterations permit,2007-01-11T00:00:00.000,1429,23,332,Clement,St,street space & sidewalk permit only.,issued,2007-01-11T00:00:00.000,2007-01-11T00:00:00.000,2007-01-11T00:00:00.000,,,0,,,,1,Inner Richmond,94118,"{'latitude': '37.78326434492771', 'longitude': '-122.46292137345685', 'human_address': '{""address"": """", ""city"": """", ""state"": """", ""zip"": """"}'}",1.08E+11,,,,,,,,,,,,,,,
5ea20731c2aeecdcc61c5887,M53823,8,otc alterations permit,2007-01-11T00:00:00.000,3561,68,245,Castro,St,street space permit and sidewalk repair,issued,2007-01-11T00:00:00.000,2007-01-11T00:00:00.000,2007-01-11T00:00:00.000,,,0,,,,8,Castro/Upper Market,94114,"{'latitude': '37.765066039663736', 'longitude': '-122.43509192216244', 'human_address': '{""address"": """", ""city"": """", ""state"": """", ""zip"": """"}'}",1.08E+12,,,,,,,,,,,,,,,
5ea20731c2aeecdcc61c5888,2.01E+11,8,otc alterations permit,2007-01-11T00:00:00.000,859,27,459,Haight,St,repair dryrot sidding at rear of building with like kind.,issued,2007-01-11T00:00:00.000,2007-01-11T00:00:00.000,2007-01-11T00:00:00.000,2007-05-11T00:00:00.000Z,3000,3000,apartments,apartments,0,5,Hayes Valley,94117,"{'latitude': '37.7718814652616', 'longitude': '-122.42965979225858', 'human_address': '{""address"": """", ""city"": """", ""state"": """", ""zip"": """"}'}",1.08E+12,,3,3,3,3,5,wood frame (5),5,wood frame (5),,,,,,
5ea20731c2aeecdcc61c5889,2.01E+11,8,otc alterations permit,2007-01-11T00:00:00.000,4080,11,720,York,St,"unit #210-tear out (e) 1 kitchen, 1 bath and update design. extend mezzanini approx 3' to push stairs out to accomodate new kitchen.",complete,2007-11-08T00:00:00.000,2007-01-11T00:00:00.000,2007-01-11T00:00:00.000,2008-01-11T00:00:00.000Z,38000,38000,apartments,apartments,2,10,Mission,94110,"{'latitude': '37.759709668121424', 'longitude': '-122.40968183296171', 'human_address': '{""address"": """", ""city"": """", ""state"": """", ""zip"": """"}'}",1.08E+12,,2,2,20,20,3,constr type 3,3,constr type 3,2007-11-08T00:00:00.000,,,,,
5ea20731c2aeecdcc61c588a,M53824,8,otc alterations permit,2007-01-11T00:00:00.000,959,11,2770,Broadway,,street space permit,issued,2007-01-11T00:00:00.000,2007-01-11T00:00:00.000,2007-01-11T00:00:00.000,,,0,,,,2,Pacific Heights,94123,"{'latitude': '37.79360887022625', 'longitude': '-122.44257279287072', 'human_address': '{""address"": """", ""city"": """", ""state"": """", ""zip"": """"}'}",1.08E+11,,,,,,,,,,,,,,,
5ea20731c2aeecdcc61c588b,2.01E+11,8,otc alterations permit,2007-01-11T00:00:00.000,2117,14,1990,18th,Av,"replace 11 windows, size for size, back of house.",complete,2007-01-25T00:00:00.000,2007-01-11T00:00:00.000,2007-01-11T00:00:00.000,2007-07-11T00:00:00.000Z,6533,6533,1 family dwelling,1 family dwelling,0,7,Inner Sunset,94116,"{'latitude': '37.750805131753744', 'longitude': '-122.47484751575905', 'human_address': '{""address"": """", ""city"": """", ""state"": """", ""zip"": """"}'}",1.08E+12,,2,2,1,1,5,wood frame (5),5,wood frame (5),2007-01-25T00:00:00.000,,,,,
5ea20731c2aeecdcc61c588c,2.01E+11,8,otc alterations permit,2007-01-11T00:00:00.000,241,25,650,California,St,"renewal of pa# 2005/09/29/4271, pa# 2005/10/31/6940 & pa# 2005/10/31/6935 for final inspection.",complete,2007-03-19T00:00:00.000,2007-01-11T00:00:00.000,2007-01-11T00:00:00.000,2007-05-11T00:00:00.000Z,1,1,office,office,0,3,Chinatown,94108,"{'latitude': '37.793029020021095', 'longitude': '-122.40520964058072', 'human_address': '{""address"": """", ""city"": """", ""state"": """", ""zip"": """"}'}",1.08E+12,0,34,34,0,0,1,constr type 1,1,constr type 1,2007-03-19T00:00:00.000,,,,,
5ea20731c2aeecdcc61c588d,2.01E+11,8,otc alterations permit,2007-01-11T00:00:00.000,241,25,650,California,St,"renewal of pa# 2005/12/20/0691, pa# 2005/12/20/0689 & pa# 2005/11/22/8794 for final inspection.",complete,2007-03-20T00:00:00.000,2007-01-11T00:00:00.000,2007-01-11T00:00:00.000,2007-05-11T00:00:00.000Z,1,1,office,office,0,3,Chinatown,94108,"{'latitude': '37.793029020021095', 'longitude': '-122.40520964058072', 'human_address': '{""address"": """", ""city"": """", ""state"": """", ""zip"": """"}'}",1.08E+12,0,34,34,0,0,1,constr type 1,1,constr type 1,2007-03-20T00:00:00.000,,,,,
5ea20731c2aeecdcc61c588e,2.01E+11,8,otc alterations permit,2007-01-11T00:00:00.000,149,21,1644,Taylor,St,renew appl#200607247402 for final.,complete,2007-06-01T00:00:00.000,2007-01-11T00:00:00.000,2007-01-11T00:00:00.000,2007-05-11T00:00:00.000Z,1,1,apartments,apartments,0,3,Nob Hill,94133,"{'latitude': '37.7975906577099', 'longitude': '-122.41342306391715', 'human_address': '{""address"": """", ""city"": """", ""state"": """", ""zip"": """"}'}",1.08E+12,0,4,4,17,17,5,wood frame (5),5,wood frame (5),2007-06-01T00:00:00.000,,,,,
5ea20731c2aeecdcc61c588f,2.01E+11,3,additions alterations or repairs,2007-01-11T00:00:00.000,7243,8,258,Denslowe,Dr,horizontal addition to create maser bedroom with bathroom,complete,2009-08-27T00:00:00.000,2007-01-11T00:00:00.000,2007-08-06T00:00:00.000,2008-08-06T00:00:00.000Z,37000,37000,1 family dwelling,1 family dwelling,2,7,West of Twin Peaks,94132,"{'latitude': '37.72027927298699', 'longitude': '-122.47477723724327', 'human_address': '{""address"": """", ""city"": """", ""state"": """", ""zip"": """"}'}",1.08E+12,,2,2,1,1,5,wood frame (5),5,wood frame (5),2009-08-27T00:00:00.000,Y,Y,,2007-08-06T00:00:00.000,
5ea20731c2aeecdcc61c5890,2.01E+11,8,otc alterations permit,2007-01-11T00:00:00.000,288,32,333,Bush,St,renewal for pa# 2006/02/27/5462.,expired,2008-06-17T00:00:00.000,2007-01-11T00:00:00.000,2007-01-11T00:00:00.000,2007-05-11T00:00:00.000Z,1,1,office,office,0,3,Financial District/South Beach,94108,"{'latitude': '37.79057472898199', 'longitude': '-122.4031096060195', 'human_address': '{""address"": """", ""city"": """", ""state"": """", ""zip"": """"}'}",1.08E+11,,34,34,0,0,1,constr type 1,1,constr type 1,,,,,,
5ea20731c2aeecdcc61c5891,2.01E+11,3,additions alterations or repairs,2007-01-11T00:00:00.000,3706,74,50,03rd,St,"1st fl - renovations to lobby; lounge, restaurant, bar & port cochere. 3rd fl-renovation to meeting rooms, corridors and pre-function areas. exterior-modify marquere canopy, install decorative glass on facade over (e) facade. replace (e) marble w/cement fiber panels, glass/alum storefront.",expired,2013-10-23T00:00:00.000,2007-01-11T00:00:00.000,2007-03-21T00:00:00.000,2009-09-21T00:00:00.000Z,1500000,1800000,tourist hotel/motel,tourist hotel/motel,2,6,Financial District/South Beach,94103,"{'latitude': '37.78652508124445', 'longitude': '-122.40309239617214', 'human_address': '{""address"": """", ""city"": """", ""state"": """", ""zip"": """"}'}",1.08E+12,,36,36,669,676,1,constr type 1,1,constr type 1,,,,,,
5ea20731c2aeecdcc61c5892,2.01E+11,8,otc alterations permit,2007-01-11T00:00:00.000,288,32,333,Bush,St,"renewal of pa# 2006/05/04/0737, pa# 2006/05/19/2001 & pa# 2006/01/18/2363 for final inspection.",complete,2007-03-21T00:00:00.000,2007-01-11T00:00:00.000,2007-01-11T00:00:00.000,2007-05-11T00:00:00.000Z,1,1,office,office,0,3,Financial District/South Beach,94108,"{'latitude': '37.79057472898199', 'longitude': '-122.4031096060195', 'human_address': '{""address"": """", ""city"": """", ""state"": """", ""zip"": """"}'}",1.08E+11,,34,34,0,0,1,constr type 1,1,constr type 1,2007-03-21T00:00:00.000,,,,,
5ea20731c2aeecdcc61c5893,2.01E+11,8,otc alterations permit,2007-01-11T00:00:00.000,2771,58,650,Alvarado,St,replace termite damaged wood in kind at noted locations. replace certain beams and exterior load-bearing stud walls as shown on plans. finishes to  match existing.,expired,2008-11-05T00:00:00.000,2007-01-11T00:00:00.000,2007-01-11T00:00:00.000,2007-07-11T00:00:00.000Z,7500,7500,1 family dwelling,1 family dwelling,2,8,Noe Valley,94114,"{'latitude': '37.75400106963332', 'longitude': '-122.43553393745766', 'human_address': '{""address"": """", ""city"": """", ""state"": """", ""zip"": """"}'}",1.08E+12,,3,3,27,27,5,wood frame (5),5,wood frame (5),,,,,,
5ea20731c2aeecdcc61c5894,2.01E+11,8,otc alterations permit,2007-01-11T00:00:00.000,1141,22,672,Arguello,Bl,add 1 bath on 2nd floor delete partition wall in garage. maintain 3' clear extg way change ceiling height and maintain 40' maximum height per planing code. reconfigure bathrooms on 2nd floor per plan. ref #200502145404,complete,2010-06-07T00:00:00.000,2007-01-11T00:00:00.000,2007-01-11T00:00:00.000,2007-05-11T00:00:00.000Z,3800,3800,1 family dwelling,1 family dwelling,2,1,Lone Mountain/USF,94118,"{'latitude': '37.777671944607', 'longitude': '-122.45826870134962', 'human_address': '{""address"": """", ""city"": """", ""state"": """", ""zip"": """"}'}",1.08E+11,,4,4,1,1,5,wood frame (5),5,wood frame (5),2010-06-07T00:00:00.000,,,,,
5ea20731c2aeecdcc61c5895,M53842,8,otc alterations permit,2007-01-11T00:00:00.000,689,16,1409,Sutter,St,street space permit only.,issued,2007-01-11T00:00:00.000,2007-01-11T00:00:00.000,2007-01-11T00:00:00.000,,,0,,,,2,Western Addition,94109,"{'latitude': '37.78699713231729', 'longitude': '-122.42382315123456', 'human_address': '{""address"": """", ""city"": """", ""state"": """", ""zip"": """"}'}",1.08E+11,,,,,,,,,,,,,,,
5ea20731c2aeecdcc61c5896,2.01E+11,8,otc alterations permit,2007-01-11T00:00:00.000,1403,6,335,30th,Av,comply with complaint #200684997 new windows and bathroom repair - upper level.,complete,2007-03-05T00:00:00.000,2007-01-11T00:00:00.000,2007-01-11T00:00:00.000,2007-05-11T00:00:00.000Z,3000,3000,1 family dwelling,1 family dwelling,0,1,Outer Richmond,94121,"{'latitude': '37.78293703730282', 'longitude': '-122.49064325504841', 'human_address': '{""address"": """", ""city"": """", ""state"": """", ""zip"": """"}'}",1.08E+11,,2,2,1,1,5,wood frame (5),5,wood frame (5),2007-03-05T00:00:00.000,,,,,
5ea20731c2aeecdcc61c5897,2.01E+11,8,otc alterations permit,2007-01-11T00:00:00.000,163,5,909,Montgomery,St,provide 2 new heat pumps. relocate 2 heat pumps. replace 6 existing heat pumps. miscellaneous ducting for th enew heat pump configuration. 8 new hp total. mechanical work only. ref to appl #200612220485 city approved permit. 1 new fire demper (fsd).,complete,2008-03-21T00:00:00.000,2007-01-11T00:00:00.000,2007-01-11T00:00:00.000,2008-01-11T00:00:00.000Z,30000,30000,office,office,2,3,North Beach,94133,"{'latitude': '37.797509439407904', 'longitude': '-122.40406962115884', 'human_address': '{""address"": """", ""city"": """", ""state"": """", ""zip"": """"}'}",1.08E+12,0,6,6,0,0,2,constr type 2,2,constr type 2,2008-03-21T00:00:00.000,,,,,
5ea20731c2aeecdcc61c5898,2.01E+11,3,additions alterations or repairs,2007-01-11T00:00:00.000,2799,13,950,Corbett,Av,plan check comments for full spklr system. revision to plan checking #200612139741,cancelled,2007-06-27T00:00:00.000,2007-01-11T00:00:00.000,,,1,,apartments,apartments,2,8,Twin Peaks,94131,"{'latitude': '37.751845280725696', 'longitude': '-122.44372472154133', 'human_address': '{""address"": """", ""city"": """", ""state"": """", ""zip"": """"}'}",1.08E+12,,4,4,3,3,5,wood frame (5),5,wood frame (5),,,,,,
5ea20731c2aeecdcc61c5899,2.01E+11,8,otc alterations permit,2007-01-11T00:00:00.000,977,001B,2815,Pacific,Av,remove & replace stucco & replace flashing at the rear of the building to repair water leak.,expired,2008-06-26T00:00:00.000,2007-01-11T00:00:00.000,2007-01-11T00:00:00.000,2008-01-11T00:00:00.000Z,42000,42000,1 family dwelling,1 family dwelling,0,2,Pacific Heights,94115,"{'latitude': '37.79225448327885', 'longitude': '-122.44163997677352', 'human_address': '{""address"": """", ""city"": """", ""state"": """", ""zip"": """"}'}",1.08E+11,,2,2,1,1,5,wood frame (5),5,wood frame (5),,,,,,
5ea20731c2aeecdcc61c589a,2.01E+11,8,otc alterations permit,2007-01-11T00:00:00.000,3730,7,262,07th,St,"new countertop, sink and refrigerator in staff break areas on mezzanine & ground level.",complete,2008-09-29T00:00:00.000,2007-01-11T00:00:00.000,2007-01-11T00:00:00.000,2007-07-11T00:00:00.000Z,10000,10000,workshop commercial,workshop commercial,2,6,South of Market,94103,"{'latitude': '37.77698554482191', 'longitude': '-122.40873675759948', 'human_address': '{""address"": """", ""city"": """", ""state"": """", ""zip"": """"}'}",1.08E+12,,1,1,0,0,3,constr type 3,3,constr type 3,2008-09-29T00:00:00.000,,,,,
5ea20731c2aeecdcc61c589b,2.01E+11,8,otc alterations permit,2007-01-11T00:00:00.000,4070,25,536,Wisconsin,St,remodel 2 bathrooms. install new plumbing valves in (e) locations. new shower pan. tile pan & walls & floor. shower drain in (e) location. no change.,complete,2007-03-06T00:00:00.000,2007-01-11T00:00:00.000,2007-01-11T00:00:00.000,2007-07-11T00:00:00.000Z,6000,6000,apartments,apartments,0,10,Potrero Hill,94107,"{'latitude': '37.76045905948295', 'longitude': '-122.39972399644871', 'human_address': '{""address"": """", ""city"": """", ""state"": """", ""zip"": """"}'}",1.08E+12,,4,4,80,80,5,wood frame (5),5,wood frame (5),2007-03-06T00:00:00.000,,,,,
5ea20731c2aeecdcc61c589c,2.01E+11,8,otc alterations permit,2007-01-11T00:00:00.000,2840,1,62,Castenada,Av,"remodel 2 bathrooms, change tile. replace sink, toilet and faucet.",complete,2007-04-11T00:00:00.000,2007-01-11T00:00:00.000,2007-01-11T00:00:00.000,2007-07-11T00:00:00.000Z,9000,9000,1 family dwelling,1 family dwelling,0,7,West of Twin Peaks,94116,"{'latitude': '37.75001835706547', 'longitude': '-122.46223606071992', 'human_address': '{""address"": """", ""city"": """", ""state"": """", ""zip"": """"}'}",1.08E+12,,2,2,1,1,5,wood frame (5),5,wood frame (5),2007-04-11T00:00:00.000,,,,,
5ea20731c2aeecdcc61c589d,2.01E+11,8,otc alterations permit,2007-01-11T00:00:00.000,7146,9,24,Regent,St,remodel (e) porch at front of house consisting of infilling (e) opening at side wall of porch. put paint w/stucco coat to exterior of porch. comply w/nov# 200684771.,complete,2007-02-07T00:00:00.000,2007-01-11T00:00:00.000,2007-01-11T00:00:00.000,2007-05-11T00:00:00.000Z,1000,1000,1 family dwelling,1 family dwelling,0,11,Outer Mission,94112,"{'latitude': '37.709558406259575', 'longitude': '-122.45597043246995', 'human_address': '{""address"": """", ""city"": """", ""state"": """", ""zip"": """"}'}",1.08E+12,,3,3,1,1,5,wood frame (5),5,wood frame (5),2007-02-07T00:00:00.000,,,,,
5ea20731c2aeecdcc61c589e,2.01E+11,4,sign - erect,2007-01-11T00:00:00.000,3760,119,65,Oak Grove,St,"sign permit - wall, single faced.",issued,2007-01-11T00:00:00.000,2007-01-11T00:00:00.000,2007-01-11T00:00:00.000,2008-01-11T00:00:00.000Z,,25506.78,office,,2,6,South of Market,94107,"{'latitude': '37.77755020000258', 'longitude': '-122.40164355791248', 'human_address': '{""address"": """", ""city"": """", ""state"": """", ""zip"": """"}'}",1.08E+12,,2,,0,,5,wood frame (5),,,,,,,,
5ea20731c2aeecdcc61c589f,2.01E+11,8,otc alterations permit,2007-01-11T00:00:00.000,6618,10,210,29th,St,"replace 13 windows, size for size, visable from street. aluminum to vinyl.",complete,2007-02-02T00:00:00.000,2007-01-11T00:00:00.000,2007-01-11T00:00:00.000,2007-07-11T00:00:00.000Z,10000,10000,2 family dwelling,2 family dwelling,0,8,Noe Valley,94131,"{'latitude': '37.74403911297648', 'longitude': '-122.42509418553365', 'human_address': '{""address"": """", ""city"": """", ""state"": """", ""zip"": """"}'}",1.08E+12,,2,2,2,2,5,wood frame (5),5,wood frame (5),2007-02-02T00:00:00.000,,,,,
5ea20731c2aeecdcc61c58a0,2.01E+11,8,otc alterations permit,2007-01-11T00:00:00.000,2771,58,650,Alvarado,St,replacement of termite damaged wood in kind at noted locations. replace certain beams and load-bearing stud walls. finishes to match (e). refer to plans.,expired,2008-11-05T00:00:00.000,2007-01-11T00:00:00.000,2007-01-11T00:00:00.000,2007-07-11T00:00:00.000Z,7500,7500,apartments,apartments,2,8,Noe Valley,94114,"{'latitude': '37.75400106963332', 'longitude': '-122.43553393745766', 'human_address': '{""address"": """", ""city"": """", ""state"": """", ""zip"": """"}'}",1.08E+12,,3,3,27,27,5,wood frame (5),5,wood frame (5),,,,,,
5ea20731c2aeecdcc61c58a1,2.01E+11,8,otc alterations permit,2007-01-11T00:00:00.000,6618,10,212,29th,St,"replace 13 windows, size for size, visable from street. aluminum to vinyl.",complete,2007-02-02T00:00:00.000,2007-01-11T00:00:00.000,2007-01-11T00:00:00.000,2007-07-11T00:00:00.000Z,10000,10000,2 family dwelling,2 family dwelling,0,8,Noe Valley,94131,"{'latitude': '37.74403911297648', 'longitude': '-122.42509418553365', 'human_address': '{""address"": """", ""city"": """", ""state"": """", ""zip"": """"}'}",1.08E+12,,2,2,2,2,5,wood frame (5),5,wood frame (5),2007-02-02T00:00:00.000,,,,,
5ea20731c2aeecdcc61c58a2,M53862,8,otc alterations permit,2007-01-11T00:00:00.000,519,19,3004,Laguna,St,sidewalk permit,issued,2007-01-11T00:00:00.000,2007-01-11T00:00:00.000,2007-01-11T00:00:00.000,,,0,,,,2,Marina,94123,"{'latitude': '37.79891260067376', 'longitude': '-122.43057142499232', 'human_address': '{""address"": """", ""city"": """", ""state"": """", ""zip"": """"}'}",1.08E+11,,,,,,,,,,,,,,,
5ea20731c2aeecdcc61c58a3,2.01E+11,8,otc alterations permit,2007-01-11T00:00:00.000,6514,18,257,San Jose,Av,reroofing,complete,2007-01-24T00:00:00.000,2007-01-11T00:00:00.000,2007-01-11T00:00:00.000,2007-07-11T00:00:00.000Z,11000,11000,apartments,apartments,0,8,Mission,94110,"{'latitude': '37.75120322081861', 'longitude': '-122.42123723209518', 'human_address': '{""address"": """", ""city"": """", ""state"": """", ""zip"": """"}'}",1.08E+12,,2,2,8,8,5,wood frame (5),5,wood frame (5),2007-01-24T00:00:00.000,,,,,
5ea20731c2aeecdcc61c58a4,2.01E+11,8,otc alterations permit,2007-01-11T00:00:00.000,6513,34,1201,Guerrero,St,replace approx 60% of rear stairway in kind due to dry rot. used as 2nd means of egress for residential units. stair serves residential only.,complete,2007-06-14T00:00:00.000,2007-01-11T00:00:00.000,2007-01-11T00:00:00.000,2007-07-11T00:00:00.000Z,6500,6500,apartments,apartments,2,8,Mission,94110,"{'latitude': '37.7518361952855', 'longitude': '-122.42261967728669', 'human_address': '{""address"": """", ""city"": """", ""state"": """", ""zip"": """"}'}",1.08E+12,,3,3,3,3,5,wood frame (5),5,wood frame (5),2007-06-14T00:00:00.000,Y,,,,
5ea20731c2aeecdcc61c58a5,2.01E+11,8,otc alterations permit,2007-01-11T00:00:00.000,6421,2,287,South Hill,Bl,reroofing,complete,2007-01-22T00:00:00.000,2007-01-11T00:00:00.000,2007-01-11T00:00:00.000,2007-07-11T00:00:00.000Z,5250,5250,1 family dwelling,1 family dwelling,0,11,Excelsior,94112,"{'latitude': '37.70920756336609', 'longitude': '-122.4298448889036', 'human_address': '{""address"": """", ""city"": """", ""state"": """", ""zip"": """"}'}",1.08E+12,,,,,,,,,,2007-01-22T00:00:00.000,,,,,
5ea20731c2aeecdcc61c58a6,M53882,8,otc alterations permit,2007-01-11T00:00:00.000,120,24,933,Union,St,street space permit,issued,2007-01-11T00:00:00.000,2007-01-11T00:00:00.000,2007-01-11T00:00:00.000,,,0,,,,3,Russian Hill,94133,"{'latitude': '37.799574476142936', 'longitude': '-122.41470776144207', 'human_address': '{""address"": """", ""city"": """", ""state"": """", ""zip"": """"}'}",1.08E+12,0,,,,,,,,,,,,,,
5ea20731c2aeecdcc61c58a7,M53882,8,otc alterations permit,2007-01-11T00:00:00.000,120,24,935,Union,St,street space permit,issued,2007-01-11T00:00:00.000,2007-01-11T00:00:00.000,2007-01-11T00:00:00.000,,,0,,,,3,Russian Hill,94133,"{'latitude': '37.799574476142936', 'longitude': '-122.41470776144207', 'human_address': '{""address"": """", ""city"": """", ""state"": """", ""zip"": """"}'}",1.08E+12,,,,,,,,,,,,,,,
5ea20731c2aeecdcc61c58a8,2.01E+11,3,additions alterations or repairs,2007-01-11T00:00:00.000,180,45,977,Pacific,Av,"star fire installed without permit. we are taking job over. work remaining is riser tie-ins, test & inspections. owner is installing new system under voluntary conditions.",complete,2007-10-12T00:00:00.000,2007-01-11T00:00:00.000,2007-03-15T00:00:00.000,2007-09-15T00:00:00.000Z,5000,17000,apartments,apartments,2,3,Chinatown,94133,"{'latitude': '37.79619229981552', 'longitude': '-122.41126490532365', 'human_address': '{""address"": """", ""city"": """", ""state"": """", ""zip"": """"}'}",1.08E+12,0,3,3,6,6,5,wood frame (5),5,wood frame (5),2007-10-12T00:00:00.000,,,,,
5ea20731c2aeecdcc61c58a9,2.01E+11,8,otc alterations permit,2007-01-11T00:00:00.000,813,6,1390,Market,St,"remodel kitchen tops. no window or door work. cabinets, kit, sink, dishwasher, bathroom, tile sorround. vanity sink. on units# 1424, # 1815.",complete,2007-03-14T00:00:00.000,2007-01-11T00:00:00.000,2007-01-11T00:00:00.000,2007-07-11T00:00:00.000Z,24000,24000,apartments,apartments,0,6,Tenderloin,94102,"{'latitude': '37.777142649690035', 'longitude': '-122.41722112719671', 'human_address': '{""address"": """", ""city"": """", ""state"": """", ""zip"": """"}'}",1.08E+11,,29,29,448,448,1,constr type 1,1,constr type 1,2007-03-14T00:00:00.000,,,,,
5ea20731c2aeecdcc61c58aa,M53883,8,otc alterations permit,2007-01-11T00:00:00.000,0460A,7,1624,Bay,St,street space permit,issued,2007-01-11T00:00:00.000,2007-01-11T00:00:00.000,2007-01-11T00:00:00.000,,,0,,,,2,Marina,94123,"{'latitude': '37.803315023636905', 'longitude': '-122.4338947907168', 'human_address': '{""address"": """", ""city"": """", ""state"": """", ""zip"": """"}'}",1.08E+12,0,,,,,,,,,,,,,,
5ea20731c2aeecdcc61c58ab,2.01E+11,3,additions alterations or repairs,2007-01-11T00:00:00.000,5730,8,246,Putnam,St,"temporary shoring-common property lines, ref. 2004/07/08/8338s1, other permit for new shoring by hawk lee.",issued,2007-02-09T00:00:00.000,2007-01-11T00:00:00.000,2007-02-09T00:00:00.000,2007-08-09T00:00:00.000Z,10000,15000,1 family dwelling,1 family dwelling,2,9,Bernal Heights,94110,"{'latitude': '37.7363482046823', 'longitude': '-122.41124014077778', 'human_address': '{""address"": """", ""city"": """", ""state"": """", ""zip"": """"}'}",1.08E+12,,3,3,1,1,5,wood frame (5),5,wood frame (5),,,,,,
5ea20731c2aeecdcc61c58ac,2.01E+11,8,otc alterations permit,2007-01-11T00:00:00.000,813,6,1390,Market,St,"remodel kitchen tops. no window or door work. cabinets, kit, sink, dishwasher, bathroom, tile sorround. vanity sink. on units# 1520, # 1619, # 1622, # 2027 & # 2125.",complete,2007-02-07T00:00:00.000,2007-01-11T00:00:00.000,2007-01-11T00:00:00.000,2008-01-11T00:00:00.000Z,60000,60000,apartments,apartments,0,6,Tenderloin,94102,"{'latitude': '37.777142649690035', 'longitude': '-122.41722112719671', 'human_address': '{""address"": """", ""city"": """", ""state"": """", ""zip"": """"}'}",1.08E+11,,29,29,448,448,1,constr type 1,1,constr type 1,2007-02-07T00:00:00.000,,,,,
5ea20731c2aeecdcc61c58ad,2.01E+11,8,otc alterations permit,2007-01-11T00:00:00.000,5518,004A,45,Powers,Av,"in-fill e sub sidewalk coal chut einfill e sub-sidewalk coal chute, including appro 3' concrete footing and stemwall, mudsill, replace approx 20sf sidewalk",expired,2007-05-16T00:00:00.000,2007-01-11T00:00:00.000,2007-01-11T00:00:00.000,2007-05-11T00:00:00.000Z,2000,2000,2 family dwelling,2 family dwelling,2,9,Bernal Heights,94110,"{'latitude': '37.74593308725132', 'longitude': '-122.41844514362744', 'human_address': '{""address"": """", ""city"": """", ""state"": """", ""zip"": """"}'}",1.08E+12,,3,3,2,2,5,wood frame (5),5,wood frame (5),,,,,,
5ea20731c2aeecdcc61c58ae,2.01E+11,3,additions alterations or repairs,2007-01-11T00:00:00.000,4912,1,2814,Jennings,St,"make corr req'd on nov compt #200449960 &legalize(e)2/fl residences.(e)residences will be remodeled&(e)comm'l units on main fl(1/fl)will be brought up to code&new ada/handicap bathrooms will be constructed.new electrical,1/fl comm'l wk under separate permit.occupancy class change from r-3 to r-1.",cancelled,2012-02-15T00:00:00.000,2007-01-11T00:00:00.000,,,40000,210000,1 family dwelling,apartments,2,10,Bayview Hunters Point,94124,"{'latitude': '37.722568832010346', 'longitude': '-122.39298549952167', 'human_address': '{""address"": """", ""city"": """", ""state"": """", ""zip"": """"}'}",1.08E+12,,2,2,1,3,5,wood frame (5),5,wood frame (5),,,,,,
5ea20731c2aeecdcc61c58af,2.01E+11,3,additions alterations or repairs,2007-01-11T00:00:00.000,4912,1,2824,Jennings,St,"make corr req'd on nov compt #200449960 &legalize(e)2/fl residences.(e)residences will be remodeled&(e)comm'l units on main fl(1/fl)will be brought up to code&new ada/handicap bathrooms will be constructed.new electrical,1/fl comm'l wk under separate permit.occupancy class change from r-3 to r-1.",cancelled,2012-02-15T00:00:00.000,2007-01-11T00:00:00.000,,,40000,210000,1 family dwelling,apartments,2,10,Bayview Hunters Point,94124,"{'latitude': '37.722568832010346', 'longitude': '-122.39298549952167', 'human_address': '{""address"": """", ""city"": """", ""state"": """", ""zip"": """"}'}",1.08E+12,,2,2,1,3,5,wood frame (5),5,wood frame (5),,,,,,
5ea20731c2aeecdcc61c58b0,M53884,8,otc alterations permit,2007-01-11T00:00:00.000,2626,7,40,Ord,St,street space permit,issued,2007-01-11T00:00:00.000,2007-01-11T00:00:00.000,2007-01-11T00:00:00.000,,,0,,,,8,Castro/Upper Market,94114,"{'latitude': '37.76298756423048', 'longitude': '-122.44058462659083', 'human_address': '{""address"": """", ""city"": """", ""state"": """", ""zip"": """"}'}",1.08E+12,,,,,,,,,,,,,,,
5ea20731c2aeecdcc61c58b1,M53884,8,otc alterations permit,2007-01-11T00:00:00.000,2626,7,42,Ord,St,street space permit,issued,2007-01-11T00:00:00.000,2007-01-11T00:00:00.000,2007-01-11T00:00:00.000,,,0,,,,8,Castro/Upper Market,94114,"{'latitude': '37.76298756423048', 'longitude': '-122.44058462659083', 'human_address': '{""address"": """", ""city"": """", ""state"": """", ""zip"": """"}'}",1.08E+12,,,,,,,,,,,,,,,
5ea20731c2aeecdcc61c58b2,2.01E+11,8,otc alterations permit,2007-01-11T00:00:00.000,505,001A,2941,Gough,St,renew:200408101073 for final inspection,complete,2007-01-29T00:00:00.000,2007-01-11T00:00:00.000,2007-01-11T00:00:00.000,2007-05-11T00:00:00.000Z,1,1,apartments,apartments,0,2,Marina,94123,"{'latitude': '37.800493734116294', 'longitude': '-122.42810703989977', 'human_address': '{""address"": """", ""city"": """", ""state"": """", ""zip"": """"}'}",1.08E+12,,3,3,8,8,5,wood frame (5),5,wood frame (5),2007-01-29T00:00:00.000,,,,,
5ea20731c2aeecdcc61c58b3,2.01E+11,8,otc alterations permit,2007-01-11T00:00:00.000,5661,21,803,Cortland,Av,"remove the stucco and change the rotten wood behind the stucco, then replace the stucco in front of the bldg.",complete,2007-03-13T00:00:00.000,2007-01-11T00:00:00.000,2007-01-11T00:00:00.000,2007-05-11T00:00:00.000Z,400,400,1 family dwelling,1 family dwelling,0,9,Bernal Heights,94110,"{'latitude': '37.73908037561144', 'longitude': '-122.41446129262727', 'human_address': '{""address"": """", ""city"": """", ""state"": """", ""zip"": """"}'}",1.08E+12,,2,2,1,1,5,wood frame (5),5,wood frame (5),2007-03-13T00:00:00.000,,,,,
5ea20731c2aeecdcc61c58b4,2.01E+11,8,otc alterations permit,2007-01-11T00:00:00.000,5661,21,805,Cortland,Av,"remove the stucco and change the rotten wood behind the stucco, then replace the stucco in front of the bldg.",complete,2007-03-13T00:00:00.000,2007-01-11T00:00:00.000,2007-01-11T00:00:00.000,2007-05-11T00:00:00.000Z,400,400,1 family dwelling,1 family dwelling,0,9,Bernal Heights,94110,"{'latitude': '37.73908037561144', 'longitude': '-122.41446129262727', 'human_address': '{""address"": """", ""city"": """", ""state"": """", ""zip"": """"}'}",1.08E+12,,2,2,1,1,5,wood frame (5),5,wood frame (5),2007-03-13T00:00:00.000,,,,,
5ea20731c2aeecdcc61c58b5,2.01E+11,3,additions alterations or repairs,2007-01-11T00:00:00.000,5730,8,246,Putnam,St,"temporary shoring at rear yard, ref. #2004/07/08/8338s1, see other permit for side shoring by sure engineering.",expired,2009-08-10T00:00:00.000,2007-01-11T00:00:00.000,2007-08-28T00:00:00.000,2008-02-28T00:00:00.000Z,10000,15000,1 family dwelling,1 family dwelling,2,9,Bernal Heights,94110,"{'latitude': '37.7363482046823', 'longitude': '-122.41124014077778', 'human_address': '{""address"": """", ""city"": """", ""state"": """", ""zip"": """"}'}",1.08E+12,,3,3,1,1,5,wood frame (5),5,wood frame (5),,,,,,
5ea20731c2aeecdcc61c58b6,2.01E+11,8,otc alterations permit,2007-01-11T00:00:00.000,1031,25,3171,California,St,"replace windows in units 3171-3181, replace 26 windows size for size, visable from street. wood to wood.",complete,2007-05-30T00:00:00.000,2007-01-11T00:00:00.000,2007-01-11T00:00:00.000,2007-07-11T00:00:00.000Z,21499,21499,apartments,apartments,0,2,Presidio Heights,94115,"{'latitude': '37.787058645641906', 'longitude': '-122.44633845181045', 'human_address': '{""address"": """", ""city"": """", ""state"": """", ""zip"": """"}'}",1.08E+11,,3,3,6,6,5,wood frame (5),5,wood frame (5),2007-05-30T00:00:00.000,,,,,
5ea20731c2aeecdcc61c58b7,2.01E+11,8,otc alterations permit,2007-01-11T00:00:00.000,1031,25,3181,California,St,"replace windows in units 3171-3181, replace 26 windows size for size, visable from street. wood to wood.",complete,2007-05-30T00:00:00.000,2007-01-11T00:00:00.000,2007-01-11T00:00:00.000,2007-07-11T00:00:00.000Z,21499,21499,apartments,apartments,0,2,Presidio Heights,94115,"{'latitude': '37.787058645641906', 'longitude': '-122.44633845181045', 'human_address': '{""address"": """", ""city"": """", ""state"": """", ""zip"": """"}'}",1.08E+12,,3,3,6,6,5,wood frame (5),5,wood frame (5),2007-05-30T00:00:00.000,,,,,
5ea20731c2aeecdcc61c58b8,2.01E+11,8,otc alterations permit,2007-01-11T00:00:00.000,104,32,19,Harwood,Al,"remodel 2 kchn (included cabinets sinks, faucets, flooring and tiles) and 2 bathroom (included toilets, sinks, tubs and lights). replace drywalls in kchn and bthrms only. lighting to comply with title 24",complete,2007-09-19T00:00:00.000,2007-01-11T00:00:00.000,2007-01-11T00:00:00.000,2008-01-11T00:00:00.000Z,30000,30000,2 family dwelling,2 family dwelling,0,3,North Beach,94133,"{'latitude': '37.80134210674627', 'longitude': '-122.40754332835843', 'human_address': '{""address"": """", ""city"": """", ""state"": """", ""zip"": """"}'}",1.08E+12,,2,2,2,2,5,wood frame (5),5,wood frame (5),2007-09-19T00:00:00.000,,,,,
5ea20731c2aeecdcc61c58b9,2.01E+11,8,otc alterations permit,2007-01-11T00:00:00.000,104,32,21,Harwood,Al,"remodel 2 kchn (included cabinets sinks, faucets, flooring and tiles) and 2 bathroom (included toilets, sinks, tubs and lights). replace drywalls in kchn and bthrms only. lighting to comply with title 24",complete,2007-09-19T00:00:00.000,2007-01-11T00:00:00.000,2007-01-11T00:00:00.000,2008-01-11T00:00:00.000Z,30000,30000,2 family dwelling,2 family dwelling,0,3,North Beach,94133,"{'latitude': '37.80134210674627', 'longitude': '-122.40754332835843', 'human_address': '{""address"": """", ""city"": """", ""state"": """", ""zip"": """"}'}",1.08E+12,,2,2,2,2,5,wood frame (5),5,wood frame (5),2007-09-19T00:00:00.000,,,,,
5ea20731c2aeecdcc61c58ba,2.01E+11,8,otc alterations permit,2007-01-11T00:00:00.000,5254,33,650,Mendell,St,"replace 6 windows, size for size, visable from street. aluminum to wood.",issued,2007-01-11T00:00:00.000,2007-01-11T00:00:00.000,2007-01-11T00:00:00.000,2007-07-11T00:00:00.000Z,6808,6808,1 family dwelling,1 family dwelling,0,10,Bayview Hunters Point,94124,"{'latitude': '37.73932283729826', 'longitude': '-122.38638826212252', 'human_address': '{""address"": """", ""city"": """", ""state"": """", ""zip"": """"}'}",1.08E+12,,2,2,1,1,5,wood frame (5),5,wood frame (5),,,,,,
5ea20731c2aeecdcc61c58bb,2.01E+11,8,otc alterations permit,2007-01-11T00:00:00.000,6051,14,558,Brussels,St,"replace 7 windows, size for size, visable from street. aluminum to vinyl.",complete,2007-01-22T00:00:00.000,2007-01-11T00:00:00.000,2007-01-11T00:00:00.000,2007-07-11T00:00:00.000Z,5762,5762,1 family dwelling,1 family dwelling,0,9,Portola,94134,"{'latitude': '37.72507563423487', 'longitude': '-122.4050633160922', 'human_address': '{""address"": """", ""city"": """", ""state"": """", ""zip"": """"}'}",1.08E+12,,2,2,1,1,5,wood frame (5),5,wood frame (5),2007-01-22T00:00:00.000,,,,,
5ea20731c2aeecdcc61c58bc,2.01E+11,3,additions alterations or repairs,2007-01-11T00:00:00.000,1227,31,2049,Oak,St,addition of rear deck with firewall.,complete,2007-08-01T00:00:00.000,2007-01-11T00:00:00.000,2007-05-03T00:00:00.000,2007-11-03T00:00:00.000Z,5000,8400,apartments,apartments,2,5,Haight Ashbury,94117,"{'latitude': '37.77085012986973', 'longitude': '-122.4530762047247', 'human_address': '{""address"": """", ""city"": """", ""state"": """", ""zip"": """"}'}",1.08E+11,,3,3,4,4,5,wood frame (5),5,wood frame (5),2007-08-01T00:00:00.000,Y,,,,
5ea20731c2aeecdcc61c58bd,M53902,8,otc alterations permit,2007-01-11T00:00:00.000,1740,14,1265,10th,Av,street space & sidewalk repair,issued,2007-01-11T00:00:00.000,2007-01-11T00:00:00.000,2007-01-11T00:00:00.000,,,0,,,,5,Inner Sunset,94122,"{'latitude': '37.76460203303238', 'longitude': '-122.46775370218185', 'human_address': '{""address"": """", ""city"": """", ""state"": """", ""zip"": """"}'}",1.08E+12,,,,,,,,,,,,,,,
5ea20731c2aeecdcc61c58be,2.01E+11,8,otc alterations permit,2007-01-11T00:00:00.000,7012,39,68,Ashton,Av,"replace 5 windows, size for size, visable from street. wood to wood.",complete,2007-02-22T00:00:00.000,2007-01-11T00:00:00.000,2007-01-11T00:00:00.000,2007-07-11T00:00:00.000Z,6880,6880,1 family dwelling,1 family dwelling,0,11,Oceanview/Merced/Ingleside,94112,"{'latitude': '37.71942218654307', 'longitude': '-122.4619398817953', 'human_address': '{""address"": """", ""city"": """", ""state"": """", ""zip"": """"}'}",1.08E+12,,2,2,1,1,5,wood frame (5),5,wood frame (5),2007-02-22T00:00:00.000,,,,,
5ea20731c2aeecdcc61c58bf,2.01E+11,8,otc alterations permit,2007-01-11T00:00:00.000,1451,16,379,19th,Av,"legalize bathroom remodel. replace plumbing fixtures, toilet sink, floor covering and electrical fixtures. add a heating duct. restore wall original state where new window was constructed illegally.",complete,2007-03-02T00:00:00.000,2007-01-11T00:00:00.000,2007-01-11T00:00:00.000,2007-05-11T00:00:00.000Z,4100,4100,1 family dwelling,1 family dwelling,0,1,Outer Richmond,94121,"{'latitude': '37.780863136650815', 'longitude': '-122.47858995492511', 'human_address': '{""address"": """", ""city"": """", ""state"": """", ""zip"": """"}'}",1.08E+12,,2,2,1,1,5,wood frame (5),5,wood frame (5),2007-03-02T00:00:00.000,,,,,
5ea20731c2aeecdcc61c58c0,2.01E+11,8,otc alterations permit,2007-01-11T00:00:00.000,5655,22,165,Nevada,St,"replace 5 windows, size for size, visable from street. aluminum to wood.",complete,2007-03-05T00:00:00.000,2007-01-11T00:00:00.000,2007-01-11T00:00:00.000,2007-07-11T00:00:00.000Z,10486,10486,1 family dwelling,1 family dwelling,0,9,Bernal Heights,94110,"{'latitude': '37.74036197916233', 'longitude': '-122.4110606171795', 'human_address': '{""address"": """", ""city"": """", ""state"": """", ""zip"": """"}'}",1.08E+12,,2,2,1,1,5,wood frame (5),5,wood frame (5),2007-03-05T00:00:00.000,,,,,
5ea20731c2aeecdcc61c58c1,2.01E+11,8,otc alterations permit,2007-01-11T00:00:00.000,3053,8,45,Brentwood,Av,"repair water-damaged walls (approx 18lf). reapir bed framing & sheating. new r-13 in walls. new trim, stucco, paint. repair only existing- no change to footprint or sf).",expired,2007-10-17T00:00:00.000,2007-01-11T00:00:00.000,2007-01-11T00:00:00.000,2007-07-11T00:00:00.000Z,6000,6000,1 family dwelling,1 family dwelling,0,7,West of Twin Peaks,94127,"{'latitude': '37.73374164817996', 'longitude': '-122.4551714935185', 'human_address': '{""address"": """", ""city"": """", ""state"": """", ""zip"": """"}'}",1.08E+12,,2,2,1,1,5,wood frame (5),5,wood frame (5),,,,,,
5ea20731c2aeecdcc61c58c2,2.01E+11,8,otc alterations permit,2007-01-11T00:00:00.000,5805,5,20,Arnold,Av,"replace 4 windows, size for size, back of house.",complete,2007-03-05T00:00:00.000,2007-01-11T00:00:00.000,2007-01-11T00:00:00.000,2007-07-11T00:00:00.000Z,10635,10635,1 family dwelling,1 family dwelling,0,9,Bernal Heights,94110,"{'latitude': '37.73470716884618', 'longitude': '-122.41984475884566', 'human_address': '{""address"": """", ""city"": """", ""state"": """", ""zip"": """"}'}",1.08E+12,,2,2,1,1,5,wood frame (5),5,wood frame (5),2007-03-05T00:00:00.000,,,,,
5ea20731c2aeecdcc61c58c3,2.01E+11,8,otc alterations permit,2007-01-11T00:00:00.000,200,14,440,Davis,St,"concrete spall repair on facade, include painting, deck coatings and caulking.",expired,2008-05-13T00:00:00.000,2007-01-11T00:00:00.000,2007-01-11T00:00:00.000,2008-01-11T00:00:00.000Z,90000,90000,apartments,apartments,2,3,Financial District/South Beach,94111,"{'latitude': '37.79669693582685', 'longitude': '-122.39777129258873', 'human_address': '{""address"": """", ""city"": """", ""state"": """", ""zip"": """"}'}",1.08E+12,,22,22,418,418,1,constr type 1,1,constr type 1,,,,,,
5ea20731c2aeecdcc61c58c4,2.01E+11,8,otc alterations permit,2007-01-11T00:00:00.000,1473,8,400,42nd,Av,"replace 4 windows, size for size, back of house.",complete,2007-01-22T00:00:00.000,2007-01-11T00:00:00.000,2007-01-11T00:00:00.000,2007-05-11T00:00:00.000Z,3800,3800,1 family dwelling,1 family dwelling,0,1,Outer Richmond,94121,"{'latitude': '37.78105609318353', 'longitude': '-122.50281154987255', 'human_address': '{""address"": """", ""city"": """", ""state"": """", ""zip"": """"}'}",1.08E+12,,2,2,1,1,5,wood frame (5),5,wood frame (5),2007-01-22T00:00:00.000,,,,,
5ea20731c2aeecdcc61c58c5,2.01E+11,8,otc alterations permit,2007-01-11T00:00:00.000,3054,17,58,Brentwood,Av,replace damaged framing of front bay window. upgrade 5 windows of front bay window. new r-13. replace vb & stucco as needed. (repair of existing only - no change in footprint or sf).,complete,2007-07-25T00:00:00.000,2007-01-11T00:00:00.000,2007-01-11T00:00:00.000,2007-07-11T00:00:00.000Z,6000,6000,1 family dwelling,1 family dwelling,0,7,West of Twin Peaks,94127,"{'latitude': '37.73411379569348', 'longitude': '-122.45495014388297', 'human_address': '{""address"": """", ""city"": """", ""state"": """", ""zip"": """"}'}",1.08E+12,,2,2,1,1,5,wood frame (5),5,wood frame (5),2007-07-25T00:00:00.000,,,,,
5ea20731c2aeecdcc61c58c6,2.01E+11,8,otc alterations permit,2007-01-11T00:00:00.000,517,018C,3046,Webster,St,repair dry rot at rear stairs and decks. less than 50% of structure.,expired,2007-06-29T00:00:00.000,2007-01-11T00:00:00.000,2007-01-11T00:00:00.000,2007-05-11T00:00:00.000Z,3000,3000,2 family dwelling,2 family dwelling,0,2,Marina,94123,"{'latitude': '37.798980909481614', 'longitude': '-122.43393491788493', 'human_address': '{""address"": """", ""city"": """", ""state"": """", ""zip"": """"}'}",1.08E+12,,3,3,2,2,5,wood frame (5),5,wood frame (5),,,,,,
5ea20731c2aeecdcc61c58c7,M53843,8,otc alterations permit,2007-01-11T00:00:00.000,3604,24,3770,21st,St,street space & sidewalk permit only.,issued,2007-01-12T00:00:00.000,2007-01-11T00:00:00.000,2007-01-12T00:00:00.000,,,0,,,,8,Castro/Upper Market,94114,"{'latitude': '37.75651443923049', 'longitude': '-122.43162117318597', 'human_address': '{""address"": """", ""city"": """", ""state"": """", ""zip"": """"}'}",1.08E+12,,,,,,,,,,,,,,,
5ea20778c2aeecdcc61c58c9,2.01E+11,8,otc alterations permit,2007-01-02T00:00:00.000,7062,39,151,Caine,Av,reroofing.,issued,2007-01-02T00:00:00.000,2007-01-02T00:00:00.000,2007-01-02T00:00:00.000,2007-05-02T00:00:00.000Z,1800,1800,1 family dwelling,1 family dwelling,0,11,Oceanview/Merced/Ingleside,94112,"{'latitude': '37.71561123366462', 'longitude': '-122.45164319371077', 'human_address': '{""address"": """", ""city"": """", ""state"": """", ""zip"": """"}'}",1.08E+12,,,,,,,,,,,,,,,
5ea20778c2aeecdcc61c58ca,M52523,8,otc alterations permit,2007-01-02T00:00:00.000,1261,15,862,Shrader,St,street space permit only.,issued,2007-01-02T00:00:00.000,2007-01-02T00:00:00.000,2007-01-02T00:00:00.000,,,0,,,,5,Haight Ashbury,94117,"{'latitude': '37.76675934137657', 'longitude': '-122.45104895161684', 'human_address': '{""address"": """", ""city"": """", ""state"": """", ""zip"": """"}'}",1.08E+11,,,,,,,,,,,,,,,
5ea20778c2aeecdcc61c58cb,M52363,8,otc alterations permit,2007-01-02T00:00:00.000,5615,101,190,Coleridge,St,streetspace,issued,2007-01-02T00:00:00.000,2007-01-02T00:00:00.000,2007-01-02T00:00:00.000,,,0,,,,9,Bernal Heights,94110,"{'latitude': '37.74334516006968', 'longitude': '-122.42062266393302', 'human_address': '{""address"": """", ""city"": """", ""state"": """", ""zip"": """"}'}",1.08E+12,,,,,,,,,,,,,,,
5ea20778c2aeecdcc61c58cc,M52302,8,otc alterations permit,2007-01-02T00:00:00.000,305,36,620,Jones,St,street space,issued,2007-01-02T00:00:00.000,2007-01-02T00:00:00.000,2007-01-02T00:00:00.000,,,0,,,,3,Tenderloin,94102,"{'latitude': '37.78716029095172', 'longitude': '-122.41288961192863', 'human_address': '{""address"": """", ""city"": """", ""state"": """", ""zip"": """"}'}",1.08E+12,,,,,,,,,,,,,,,
5ea20778c2aeecdcc61c58cd,M52303,8,otc alterations permit,2007-01-02T00:00:00.000,579,5,2140,Pacific,Av,street space,issued,2007-01-02T00:00:00.000,2007-01-02T00:00:00.000,2007-01-02T00:00:00.000,,,0,,,,2,Pacific Heights,94115,"{'latitude': '37.79415354566644', 'longitude': '-122.43056248329931', 'human_address': '{""address"": """", ""city"": """", ""state"": """", ""zip"": """"}'}",1.08E+12,0,,,,,,,,,,,,,,
5ea20778c2aeecdcc61c58ce,2.01E+11,8,otc alterations permit,2007-01-02T00:00:00.000,3722,82,125,03rd,St,"renew 200503167704, 200504190318, 200505132374 for final inspection",expired,2009-01-06T00:00:00.000,2007-01-02T00:00:00.000,2007-01-02T00:00:00.000,2007-05-02T00:00:00.000Z,1,1,apartments,apartments,0,6,Financial District/South Beach,94105,"{'latitude': '37.78629133947409', 'longitude': '-122.40137524914559', 'human_address': '{""address"": """", ""city"": """", ""state"": """", ""zip"": """"}'}",1.08E+12,,40,40,361,361,1,constr type 1,1,constr type 1,,,,,,
5ea20778c2aeecdcc61c58cf,2.01E+11,8,otc alterations permit,2007-01-02T00:00:00.000,261,18,345,California,St,add 2 smoke detectors - one inside elevator lobby one outside of elevator lobby (north) due to addition of won door (33rd floor),expired,2011-07-28T00:00:00.000,2007-01-02T00:00:00.000,2007-01-02T00:00:00.000,2007-07-02T00:00:00.000Z,6000,6000,office,office,2,3,Financial District/South Beach,94104,"{'latitude': '37.79264572504777', 'longitude': '-122.40043673900044', 'human_address': '{""address"": """", ""city"": """", ""state"": """", ""zip"": """"}'}",1.08E+11,,36,36,0,0,1,constr type 1,1,constr type 1,,,,,,
5ea20778c2aeecdcc61c58d0,2.01E+11,8,otc alterations permit,2007-01-02T00:00:00.000,261,19,345,California,St,add 2 smoke detectors - one inside elevator lobby one outside of elevator lobby (north) due to addition of won door (33rd floor),expired,2011-07-28T00:00:00.000,2007-01-02T00:00:00.000,2007-01-02T00:00:00.000,2007-07-02T00:00:00.000Z,6000,6000,office,office,2,3,Financial District/South Beach,94104,"{'latitude': '37.79264572504777', 'longitude': '-122.40043673900044', 'human_address': '{""address"": """", ""city"": """", ""state"": """", ""zip"": """"}'}",1.08E+11,,36,36,0,0,1,constr type 1,1,constr type 1,,,,,,
5ea20778c2aeecdcc61c58d1,2.01E+11,8,otc alterations permit,2007-01-02T00:00:00.000,261,20,345,California,St,add 2 smoke detectors - one inside elevator lobby one outside of elevator lobby (north) due to addition of won door (33rd floor),expired,2011-07-28T00:00:00.000,2007-01-02T00:00:00.000,2007-01-02T00:00:00.000,2007-07-02T00:00:00.000Z,6000,6000,office,office,2,3,Financial District/South Beach,94104,"{'latitude': '37.79264572504777', 'longitude': '-122.40043673900044', 'human_address': '{""address"": """", ""city"": """", ""state"": """", ""zip"": """"}'}",1.08E+11,,36,36,0,0,1,constr type 1,1,constr type 1,,,,,,
5ea20778c2aeecdcc61c58d2,2.01E+11,8,otc alterations permit,2007-01-02T00:00:00.000,7001,35,154,Beverly,St,retro fit 8 windows in kind. white vinyl. no structural changes. 4 visable from the street. window trim detail to remain as is.,complete,2007-04-16T00:00:00.000,2007-01-02T00:00:00.000,2007-01-02T00:00:00.000,2007-05-02T00:00:00.000Z,4000,4000,1 family dwelling,1 family dwelling,0,11,Oceanview/Merced/Ingleside,94132,"{'latitude': '37.7188721275952', 'longitude': '-122.47136997293713', 'human_address': '{""address"": """", ""city"": """", ""state"": """", ""zip"": """"}'}",1.08E+12,,2,2,1,1,5,wood frame (5),5,wood frame (5),2007-04-16T00:00:00.000,,,,,
5ea20778c2aeecdcc61c58d3,2.01E+11,8,otc alterations permit,2007-01-02T00:00:00.000,3722,82,125,03rd,St,"renew 2000/09/18/0806, 2001/10/17/1094, 2002/01/17/7180",complete,2007-08-01T00:00:00.000,2007-01-02T00:00:00.000,2007-01-02T00:00:00.000,2007-05-02T00:00:00.000Z,1,1,apartments,apartments,0,6,Financial District/South Beach,94105,"{'latitude': '37.78629133947409', 'longitude': '-122.40137524914559', 'human_address': '{""address"": """", ""city"": """", ""state"": """", ""zip"": """"}'}",1.08E+12,,40,40,361,361,1,constr type 1,1,constr type 1,2007-08-01T00:00:00.000,,,,,
5ea20778c2aeecdcc61c58d4,2.01E+11,8,otc alterations permit,2007-01-02T00:00:00.000,3713,6,1,Market,St,"install pre-action detection on 39th floor mdf room, no increase in office space",complete,2007-05-15T00:00:00.000,2007-01-02T00:00:00.000,2007-01-02T00:00:00.000,2007-05-02T00:00:00.000Z,3000,3000,office,office,2,6,Financial District/South Beach,94105,"{'latitude': '37.79381892740162', 'longitude': '-122.39479728741493', 'human_address': '{""address"": """", ""city"": """", ""state"": """", ""zip"": """"}'}",1.08E+12,,43,43,0,0,1,constr type 1,1,constr type 1,2007-05-15T00:00:00.000,,,,,
5ea20778c2aeecdcc61c58d5,2.01E+11,8,otc alterations permit,2007-01-02T00:00:00.000,290,11,1,Bush,St,"6th floor-fire alarm t.i. adding the following: 5 smoke detectors, 4 door holders & 13 speaker strobe.",complete,2007-02-23T00:00:00.000,2007-01-02T00:00:00.000,2007-01-02T00:00:00.000,2007-07-02T00:00:00.000Z,7000,7000,office,office,2,3,Financial District/South Beach,94104,"{'latitude': '37.79085084403596', 'longitude': '-122.40010383030618', 'human_address': '{""address"": """", ""city"": """", ""state"": """", ""zip"": """"}'}",1.08E+12,0,19,19,0,0,1,constr type 1,1,constr type 1,2007-02-23T00:00:00.000,,,,,
5ea20778c2aeecdcc61c58d6,2.01E+11,8,otc alterations permit,2007-01-02T00:00:00.000,3722,82,125,03rd,St,"renew 2002/09/19/6884, 2004/0226/7207, 2004/03/31/0069 for final inspection",complete,2007-08-01T00:00:00.000,2007-01-02T00:00:00.000,2007-01-02T00:00:00.000,2007-05-02T00:00:00.000Z,1,1,apartments,apartments,0,6,Financial District/South Beach,94105,"{'latitude': '37.78629133947409', 'longitude': '-122.40137524914559', 'human_address': '{""address"": """", ""city"": """", ""state"": """", ""zip"": """"}'}",1.08E+12,,40,40,361,361,1,constr type 1,1,constr type 1,2007-08-01T00:00:00.000,,,,,
5ea20778c2aeecdcc61c58d7,2.01E+11,8,otc alterations permit,2007-01-02T00:00:00.000,1439,4,321,07th,Av,"installation of new fire alarm system (1) facp (2) smokes, (1) heat (1) pull (13) mini horns (4) horn/strobes cost per contract supplied.",complete,2007-08-31T00:00:00.000,2007-01-02T00:00:00.000,2007-01-02T00:00:00.000,2007-07-02T00:00:00.000Z,7500,7500,apartments,apartments,2,1,Inner Richmond,94118,"{'latitude': '37.78239595227128', 'longitude': '-122.46578583891869', 'human_address': '{""address"": """", ""city"": """", ""state"": """", ""zip"": """"}'}",1.08E+11,,3,3,3,3,5,wood frame (5),5,wood frame (5),2007-08-31T00:00:00.000,,,,,
5ea20778c2aeecdcc61c58d8,2.01E+11,8,otc alterations permit,2007-01-02T00:00:00.000,1439,4,323,07th,Av,"installation of new fire alarm system (1) facp (2) smokes, (1) heat (1) pull (13) mini horns (4) horn/strobes cost per contract supplied.",complete,2007-08-31T00:00:00.000,2007-01-02T00:00:00.000,2007-01-02T00:00:00.000,2007-07-02T00:00:00.000Z,7500,7500,apartments,apartments,2,1,Inner Richmond,94118,"{'latitude': '37.78239595227128', 'longitude': '-122.46578583891869', 'human_address': '{""address"": """", ""city"": """", ""state"": """", ""zip"": """"}'}",1.08E+12,,3,3,3,3,5,wood frame (5),5,wood frame (5),2007-08-31T00:00:00.000,,,,,
5ea20778c2aeecdcc61c58d9,2.01E+11,8,otc alterations permit,2007-01-02T00:00:00.000,341,7,34,Mason,St,monitor water flow & tamper by adding communicator to (e) local control panel.,expired,2008-02-08T00:00:00.000,2007-01-02T00:00:00.000,2007-01-02T00:00:00.000,2007-05-02T00:00:00.000Z,3000,3000,food/beverage hndlng,food/beverage hndlng,2,6,Tenderloin,94102,"{'latitude': '37.78397622014096', 'longitude': '-122.4089810343802', 'human_address': '{""address"": """", ""city"": """", ""state"": """", ""zip"": """"}'}",1.08E+11,,3,3,0,0,3,constr type 3,3,constr type 3,,,,,,
5ea20778c2aeecdcc61c58da,2.01E+11,8,otc alterations permit,2007-01-02T00:00:00.000,3722,82,125,03rd,St,"renew 200505162566, 200509263863, 200510115286 for final inspection",complete,2007-08-01T00:00:00.000,2007-01-02T00:00:00.000,2007-01-02T00:00:00.000,2007-05-02T00:00:00.000Z,1,1,apartments,apartments,0,6,Financial District/South Beach,94105,"{'latitude': '37.78629133947409', 'longitude': '-122.40137524914559', 'human_address': '{""address"": """", ""city"": """", ""state"": """", ""zip"": """"}'}",1.08E+12,,40,40,361,361,1,constr type 1,1,constr type 1,2007-08-01T00:00:00.000,,,,,
5ea20778c2aeecdcc61c58db,2.01E+11,8,otc alterations permit,2007-01-02T00:00:00.000,239,13,456,Montgomery,St,renew pa#200605091152 & #200605302782 for final inspection.,complete,2007-03-05T00:00:00.000,2007-01-02T00:00:00.000,2007-01-02T00:00:00.000,2007-05-02T00:00:00.000Z,1,1,office,office,0,3,Financial District/South Beach,94104,"{'latitude': '37.79356646218892', 'longitude': '-122.40268591053162', 'human_address': '{""address"": """", ""city"": """", ""state"": """", ""zip"": """"}'}",1.08E+11,,26,26,0,0,1,constr type 1,1,constr type 1,2007-03-05T00:00:00.000,,,,,
5ea20778c2aeecdcc61c58dc,2.01E+11,8,otc alterations permit,2007-01-02T00:00:00.000,694,4,1001,Polk,St,"install 1 horn/strobe, relocate 2 strobes (2nd floor)",expired,2011-02-08T00:00:00.000,2007-01-02T00:00:00.000,2007-01-02T00:00:00.000,2007-05-02T00:00:00.000Z,2500,2500,office,office,2,6,Tenderloin,94109,"{'latitude': '37.78611645043707', 'longitude': '-122.42004904856013', 'human_address': '{""address"": """", ""city"": """", ""state"": """", ""zip"": """"}'}",1.08E+12,,4,4,0,0,3,constr type 3,3,constr type 3,,,,,,
5ea20778c2aeecdcc61c58dd,M52322,8,otc alterations permit,2007-01-02T00:00:00.000,3164,20,634,Miramar,Av,street space & sidewalk repair,issued,2007-01-02T00:00:00.000,2007-01-02T00:00:00.000,2007-01-02T00:00:00.000,,,0,,,,7,West of Twin Peaks,94112,"{'latitude': '37.72830187664554', 'longitude': '-122.45790841607504', 'human_address': '{""address"": """", ""city"": """", ""state"": """", ""zip"": """"}'}",1.08E+12,,,,,,,,,,,,,,,
5ea20778c2aeecdcc61c58de,2.01E+11,8,otc alterations permit,2007-01-02T00:00:00.000,2075,6,1883,38th,Av,"renew 200604128795, 200604128797",complete,2007-01-08T00:00:00.000,2007-01-02T00:00:00.000,2007-01-02T00:00:00.000,2007-05-02T00:00:00.000Z,1,1,1 family dwelling,1 family dwelling,0,4,Sunset/Parkside,94122,"{'latitude': '37.75181600453339', 'longitude': '-122.49696967238347', 'human_address': '{""address"": """", ""city"": """", ""state"": """", ""zip"": """"}'}",1.08E+12,,2,2,1,1,5,wood frame (5),5,wood frame (5),2007-01-08T00:00:00.000,,,,,
5ea20778c2aeecdcc61c58df,2.01E+11,8,otc alterations permit,2007-01-02T00:00:00.000,1527,12,447,17th,Av,to comply with nov# 200679730. this application is to legalize an already (e) storage room. reoom was constructed underneath (e) permitted sunroom. foundation corner posts & ceiling were already there. construction required to close in walls.,expired,2011-03-29T00:00:00.000,2007-01-02T00:00:00.000,2007-01-02T00:00:00.000,2007-05-02T00:00:00.000Z,5000,5000,1 family dwelling,1 family dwelling,2,1,Outer Richmond,94121,"{'latitude': '37.77950712193683', 'longitude': '-122.4764256256765', 'human_address': '{""address"": """", ""city"": """", ""state"": """", ""zip"": """"}'}",1.08E+12,,3,3,1,1,5,wood frame (5),5,wood frame (5),,,,,,
5ea20778c2aeecdcc61c58e0,2.01E+11,8,otc alterations permit,2007-01-02T00:00:00.000,6524,23,2973,Folsom,St,reroofing,expired,2009-05-21T00:00:00.000,2007-01-02T00:00:00.000,2007-01-02T00:00:00.000,2007-07-02T00:00:00.000Z,12000,12000,apartments,apartments,0,9,Mission,94110,"{'latitude': '37.749782122818054', 'longitude': '-122.41348414964104', 'human_address': '{""address"": """", ""city"": """", ""state"": """", ""zip"": """"}'}",1.08E+12,,,,,,,,,,,,,,,
5ea20778c2aeecdcc61c58e1,M52342,8,otc alterations permit,2007-01-02T00:00:00.000,976,4,2900,Jackson,St,street space permit,issued,2007-01-02T00:00:00.000,2007-01-02T00:00:00.000,2007-01-02T00:00:00.000,,,0,,,,2,Pacific Heights,94115,"{'latitude': '37.79162459221065', 'longitude': '-122.4430478074895', 'human_address': '{""address"": """", ""city"": """", ""state"": """", ""zip"": """"}'}",1.08E+11,,,,,,,,,,,,,,,
5ea20778c2aeecdcc61c58e2,2.01E+11,8,otc alterations permit,2007-01-02T00:00:00.000,6013,23,4447,Mission,St,remodel bathroom & kitchen in unit# 4447 & unit# 4449. total 2 kitchens & 2 bathrooms. no lighting change.,expired,2008-05-21T00:00:00.000,2007-01-02T00:00:00.000,2007-01-02T00:00:00.000,2008-01-02T00:00:00.000Z,26000,26000,2 family dwelling,2 family dwelling,0,11,Excelsior,94112,"{'latitude': '37.726930675044564', 'longitude': '-122.43276370174196', 'human_address': '{""address"": """", ""city"": """", ""state"": """", ""zip"": """"}'}",1.08E+12,,2,2,2,2,5,wood frame (5),5,wood frame (5),,,,,,
5ea20778c2aeecdcc61c58e3,2.01E+11,8,otc alterations permit,2007-01-02T00:00:00.000,6013,23,4449,Mission,St,remodel bathroom & kitchen in unit# 4447 & unit# 4449. total 2 kitchens & 2 bathrooms. no lighting change.,expired,2008-05-21T00:00:00.000,2007-01-02T00:00:00.000,2007-01-02T00:00:00.000,2008-01-02T00:00:00.000Z,26000,26000,2 family dwelling,2 family dwelling,0,11,Excelsior,94112,"{'latitude': '37.726930675044564', 'longitude': '-122.43276370174196', 'human_address': '{""address"": """", ""city"": """", ""state"": """", ""zip"": """"}'}",1.08E+12,,2,2,2,2,5,wood frame (5),5,wood frame (5),,,,,,
5ea20778c2aeecdcc61c58e4,2.01E+11,8,otc alterations permit,2007-01-02T00:00:00.000,6944,43,1111,Ocean,Av,repairing dry wall: and kitchen cabinets repair,issued,2007-01-02T00:00:00.000,2007-01-02T00:00:00.000,2007-01-02T00:00:00.000,2007-05-02T00:00:00.000Z,1000,1000,2 family dwelling,2 family dwelling,0,7,Oceanview/Merced/Ingleside,94112,"{'latitude': '37.72325688649659', 'longitude': '-122.45438712189853', 'human_address': '{""address"": """", ""city"": """", ""state"": """", ""zip"": """"}'}",1.08E+12,,2,2,2,2,5,wood frame (5),5,wood frame (5),,,,,,
5ea20778c2aeecdcc61c58e5,M52362,8,otc alterations permit,2007-01-02T00:00:00.000,214,16,1360,Jones,St,street space & sidewalk permit only.,issued,2007-01-02T00:00:00.000,2007-01-02T00:00:00.000,2007-01-02T00:00:00.000,,,0,,,,3,Nob Hill,94108,"{'latitude': '37.7939919131956', 'longitude': '-122.41438442097898', 'human_address': '{""address"": """", ""city"": """", ""state"": """", ""zip"": """"}'}",1.08E+11,,,,,,,,,,,,,,,
5ea20778c2aeecdcc61c58e6,2.01E+11,8,otc alterations permit,2007-01-02T00:00:00.000,2931,11,191,Wawona,St,reroofing.,complete,2007-01-05T00:00:00.000,2007-01-02T00:00:00.000,2007-01-02T00:00:00.000,2007-07-02T00:00:00.000Z,12950,12950,1 family dwelling,1 family dwelling,0,7,West of Twin Peaks,94127,"{'latitude': '37.74008743199627', 'longitude': '-122.46754133651746', 'human_address': '{""address"": """", ""city"": """", ""state"": """", ""zip"": """"}'}",1.08E+12,,,,,,,,,,2007-01-05T00:00:00.000,,,,,
5ea20778c2aeecdcc61c58e7,M52364,8,otc alterations permit,2007-01-02T00:00:00.000,640,006C,1946,California,St,street space,issued,2007-01-02T00:00:00.000,2007-01-02T00:00:00.000,2007-01-02T00:00:00.000,,,0,,,,2,Pacific Heights,94109,"{'latitude': '37.79013113547946', 'longitude': '-122.42653277011581', 'human_address': '{""address"": """", ""city"": """", ""state"": """", ""zip"": """"}'}",1.08E+11,,,,,,,,,,,,,,,
5ea20778c2aeecdcc61c58e8,M52364,8,otc alterations permit,2007-01-02T00:00:00.000,640,006C,1948,California,St,street space,issued,2007-01-02T00:00:00.000,2007-01-02T00:00:00.000,2007-01-02T00:00:00.000,,,0,,,,2,Pacific Heights,94109,"{'latitude': '37.79013113547946', 'longitude': '-122.42653277011581', 'human_address': '{""address"": """", ""city"": """", ""state"": """", ""zip"": """"}'}",1.08E+12,,,,,,,,,,,,,,,
5ea20778c2aeecdcc61c58e9,2.01E+11,8,otc alterations permit,2007-01-02T00:00:00.000,1159,21,2077,Golden Gate,Av,to renew pa#2006/05/15/1594,issued,2007-01-02T00:00:00.000,2007-01-02T00:00:00.000,2007-01-02T00:00:00.000,2007-05-02T00:00:00.000Z,3000,2500,apartments,apartments,0,5,Lone Mountain/USF,94115,"{'latitude': '37.777705024016335', 'longitude': '-122.44473604069539', 'human_address': '{""address"": """", ""city"": """", ""state"": """", ""zip"": """"}'}",1.08E+12,,3,3,3,3,5,wood frame (5),5,wood frame (5),,,,,,
5ea20778c2aeecdcc61c58ea,2.01E+11,3,additions alterations or repairs,2007-01-02T00:00:00.000,1700,1,55,Concourse,Dr,"installation of emergency generator only at b2 level. 1500 kw diesel. fuel oile permit approved under 200605091140, original app 200403249505.",complete,2008-05-07T00:00:00.000,2007-01-02T00:00:00.000,2007-07-25T00:00:00.000,2008-07-25T00:00:00.000Z,50000,50000,museum,museum,2,1,Golden Gate Park,94122,"{'latitude': '37.76948375043359', 'longitude': '-122.47581711966075', 'human_address': '{""address"": """", ""city"": """", ""state"": """", ""zip"": """"}'}",1.08E+12,,3,3,0,0,1,constr type 1,1,constr type 1,2008-05-07T00:00:00.000,,,,,
5ea20778c2aeecdcc61c58eb,2.01E+11,8,otc alterations permit,2007-01-02T00:00:00.000,4079,20,721,York,St,revision to app3200407209286  on 1st flr. converting den/living area. to bedrooms (n) french door on 2nd fl. convertiing den/dining room to bedroom suite.,issued,2007-01-02T00:00:00.000,2007-01-02T00:00:00.000,2007-01-02T00:00:00.000,2007-05-02T00:00:00.000Z,1,1,2 family dwelling,2 family dwelling,2,10,Mission,94110,"{'latitude': '37.75970868629748', 'longitude': '-122.4086394262038', 'human_address': '{""address"": """", ""city"": """", ""state"": """", ""zip"": """"}'}",1.08E+12,,2,2,2,2,5,wood frame (5),5,wood frame (5),,,,,,
5ea20778c2aeecdcc61c58ec,M52382,8,otc alterations permit,2007-01-02T00:00:00.000,3609,006A,2442,Mission,St,street space & sidewalk permit,issued,2007-01-02T00:00:00.000,2007-01-02T00:00:00.000,2007-01-02T00:00:00.000,,,0,,,,9,Mission,94110,"{'latitude': '37.757865129406895', 'longitude': '-122.4192783538136', 'human_address': '{""address"": """", ""city"": """", ""state"": """", ""zip"": """"}'}",1.08E+12,,,,,,,,,,,,,,,
5ea20778c2aeecdcc61c58ed,M52383,8,otc alterations permit,2007-01-02T00:00:00.000,3609,4,2422,Mission,St,street space & sidewalk permit,issued,2007-01-02T00:00:00.000,2007-01-02T00:00:00.000,2007-01-02T00:00:00.000,,,0,,,,9,Mission,94110,"{'latitude': '37.75815266643947', 'longitude': '-122.41930587987387', 'human_address': '{""address"": """", ""city"": """", ""state"": """", ""zip"": """"}'}",1.08E+12,,,,,,,,,,,,,,,
5ea20778c2aeecdcc61c58ee,M52384,8,otc alterations permit,2007-01-02T00:00:00.000,3636,6,2640,Mission,St,street space & sidewalk permit,issued,2007-01-02T00:00:00.000,2007-01-02T00:00:00.000,2007-01-02T00:00:00.000,,,0,,,,9,Mission,94110,"{'latitude': '37.75469673550794', 'longitude': '-122.41903786840484', 'human_address': '{""address"": """", ""city"": """", ""state"": """", ""zip"": """"}'}",1.08E+12,,,,,,,,,,,,,,,
5ea20778c2aeecdcc61c58ef,2.01E+11,8,otc alterations permit,2007-01-02T00:00:00.000,6795D,30,527,Cayuga,Av,existing light well on 2nd story will be made a sunroom and the windows facing it will be removed.,expired,2007-12-27T00:00:00.000,2007-01-02T00:00:00.000,2007-01-02T00:00:00.000,2007-05-02T00:00:00.000Z,5000,5000,1 family dwelling,1 family dwelling,2,11,Outer Mission,94112,"{'latitude': '37.72877659126792', 'longitude': '-122.43531227489036', 'human_address': '{""address"": """", ""city"": """", ""state"": """", ""zip"": """"}'}",1.08E+12,,2,2,1,1,5,wood frame (5),5,wood frame (5),,,,,,
5ea20778c2aeecdcc61c58f0,2.01E+11,8,otc alterations permit,2007-01-02T00:00:00.000,7249,28,3745,Ocean,Av,reroofing.,complete,2007-05-22T00:00:00.000,2007-01-02T00:00:00.000,2007-01-02T00:00:00.000,2007-07-02T00:00:00.000Z,6800,6800,1 family dwelling,1 family dwelling,0,7,Sunset/Parkside,94132,"{'latitude': '37.7321262190071', 'longitude': '-122.48513510509699', 'human_address': '{""address"": """", ""city"": """", ""state"": """", ""zip"": """"}'}",1.08E+12,,2,2,1,1,5,wood frame (5),5,wood frame (5),2007-05-22T00:00:00.000,,,,,
5ea20778c2aeecdcc61c58f1,2.01E+11,8,otc alterations permit,2007-01-02T00:00:00.000,927,28,2271,Bay,St,to renew expired permit applic. 32004/12/30/2371 to continue work,expired,2008-03-11T00:00:00.000,2007-01-02T00:00:00.000,2007-01-02T00:00:00.000,2008-01-02T00:00:00.000Z,150000,150000,1 family dwelling,1 family dwelling,0,2,Marina,94123,"{'latitude': '37.801458418521364', 'longitude': '-122.44436514251392', 'human_address': '{""address"": """", ""city"": """", ""state"": """", ""zip"": """"}'}",1.08E+11,,2,2,1,1,5,wood frame (5),5,wood frame (5),,,,,,
5ea20778c2aeecdcc61c58f2,2.01E+11,3,additions alterations or repairs,2007-01-02T00:00:00.000,6578,43,3825,Cesar Chavez,St,to comply with 3r-4492. kitchen remodel/and installation of furnace in unit#3827.,complete,2007-08-20T00:00:00.000,2007-01-02T00:00:00.000,2007-05-10T00:00:00.000,2007-11-10T00:00:00.000Z,10000,10000,apartments,apartments,0,8,Noe Valley,94131,"{'latitude': '37.74754510838333', 'longitude': '-122.42547062894664', 'human_address': '{""address"": """", ""city"": """", ""state"": """", ""zip"": """"}'}",1.08E+12,0,4,4,3,3,5,wood frame (5),5,wood frame (5),2007-08-20T00:00:00.000,,,,,
5ea20778c2aeecdcc61c58f3,2.01E+11,3,additions alterations or repairs,2007-01-02T00:00:00.000,6578,43,3827,Cesar Chavez,St,to comply with 3r-4492. kitchen remodel/and installation of furnace in unit#3827.,complete,2007-08-20T00:00:00.000,2007-01-02T00:00:00.000,2007-05-10T00:00:00.000,2007-11-10T00:00:00.000Z,10000,10000,apartments,apartments,0,8,Noe Valley,94131,"{'latitude': '37.74754510838333', 'longitude': '-122.42547062894664', 'human_address': '{""address"": """", ""city"": """", ""state"": """", ""zip"": """"}'}",1.08E+12,,4,4,3,3,5,wood frame (5),5,wood frame (5),2007-08-20T00:00:00.000,,,,,
5ea20778c2aeecdcc61c58f4,2.01E+11,3,additions alterations or repairs,2007-01-02T00:00:00.000,6578,43,3829,Cesar Chavez,St,to comply with 3r-4492. kitchen remodel/and installation of furnace in unit#3827.,complete,2007-08-20T00:00:00.000,2007-01-02T00:00:00.000,2007-05-10T00:00:00.000,2007-11-10T00:00:00.000Z,10000,10000,apartments,apartments,0,8,Noe Valley,94131,"{'latitude': '37.74754510838333', 'longitude': '-122.42547062894664', 'human_address': '{""address"": """", ""city"": """", ""state"": """", ""zip"": """"}'}",1.08E+12,0,4,4,3,3,5,wood frame (5),5,wood frame (5),2007-08-20T00:00:00.000,,,,,
5ea20778c2aeecdcc61c58f5,M52402,8,otc alterations permit,2007-01-02T00:00:00.000,638,17,2201,Sacramento,St,street space permit only.,issued,2007-01-02T00:00:00.000,2007-01-02T00:00:00.000,2007-01-02T00:00:00.000,,,0,,,,2,Pacific Heights,94115,"{'latitude': '37.79020106234751', 'longitude': '-122.429281032396', 'human_address': '{""address"": """", ""city"": """", ""state"": """", ""zip"": """"}'}",1.08E+12,,,,,,,,,,,,,,,
5ea20778c2aeecdcc61c58f6,M52403,8,otc alterations permit,2007-01-02T00:00:00.000,1423,9,233,10th,Av,street space permit only.,issued,2007-01-02T00:00:00.000,2007-01-02T00:00:00.000,2007-01-02T00:00:00.000,,,0,,,,1,Inner Richmond,94118,"{'latitude': '37.783908047719954', 'longitude': '-122.46911479514957', 'human_address': '{""address"": """", ""city"": """", ""state"": """", ""zip"": """"}'}",1.08E+11,,,,,,,,,,,,,,,
5ea20778c2aeecdcc61c58f7,M52404,8,otc alterations permit,2007-01-02T00:00:00.000,1352,34,93,06th,Av,street space permit only.,issued,2007-01-02T00:00:00.000,2007-01-02T00:00:00.000,2007-01-02T00:00:00.000,,,0,,,,2,Inner Richmond,94118,"{'latitude': '37.78683930587217', 'longitude': '-122.46498001950198', 'human_address': '{""address"": """", ""city"": """", ""state"": """", ""zip"": """"}'}",1.08E+11,,,,,,,,,,,,,,,
5ea20778c2aeecdcc61c58f8,2.01E+11,8,otc alterations permit,2007-01-02T00:00:00.000,1352,34,93,06th,Av,"remove & replace kitchen cabinets, appliances & re-tile floor. paint entire kitchen. no structural work. 50% of wattage of new lighting to be fluorescant.",complete,2007-03-28T00:00:00.000,2007-01-02T00:00:00.000,2007-01-02T00:00:00.000,2008-01-02T00:00:00.000Z,50000,50000,apartments,apartments,0,2,Inner Richmond,94118,"{'latitude': '37.78683930587217', 'longitude': '-122.46498001950198', 'human_address': '{""address"": """", ""city"": """", ""state"": """", ""zip"": """"}'}",1.08E+11,,3,3,6,6,5,wood frame (5),5,wood frame (5),2007-03-28T00:00:00.000,,,,,
5ea20778c2aeecdcc61c58f9,2.01E+11,8,otc alterations permit,2007-01-02T00:00:00.000,859,30,429,Haight,St,"application for planing notice of violation dated august 31,2006 to bring subject property into compliance w/planning code. to only re-instate the ground fl residential unit. to replace store & frig in original location.",complete,2007-01-18T00:00:00.000,2007-01-02T00:00:00.000,2007-01-02T00:00:00.000,2007-05-02T00:00:00.000Z,1,600,2 family dwelling,2 family dwelling,2,5,Hayes Valley,94117,"{'latitude': '37.771967282076766', 'longitude': '-122.42928585565708', 'human_address': '{""address"": """", ""city"": """", ""state"": """", ""zip"": """"}'}",1.08E+11,,2,2,2,2,5,wood frame (5),5,wood frame (5),2007-01-18T00:00:00.000,,,,,
5ea20778c2aeecdcc61c58fa,2.01E+11,8,otc alterations permit,2007-01-02T00:00:00.000,4570,23,200,Jennings,St,fire alarm monitoring for new building at this address.,complete,2007-04-09T00:00:00.000,2007-01-02T00:00:00.000,2007-01-02T00:00:00.000,2007-05-02T00:00:00.000Z,2000,2000,"warehouse,no frnitur","warehouse,no frnitur",2,10,Bayview Hunters Point,94124,"{'latitude': '37.73900941555662', 'longitude': '-122.3786820354205', 'human_address': '{""address"": """", ""city"": """", ""state"": """", ""zip"": """"}'}",1.08E+12,,1,1,1,1,2,constr type 2,2,constr type 2,2007-04-09T00:00:00.000,,,,,
5ea20778c2aeecdcc61c58fb,2.01E+11,8,otc alterations permit,2007-01-02T00:00:00.000,859,31,413,Haight,St,"to bring #413 & 419 haight st into compliance, re: dei notice of violation#200669969 dated: 21 jul,06 to convert illegal residentail space back to it's original commerical space",complete,2007-02-05T00:00:00.000,2007-01-02T00:00:00.000,2007-01-02T00:00:00.000,2007-05-02T00:00:00.000Z,1,1,apartments,apartments,2,5,Hayes Valley,94117,"{'latitude': '37.77209707469256', 'longitude': '-122.42916749824555', 'human_address': '{""address"": """", ""city"": """", ""state"": """", ""zip"": """"}'}",1.08E+11,,3,3,10,10,5,wood frame (5),5,wood frame (5),2007-02-05T00:00:00.000,,,,,
5ea20778c2aeecdcc61c58fc,2.01E+11,8,otc alterations permit,2007-01-02T00:00:00.000,1261,15,862,Shrader,St,add one bath at 3rd floor unit #862. new enlarged openings at 3rd floor unit 862,expired,2009-01-07T00:00:00.000,2007-01-02T00:00:00.000,2007-01-02T00:00:00.000,2008-01-02T00:00:00.000Z,75000,75000,apartments,apartments,2,5,Haight Ashbury,94117,"{'latitude': '37.76675934137657', 'longitude': '-122.45104895161684', 'human_address': '{""address"": """", ""city"": """", ""state"": """", ""zip"": """"}'}",1.08E+12,,3,3,4,4,5,wood frame (5),5,wood frame (5),,,,,,
5ea20778c2aeecdcc61c58fd,2.01E+11,8,otc alterations permit,2007-01-02T00:00:00.000,1261,15,868,Shrader,St,add one bath at 3rd floor unit #862. new enlarged openings at 3rd floor unit 862,expired,2009-01-07T00:00:00.000,2007-01-02T00:00:00.000,2007-01-02T00:00:00.000,2008-01-02T00:00:00.000Z,75000,75000,apartments,apartments,2,5,Haight Ashbury,94117,"{'latitude': '37.76675934137657', 'longitude': '-122.45104895161684', 'human_address': '{""address"": """", ""city"": """", ""state"": """", ""zip"": """"}'}",1.08E+12,,3,3,4,4,5,wood frame (5),5,wood frame (5),,,,,,
5ea20778c2aeecdcc61c58fe,2.01E+11,8,otc alterations permit,2007-01-02T00:00:00.000,2618,025A,473,Roosevelt,Wy,revise permit #1106397. remodel 2 bathrooms and repair dryrot unit #473. change non-bearing walls in bath #2. no structural changes.,complete,2007-05-09T00:00:00.000,2007-01-02T00:00:00.000,2007-01-02T00:00:00.000,2007-07-02T00:00:00.000Z,10000,10000,apartments,apartments,2,8,Castro/Upper Market,94114,"{'latitude': '37.76356246211054', 'longitude': '-122.44275388530596', 'human_address': '{""address"": """", ""city"": """", ""state"": """", ""zip"": """"}'}",1.08E+12,0,3,3,3,3,5,wood frame (5),5,wood frame (5),2007-05-09T00:00:00.000,,,,,
5ea20778c2aeecdcc61c58ff,2.01E+11,8,otc alterations permit,2007-01-02T00:00:00.000,859,31,419,Haight,St,"to bring #413 & 419 haight st into compliance, re: dei notice of violation#200669969 dated: 21 jul,06 to convert illegal residentail space back to it's original commerical space",complete,2007-02-05T00:00:00.000,2007-01-02T00:00:00.000,2007-01-02T00:00:00.000,2007-05-02T00:00:00.000Z,1,1,apartments,apartments,2,5,Hayes Valley,94117,"{'latitude': '37.77209707469256', 'longitude': '-122.42916749824555', 'human_address': '{""address"": """", ""city"": """", ""state"": """", ""zip"": """"}'}",1.08E+12,,3,3,10,10,5,wood frame (5),5,wood frame (5),2007-02-05T00:00:00.000,,,,,
5ea20778c2aeecdcc61c5900,M52422,8,otc alterations permit,2007-01-02T00:00:00.000,3617,53,24,Hill,St,sidewalk permit only.,issued,2007-01-02T00:00:00.000,2007-01-02T00:00:00.000,2007-01-02T00:00:00.000,,,0,,,,8,Mission,94110,"{'latitude': '37.756275648567495', 'longitude': '-122.42222534865844', 'human_address': '{""address"": """", ""city"": """", ""state"": """", ""zip"": """"}'}",1.08E+12,,,,,,,,,,,,,,,
5ea20778c2aeecdcc61c5901,2.01E+11,8,otc alterations permit,2007-01-02T00:00:00.000,859,1,411,Haight,St,"to bring 411 haight st. into compliance, to comply w/nov #200670798. re. d.b.i notice of violation#200670798 date: 18 jul 06. to revert from residential unit to commerical.",issued,2007-01-02T00:00:00.000,2007-01-02T00:00:00.000,2007-01-02T00:00:00.000,2007-05-02T00:00:00.000Z,1,1,apartments,apartments,2,5,Hayes Valley,94117,"{'latitude': '37.77212098519333', 'longitude': '-122.4289796075449', 'human_address': '{""address"": """", ""city"": """", ""state"": """", ""zip"": """"}'}",1.08E+12,0,3,3,9,9,5,wood frame (5),5,wood frame (5),,,,,,
5ea20778c2aeecdcc61c5902,M52423,8,otc alterations permit,2007-01-02T00:00:00.000,6536,15,3940,25th,St,sidewalk permit only.,issued,2007-01-02T00:00:00.000,2007-01-02T00:00:00.000,2007-01-02T00:00:00.000,,,0,,,,8,Noe Valley,94114,"{'latitude': '37.75024780496369', 'longitude': '-122.4281758414784', 'human_address': '{""address"": """", ""city"": """", ""state"": """", ""zip"": """"}'}",1.08E+12,,,,,,,,,,,,,,,
5ea20778c2aeecdcc61c5903,M52425,8,otc alterations permit,2007-01-02T00:00:00.000,1255,076A,1339,Waller,St,sidewalk permit only.,issued,2007-01-02T00:00:00.000,2007-01-02T00:00:00.000,2007-01-02T00:00:00.000,,,0,,,,5,Haight Ashbury,94117,"{'latitude': '37.7690119286054', 'longitude': '-122.44576467121483', 'human_address': '{""address"": """", ""city"": """", ""state"": """", ""zip"": """"}'}",1.08E+11,,,,,,,,,,,,,,,
5ea20778c2aeecdcc61c5904,M52425,8,otc alterations permit,2007-01-02T00:00:00.000,1255,076A,1343,Waller,St,sidewalk permit only.,issued,2007-01-02T00:00:00.000,2007-01-02T00:00:00.000,2007-01-02T00:00:00.000,,,0,,,,5,Haight Ashbury,94117,"{'latitude': '37.7690119286054', 'longitude': '-122.44576467121483', 'human_address': '{""address"": """", ""city"": """", ""state"": """", ""zip"": """"}'}",1.08E+12,,,,,,,,,,,,,,,
5ea20778c2aeecdcc61c5905,M52426,8,otc alterations permit,2007-01-02T00:00:00.000,3636,8,2654,Mission,St,sidewalk permit only.,issued,2007-01-02T00:00:00.000,2007-01-02T00:00:00.000,2007-01-02T00:00:00.000,,,0,,,,9,Mission,94110,"{'latitude': '37.7545735054494', 'longitude': '-122.41902607233183', 'human_address': '{""address"": """", ""city"": """", ""state"": """", ""zip"": """"}'}",1.08E+12,,,,,,,,,,,,,,,
5ea20778c2aeecdcc61c5906,2.01E+11,8,otc alterations permit,2007-01-02T00:00:00.000,1844,2,1417,09th,Av,"remove exist bearing wall at 2nd floor. to install new steel beam under 3rd floor joists (span 21') use wood post. transmit to new footings (2' to 3' x 4'4""). and relocation kitchen per plan & add a new bathroom.",expired,2008-01-15T00:00:00.000,2007-01-02T00:00:00.000,2007-01-02T00:00:00.000,2007-07-02T00:00:00.000Z,18000,18000,apartments,apartments,2,7,Inner Sunset,94122,"{'latitude': '37.761742989599654', 'longitude': '-122.46648043059396', 'human_address': '{""address"": """", ""city"": """", ""state"": """", ""zip"": """"}'}",1.08E+12,0,2,2,3,3,5,wood frame (5),5,wood frame (5),,,,,,
5ea20778c2aeecdcc61c5907,2.01E+11,8,otc alterations permit,2007-01-02T00:00:00.000,5742,17,503,Crescent,Av,install subdrain system between 503 and 505 crescent ave. remove and replace walking on 503 property to correct drainage problem cited in nov. 200557343,complete,2007-06-08T00:00:00.000,2007-01-02T00:00:00.000,2007-01-02T00:00:00.000,2007-07-02T00:00:00.000Z,10000,10000,1 family dwelling,1 family dwelling,2,9,Bernal Heights,94110,"{'latitude': '37.73503707790747', 'longitude': '-122.41596416074883', 'human_address': '{""address"": """", ""city"": """", ""state"": """", ""zip"": """"}'}",1.08E+12,,2,2,1,1,5,wood frame (5),5,wood frame (5),2007-06-08T00:00:00.000,,,,,
5ea20778c2aeecdcc61c5908,M52427,8,otc alterations permit,2007-01-02T00:00:00.000,6570,5,3045,Mission,St,sidewalk permit only.,issued,2007-01-02T00:00:00.000,2007-01-02T00:00:00.000,2007-01-02T00:00:00.000,,,0,,,,9,Mission,94110,"{'latitude': '37.74843330214948', 'longitude': '-122.41775926793083', 'human_address': '{""address"": """", ""city"": """", ""state"": """", ""zip"": """"}'}",1.08E+12,,,,,,,,,,,,,,,
5ea20778c2aeecdcc61c5909,M52427,8,otc alterations permit,2007-01-02T00:00:00.000,6570,5,3049,Mission,St,sidewalk permit only.,issued,2007-01-02T00:00:00.000,2007-01-02T00:00:00.000,2007-01-02T00:00:00.000,,,0,,,,9,Mission,94110,"{'latitude': '37.74843330214948', 'longitude': '-122.41775926793083', 'human_address': '{""address"": """", ""city"": """", ""state"": """", ""zip"": """"}'}",1.08E+12,,,,,,,,,,,,,,,
5ea20778c2aeecdcc61c590a,M52429,8,otc alterations permit,2007-01-02T00:00:00.000,1392,12,201,32nd,Av,street space & sidewalk permit only.,issued,2007-01-02T00:00:00.000,2007-01-02T00:00:00.000,2007-01-02T00:00:00.000,,,0,,,,2,Seacliff,94121,"{'latitude': '37.78523879338199', 'longitude': '-122.4929907947534', 'human_address': '{""address"": """", ""city"": """", ""state"": """", ""zip"": """"}'}",1.08E+11,,,,,,,,,,,,,,,
5ea20778c2aeecdcc61c590b,M52428,8,otc alterations permit,2007-01-02T00:00:00.000,6571,18,3390,Cesar Chavez,St,street space & sidewalk permit only.,issued,2007-01-02T00:00:00.000,2007-01-02T00:00:00.000,2007-01-02T00:00:00.000,,,0,,,,9,Mission,94110,"{'latitude': '37.74837226873848', 'longitude': '-122.41760816244388', 'human_address': '{""address"": """", ""city"": """", ""state"": """", ""zip"": """"}'}",1.08E+12,,,,,,,,,,,,,,,
5ea20778c2aeecdcc61c590c,M52424,8,otc alterations permit,2007-01-02T00:00:00.000,3590,30,2243,Mission,St,sidewalk permit only.,issued,2007-01-02T00:00:00.000,2007-01-02T00:00:00.000,2007-01-02T00:00:00.000,,,0,,,,9,Mission,94110,"{'latitude': '37.761124797163426', 'longitude': '-122.4189355924377', 'human_address': '{""address"": """", ""city"": """", ""state"": """", ""zip"": """"}'}",1.08E+12,,,,,,,,,,,,,,,
5ea20778c2aeecdcc61c590d,M52430,8,otc alterations permit,2007-01-02T00:00:00.000,3590,29,2247,Mission,St,sidewalk permit only.,issued,2007-01-02T00:00:00.000,2007-01-02T00:00:00.000,2007-01-02T00:00:00.000,,,0,,,,9,Mission,94110,"{'latitude': '37.76104264388172', 'longitude': '-122.41892772743921', 'human_address': '{""address"": """", ""city"": """", ""state"": """", ""zip"": """"}'}",1.08E+12,,,,,,,,,,,,,,,
5ea20778c2aeecdcc61c590e,M52431,8,otc alterations permit,2007-01-02T00:00:00.000,3636,8,2654,Mission,St,sidewalk,issued,2007-01-02T00:00:00.000,2007-01-02T00:00:00.000,2007-01-02T00:00:00.000,,,0,,,,9,Mission,94110,"{'latitude': '37.7545735054494', 'longitude': '-122.41902607233183', 'human_address': '{""address"": """", ""city"": """", ""state"": """", ""zip"": """"}'}",1.08E+12,,,,,,,,,,,,,,,
5ea20778c2aeecdcc61c590f,2.01E+11,8,otc alterations permit,2007-01-02T00:00:00.000,2714,43,17,Seward,St,"remodel kitchen w/ new cabinets, counter tops. remodel master bathroom. install powder room in laundry closet. no structural changes. 50% of kitchen light wattage must be fluorescent, provide fluorescent or 0.5 in bathrooms. nov 200683011 pid-unrelated area/in building.",expired,2009-01-13T00:00:00.000,2007-01-02T00:00:00.000,2007-01-02T00:00:00.000,2008-01-02T00:00:00.000Z,30000,30000,2 family dwelling,2 family dwelling,2,8,Twin Peaks,94114,"{'latitude': '37.75766734979003', 'longitude': '-122.43949892036952', 'human_address': '{""address"": """", ""city"": """", ""state"": """", ""zip"": """"}'}",1.08E+12,,3,3,2,2,5,wood frame (5),5,wood frame (5),,,,,,
5ea20778c2aeecdcc61c5910,M52442,8,otc alterations permit,2007-01-02T00:00:00.000,1281,6,1131,Cole,St,street space and sidewalk permit,issued,2007-01-02T00:00:00.000,2007-01-02T00:00:00.000,2007-01-02T00:00:00.000,,,0,,,,5,Haight Ashbury,94117,"{'latitude': '37.763534754805384', 'longitude': '-122.44980295107291', 'human_address': '{""address"": """", ""city"": """", ""state"": """", ""zip"": """"}'}",1.08E+11,,,,,,,,,,,,,,,
5ea20778c2aeecdcc61c5911,M52442,8,otc alterations permit,2007-01-02T00:00:00.000,1281,6,1135,Cole,St,street space and sidewalk permit,issued,2007-01-02T00:00:00.000,2007-01-02T00:00:00.000,2007-01-02T00:00:00.000,,,0,,,,5,Haight Ashbury,94117,"{'latitude': '37.763534754805384', 'longitude': '-122.44980295107291', 'human_address': '{""address"": """", ""city"": """", ""state"": """", ""zip"": """"}'}",1.08E+12,,,,,,,,,,,,,,,
5ea20778c2aeecdcc61c5912,M52443,8,otc alterations permit,2007-01-02T00:00:00.000,1312,25,880,El Camino Del Mar,,street space and sidewalk permit,issued,2007-01-02T00:00:00.000,2007-01-02T00:00:00.000,2007-01-02T00:00:00.000,,,0,,,,2,Lincoln Park,94121,"{'latitude': '37.787101614841035', 'longitude': '-122.4934453410517', 'human_address': '{""address"": """", ""city"": """", ""state"": """", ""zip"": """"}'}",1.08E+11,,,,,,,,,,,,,,,
5ea20778c2aeecdcc61c5913,M52444,8,otc alterations permit,2007-01-02T00:00:00.000,489,30,2269,Chestnut,St,street space,issued,2007-01-02T00:00:00.000,2007-01-02T00:00:00.000,2007-01-02T00:00:00.000,,,0,,,,2,Marina,94123,"{'latitude': '37.79998014165884', 'longitude': '-122.440578620928', 'human_address': '{""address"": """", ""city"": """", ""state"": """", ""zip"": """"}'}",1.08E+11,,,,,,,,,,,,,,,
5ea20778c2aeecdcc61c5914,M52445,8,otc alterations permit,2007-01-02T00:00:00.000,506,39,3132,Laguna,St,street space and sidewalk permit,issued,2007-01-02T00:00:00.000,2007-01-02T00:00:00.000,2007-01-02T00:00:00.000,,,0,,,,2,Marina,94123,"{'latitude': '37.80009191923437', 'longitude': '-122.43073188052868', 'human_address': '{""address"": """", ""city"": """", ""state"": """", ""zip"": """"}'}",1.08E+11,,,,,,,,,,,,,,,
5ea20778c2aeecdcc61c5915,M52446,8,otc alterations permit,2007-01-02T00:00:00.000,755,11,1110,Steiner,St,streetspace and sidewalk,issued,2007-01-02T00:00:00.000,2007-01-02T00:00:00.000,2007-01-02T00:00:00.000,,,0,,,,5,Western Addition,94115,"{'latitude': '37.77976907245018', 'longitude': '-122.43348924901952', 'human_address': '{""address"": """", ""city"": """", ""state"": """", ""zip"": """"}'}",1.08E+11,,,,,,,,,,,,,,,
5ea20778c2aeecdcc61c5916,2.01E+11,8,otc alterations permit,2007-01-02T00:00:00.000,7234,001B,708,Junipero Serra,Bl,reroofing,issued,2007-01-02T00:00:00.000,2007-01-02T00:00:00.000,2007-01-02T00:00:00.000,2007-07-02T00:00:00.000Z,11000,11000,1 family dwelling,1 family dwelling,0,7,West of Twin Peaks,94132,"{'latitude': '37.726378683869854', 'longitude': '-122.47265769223495', 'human_address': '{""address"": """", ""city"": """", ""state"": """", ""zip"": """"}'}",1.08E+12,,,,,,,,,,,,,,,
5ea20778c2aeecdcc61c5917,2.01E+11,3,additions alterations or repairs,2007-01-02T00:00:00.000,173,2,649,Front,St,install 2 new roof top package heat pumps and convert to (e) duct work. sd's for each heat pump will be insulated on seperate permit application.,complete,2007-03-14T00:00:00.000,2007-01-02T00:00:00.000,2007-01-11T00:00:00.000,2007-07-11T00:00:00.000Z,16480,16480,office,office,2,3,Financial District/South Beach,94111,"{'latitude': '37.797478012762085', 'longitude': '-122.39998063644178', 'human_address': '{""address"": """", ""city"": """", ""state"": """", ""zip"": """"}'}",1.08E+12,,3,3,0,0,3,constr type 3,3,constr type 3,2007-03-14T00:00:00.000,,,,,
5ea20778c2aeecdcc61c5918,M52447,8,otc alterations permit,2007-01-02T00:00:00.000,3587,76,12,Oakwood,St,street space permit,issued,2007-01-02T00:00:00.000,2007-01-02T00:00:00.000,2007-01-02T00:00:00.000,,,0,,,,8,Mission,94110,"{'latitude': '37.761282082616965', 'longitude': '-122.42513586650253', 'human_address': '{""address"": """", ""city"": """", ""state"": """", ""zip"": """"}'}",1.08E+12,0,,,,,,,,,,,,,,
5ea20778c2aeecdcc61c5919,2.01E+11,8,otc alterations permit,2007-01-02T00:00:00.000,3612,9,2900,21st,St,"construction of bridge into rear yard (per variance #2006.025v) from 2nd flr of main bldng.  to roof of garage accesible by units 2 &3,  approved per pre-applic. meeting w/ ron tom & mario ballard",expired,2008-04-24T00:00:00.000,2007-01-02T00:00:00.000,2007-01-02T00:00:00.000,2007-07-02T00:00:00.000Z,8600,8600,apartments,apartments,2,9,Mission,94110,"{'latitude': '37.75764091875177', 'longitude': '-122.41258247302474', 'human_address': '{""address"": """", ""city"": """", ""state"": """", ""zip"": """"}'}",1.08E+12,,2,2,3,3,5,wood frame (5),5,wood frame (5),,,,,,
5ea20778c2aeecdcc61c591a,2.01E+11,8,otc alterations permit,2007-01-02T00:00:00.000,3612,9,2904,21st,St,"construction of bridge into rear yard (per variance #2006.025v) from 2nd flr of main bldng.  to roof of garage accesible by units 2 &3,  approved per pre-applic. meeting w/ ron tom & mario ballard",expired,2008-04-24T00:00:00.000,2007-01-02T00:00:00.000,2007-01-02T00:00:00.000,2007-07-02T00:00:00.000Z,8600,8600,apartments,apartments,2,9,Mission,94110,"{'latitude': '37.75764091875177', 'longitude': '-122.41258247302474', 'human_address': '{""address"": """", ""city"": """", ""state"": """", ""zip"": """"}'}",1.08E+12,,2,2,3,3,5,wood frame (5),5,wood frame (5),,,,,,
5ea20778c2aeecdcc61c591b,2.01E+11,8,otc alterations permit,2007-01-02T00:00:00.000,6778,28,1775,San Jose,Av,"remove all kitchen cabinets & counters tops & install new , install new vinyl floor covering. remove & installkitcen sink at same location.",complete,2007-04-13T00:00:00.000,2007-01-02T00:00:00.000,2007-01-02T00:00:00.000,2007-07-02T00:00:00.000Z,14000,14000,1 family dwelling,1 family dwelling,0,11,Outer Mission,94112,"{'latitude': '37.72912671619186', 'longitude': '-122.43915581159477', 'human_address': '{""address"": """", ""city"": """", ""state"": """", ""zip"": """"}'}",1.08E+12,,2,2,1,1,5,wood frame (5),5,wood frame (5),2007-04-13T00:00:00.000,,,,,
5ea20778c2aeecdcc61c591c,M52449,8,otc alterations permit,2007-01-02T00:00:00.000,1339,007A,1816,Lake,St,street space permit,issued,2007-01-02T00:00:00.000,2007-01-02T00:00:00.000,2007-01-02T00:00:00.000,,,0,,,,2,Seacliff,94121,"{'latitude': '37.786267641346235', 'longitude': '-122.47911200378202', 'human_address': '{""address"": """", ""city"": """", ""state"": """", ""zip"": """"}'}",1.08E+11,,,,,,,,,,,,,,,
5ea20778c2aeecdcc61c591d,2.01E+11,3,additions alterations or repairs,2007-01-02T00:00:00.000,2936A,16,49,Rockaway,Av,rev. to applic. #2006/04/03/8099: straightening out rear facade as well as additional square footage on the first floor.,complete,2008-05-08T00:00:00.000,2007-01-02T00:00:00.000,2008-03-27T00:00:00.000,2008-07-27T00:00:00.000Z,5000,5000,1 family dwelling,1 family dwelling,2,7,West of Twin Peaks,94127,"{'latitude': '37.7434090966524', 'longitude': '-122.45762330469925', 'human_address': '{""address"": """", ""city"": """", ""state"": """", ""zip"": """"}'}",1.08E+12,,3,3,1,1,5,wood frame (5),5,wood frame (5),2008-05-08T00:00:00.000,Y,Y,,,
5ea20778c2aeecdcc61c591e,M52462,8,otc alterations permit,2007-01-02T00:00:00.000,3587,5,624,Guerrero,St,street space,issued,2007-01-02T00:00:00.000,2007-01-02T00:00:00.000,2007-01-02T00:00:00.000,,,0,,,,8,Mission,94110,"{'latitude': '37.761067356915696', 'longitude': '-122.42406325249024', 'human_address': '{""address"": """", ""city"": """", ""state"": """", ""zip"": """"}'}",1.08E+12,,,,,,,,,,,,,,,
5ea20778c2aeecdcc61c591f,M52462,8,otc alterations permit,2007-01-02T00:00:00.000,3587,5,628,Guerrero,St,street space,issued,2007-01-02T00:00:00.000,2007-01-02T00:00:00.000,2007-01-02T00:00:00.000,,,0,,,,8,Mission,94110,"{'latitude': '37.761067356915696', 'longitude': '-122.42406325249024', 'human_address': '{""address"": """", ""city"": """", ""state"": """", ""zip"": """"}'}",1.08E+12,,,,,,,,,,,,,,,
5ea20778c2aeecdcc61c5920,2.01E+11,8,otc alterations permit,2007-01-02T00:00:00.000,7550,31,333,Addison,St,explore for dry rot back wall. approx 100 sq. ft affected.,complete,2007-01-12T00:00:00.000,2007-01-02T00:00:00.000,2007-01-02T00:00:00.000,2007-05-02T00:00:00.000Z,5000,5000,1 family dwelling,1 family dwelling,0,8,Glen Park,94131,"{'latitude': '37.73992689728953', 'longitude': '-122.43469595547313', 'human_address': '{""address"": """", ""city"": """", ""state"": """", ""zip"": """"}'}",1.08E+12,,2,2,1,1,5,wood frame (5),5,wood frame (5),2007-01-12T00:00:00.000,,,,,
5ea20778c2aeecdcc61c5921,2.01E+11,8,otc alterations permit,2007-01-02T00:00:00.000,6074,11,945,Persia,Av,revised permit #200610135017 to include the fence legalization as mentioned on nov#200670976 y revised deck framing dist  size,complete,2007-02-23T00:00:00.000,2007-01-02T00:00:00.000,2007-01-02T00:00:00.000,2007-05-02T00:00:00.000Z,1,3000,1 family dwelling,1 family dwelling,2,11,Excelsior,94112,"{'latitude': '37.719579817616456', 'longitude': '-122.42798920948817', 'human_address': '{""address"": """", ""city"": """", ""state"": """", ""zip"": """"}'}",1.08E+12,,2,2,1,1,5,wood frame (5),5,wood frame (5),2007-02-23T00:00:00.000,,,,,
5ea20778c2aeecdcc61c5922,M52482,8,otc alterations permit,2007-01-02T00:00:00.000,3753,177,920,Harrison,St,street space permit,issued,2007-01-02T00:00:00.000,2007-01-02T00:00:00.000,2007-01-02T00:00:00.000,,,0,,,,6,South of Market,94107,"{'latitude': '37.7787852565061', 'longitude': '-122.40256006222887', 'human_address': '{""address"": """", ""city"": """", ""state"": """", ""zip"": """"}'}",1.08E+12,1,,,,,,,,,,,,,,
5ea20778c2aeecdcc61c5923,M52483,8,otc alterations permit,2007-01-02T00:00:00.000,1765,2,1319,10th,Av,sidewalk repair,issued,2007-01-02T00:00:00.000,2007-01-02T00:00:00.000,2007-01-02T00:00:00.000,,,0,,,,5,Inner Sunset,94122,"{'latitude': '37.763559151834365', 'longitude': '-122.4676808286765', 'human_address': '{""address"": """", ""city"": """", ""state"": """", ""zip"": """"}'}",1.08E+12,0,,,,,,,,,,,,,,
5ea20778c2aeecdcc61c5924,2.01E+11,8,otc alterations permit,2007-01-02T00:00:00.000,257,12,600,Stockton,St,adding new sprinkler to existing room that has new wall added (fire sprinkler) (3rd floor),expired,2009-04-07T00:00:00.000,2007-01-02T00:00:00.000,2007-01-02T00:00:00.000,2007-05-02T00:00:00.000Z,1500,1500,apartments,apartments,2,3,Financial District/South Beach,94108,"{'latitude': '37.791840603110046', 'longitude': '-122.40683734317086', 'human_address': '{""address"": """", ""city"": """", ""state"": """", ""zip"": """"}'}",1.08E+12,,9,9,350,350,1,constr type 1,1,constr type 1,,,,,,
5ea20778c2aeecdcc61c5925,M52502,8,otc alterations permit,2007-01-02T00:00:00.000,6528,023A,2965,Mission,St,sidewalk permit only.,issued,2007-01-02T00:00:00.000,2007-01-02T00:00:00.000,2007-01-02T00:00:00.000,,,0,,,,9,Mission,94110,"{'latitude': '37.74967596355268', 'longitude': '-122.41785270807726', 'human_address': '{""address"": """", ""city"": """", ""state"": """", ""zip"": """"}'}",1.08E+12,,,,,,,,,,,,,,,
5ea20778c2aeecdcc61c5926,2.01E+11,8,otc alterations permit,2007-01-02T00:00:00.000,1234,33,1337,Page,St,replace dry rot on top landing of stairs. approximately 50 sq. ft. replace planks in landing. deck boards only.,expired,2008-05-07T00:00:00.000,2007-01-02T00:00:00.000,2007-01-02T00:00:00.000,2007-05-02T00:00:00.000Z,600,600,apartments,apartments,0,5,Haight Ashbury,94117,"{'latitude': '37.771201931056055', 'longitude': '-122.44281589826852', 'human_address': '{""address"": """", ""city"": """", ""state"": """", ""zip"": """"}'}",1.08E+11,,3,3,6,6,5,wood frame (5),5,wood frame (5),,,,,,
5ea20778c2aeecdcc61c5927,2.01E+11,8,otc alterations permit,2007-01-02T00:00:00.000,294,1,301,Sutter,St,"basement: demo of (e) storage shelving and (e) toilet room, g/f: demo of (e) counters and fixtures, demo of (e) partitions and floor finishes non structural/demo permit #200610306364",complete,2007-04-25T00:00:00.000,2007-01-02T00:00:00.000,2007-01-02T00:00:00.000,2007-07-02T00:00:00.000Z,10000,10000,retail sales,retail sales,2,3,Financial District/South Beach,94108,"{'latitude': '37.78948309405725', 'longitude': '-122.40555056772713', 'human_address': '{""address"": """", ""city"": """", ""state"": """", ""zip"": """"}'}",1.08E+11,,3,3,0,0,3,constr type 3,3,constr type 3,2007-04-25T00:00:00.000,,,,,
5ea20778c2aeecdcc61c5928,2.01E+11,8,otc alterations permit,2007-01-02T00:00:00.000,294,1,303,Sutter,St,"basement: demo of (e) storage shelving and (e) toilet room, g/f: demo of (e) counters and fixtures, demo of (e) partitions and floor finishes non structural/demo permit #200610306364",complete,2007-04-25T00:00:00.000,2007-01-02T00:00:00.000,2007-01-02T00:00:00.000,2007-07-02T00:00:00.000Z,10000,10000,retail sales,retail sales,2,3,Financial District/South Beach,94108,"{'latitude': '37.78948309405725', 'longitude': '-122.40555056772713', 'human_address': '{""address"": """", ""city"": """", ""state"": """", ""zip"": """"}'}",1.08E+12,,3,3,0,0,3,constr type 3,3,constr type 3,2007-04-25T00:00:00.000,,,,,
5ea20778c2aeecdcc61c5929,M52522,8,otc alterations permit,2007-01-02T00:00:00.000,1275,59,350,Parnassus,Av,street space permit only.,issued,2007-01-02T00:00:00.000,2007-01-02T00:00:00.000,2007-01-02T00:00:00.000,,,0,,,,5,Inner Sunset,94117,"{'latitude': '37.764209952786146', 'longitude': '-122.45624770201354', 'human_address': '{""address"": """", ""city"": """", ""state"": """", ""zip"": """"}'}",1.08E+11,,,,,,,,,,,,,,,
5ea20778c2aeecdcc61c592a,2.01E+11,8,otc alterations permit,2007-01-02T00:00:00.000,5410,14,42,Williams,Av,revised foundation plan and new retaining (short) walls at rear of building.,complete,2007-05-30T00:00:00.000,2007-01-02T00:00:00.000,2007-01-02T00:00:00.000,2007-07-02T00:00:00.000Z,8000,8000,2 family dwelling,2 family dwelling,2,10,Bayview Hunters Point,94124,"{'latitude': '37.72969653042299', 'longitude': '-122.39384577187312', 'human_address': '{""address"": """", ""city"": """", ""state"": """", ""zip"": """"}'}",1.08E+12,,3,3,2,2,5,wood frame (5),5,wood frame (5),2007-05-30T00:00:00.000,,,,,
5ea20778c2aeecdcc61c592b,2.01E+11,8,otc alterations permit,2007-01-02T00:00:00.000,24,4,708,North Point,St,renew pa# 2001/05/23/9862 & pa# 2001/06/07/1036.,complete,2007-07-16T00:00:00.000,2007-01-02T00:00:00.000,2007-01-02T00:00:00.000,2007-05-02T00:00:00.000Z,3000,3000,apartments,apartments,0,,,,,1.08E+11,,3,3,3,3,5,wood frame (5),5,wood frame (5),2007-07-16T00:00:00.000,,,,,
5ea20778c2aeecdcc61c592c,2.01E+11,4,sign - erect,2007-01-02T00:00:00.000,346,1,155,Hyde,St,to erect a single-faced non-electric wall sign,complete,2007-02-09T00:00:00.000,2007-01-02T00:00:00.000,2007-01-02T00:00:00.000,2007-05-02T00:00:00.000Z,,1400,retail sales,,2,6,Tenderloin,94102,"{'latitude': '37.78235034111151', 'longitude': '-122.41587492116783', 'human_address': '{""address"": """", ""city"": """", ""state"": """", ""zip"": """"}'}",1.08E+12,,,,,,,,,,2007-02-09T00:00:00.000,,,,,
5ea20778c2aeecdcc61c592d,2.01E+11,3,additions alterations or repairs,2007-01-02T00:00:00.000,2803,2,4120,23rd,St,adding one bedroom with new bath at penthouse as per plan.,withdrawn,2008-06-06T00:00:00.000,2007-01-02T00:00:00.000,,,30000,,2 family dwelling,2 family dwelling,2,8,Noe Valley,94114,"{'latitude': '37.75310346399909', 'longitude': '-122.4348093727651', 'human_address': '{""address"": """", ""city"": """", ""state"": """", ""zip"": """"}'}",1.08E+12,,2,3,2,2,5,wood frame (5),5,wood frame (5),,Y,Y,,,
5ea20778c2aeecdcc61c592e,2.01E+11,3,additions alterations or repairs,2007-01-02T00:00:00.000,2803,2,4122,23rd,St,adding one bedroom with new bath at penthouse as per plan.,withdrawn,2008-06-06T00:00:00.000,2007-01-02T00:00:00.000,,,30000,,2 family dwelling,2 family dwelling,2,8,Noe Valley,94114,"{'latitude': '37.75310346399909', 'longitude': '-122.4348093727651', 'human_address': '{""address"": """", ""city"": """", ""state"": """", ""zip"": """"}'}",1.08E+12,,2,3,2,2,5,wood frame (5),5,wood frame (5),,Y,Y,,,
5ea20778c2aeecdcc61c592f,2.01E+11,8,otc alterations permit,2007-01-02T00:00:00.000,779,20,950,Steiner,St,replace extg wall to new fire wall and replace extg wndw with new glass block as per plan.,expired,2008-06-02T00:00:00.000,2007-01-02T00:00:00.000,2007-01-02T00:00:00.000,2007-05-02T00:00:00.000Z,1000,1000,apartments,apartments,2,5,Western Addition,94117,"{'latitude': '37.778232788241596', 'longitude': '-122.43319066648293', 'human_address': '{""address"": """", ""city"": """", ""state"": """", ""zip"": """"}'}",1.08E+11,,4,4,6,6,5,wood frame (5),5,wood frame (5),,,,,,
5ea20779c2aeecdcc61c5930,M52563,8,otc alterations permit,2007-01-03T00:00:00.000,296,6,400,Post,St,street space,issued,2007-01-03T00:00:00.000,2007-01-03T00:00:00.000,2007-01-03T00:00:00.000,,,0,,,,3,Nob Hill,94102,"{'latitude': '37.7885124308055', 'longitude': '-122.40881241187822', 'human_address': '{""address"": """", ""city"": """", ""state"": """", ""zip"": """"}'}",1.08E+12,0,,,,,,,,,,,,,,
5ea20779c2aeecdcc61c5931,M52585,8,otc alterations permit,2007-01-03T00:00:00.000,1013,14,3880,Sacramento,St,street space permit,issued,2007-01-03T00:00:00.000,2007-01-03T00:00:00.000,2007-01-03T00:00:00.000,,,0,,,,2,Presidio Heights,94118,"{'latitude': '37.78720305442757', 'longitude': '-122.45655278739959', 'human_address': '{""address"": """", ""city"": """", ""state"": """", ""zip"": """"}'}",1.08E+11,,,,,,,,,,,,,,,
5ea20779c2aeecdcc61c5932,2.01E+11,8,otc alterations permit,2007-01-03T00:00:00.000,5667,5,223,Bocana,St,reroofing,issued,2007-01-03T00:00:00.000,2007-01-03T00:00:00.000,2007-01-03T00:00:00.000,2007-07-03T00:00:00.000Z,7880,7880,1 family dwelling,1 family dwelling,0,9,Bernal Heights,94110,"{'latitude': '37.74002300906008', 'longitude': '-122.41789105755952', 'human_address': '{""address"": """", ""city"": """", ""state"": """", ""zip"": """"}'}",1.08E+12,,,,,,,,,,,,,,,
5ea20779c2aeecdcc61c5933,2.01E+11,8,otc alterations permit,2007-01-03T00:00:00.000,829,2,535,Buchanan,St,reroofing,issued,2007-01-03T00:00:00.000,2007-01-03T00:00:00.000,2007-01-03T00:00:00.000,2007-07-03T00:00:00.000Z,7480,7480,1 family dwelling,1 family dwelling,0,5,Hayes Valley,94102,"{'latitude': '37.774980361990345', 'longitude': '-122.42787104822868', 'human_address': '{""address"": """", ""city"": """", ""state"": """", ""zip"": """"}'}",1.08E+11,,,,,,,,,,,,,,,
5ea20779c2aeecdcc61c5934,2.01E+11,8,otc alterations permit,2007-01-03T00:00:00.000,517,23,32,Pixley,St,repair extg stairs at front(less than 50%),issued,2007-01-03T00:00:00.000,2007-01-03T00:00:00.000,2007-01-03T00:00:00.000,2007-05-03T00:00:00.000Z,3000,3000,2 family dwelling,2 family dwelling,0,2,Marina,94123,"{'latitude': '37.79893945080456', 'longitude': '-122.43310292006439', 'human_address': '{""address"": """", ""city"": """", ""state"": """", ""zip"": """"}'}",1.08E+11,,3,3,2,2,5,wood frame (5),5,wood frame (5),,,,,,
5ea20779c2aeecdcc61c5935,2.01E+11,8,otc alterations permit,2007-01-03T00:00:00.000,517,23,34,Pixley,St,repair extg stairs at front(less than 50%),issued,2007-01-03T00:00:00.000,2007-01-03T00:00:00.000,2007-01-03T00:00:00.000,2007-05-03T00:00:00.000Z,3000,3000,2 family dwelling,2 family dwelling,0,2,Marina,94123,"{'latitude': '37.79893945080456', 'longitude': '-122.43310292006439', 'human_address': '{""address"": """", ""city"": """", ""state"": """", ""zip"": """"}'}",1.08E+12,,3,3,2,2,5,wood frame (5),5,wood frame (5),,,,,,
5ea20779c2aeecdcc61c5936,2.01E+11,8,otc alterations permit,2007-01-03T00:00:00.000,1302,18,22,25th,Av,dry rot repair at rear 200 sq ft(no structural changes),complete,2007-05-22T00:00:00.000,2007-01-03T00:00:00.000,2007-01-03T00:00:00.000,2007-07-03T00:00:00.000Z,12000,12000,1 family dwelling,1 family dwelling,0,2,Presidio,94121,"{'latitude': '37.789121015548126', 'longitude': '-122.48433083167862', 'human_address': '{""address"": """", ""city"": """", ""state"": """", ""zip"": """"}'}",1.08E+11,,2,2,1,1,5,wood frame (5),5,wood frame (5),2007-05-22T00:00:00.000,,,,,
5ea20779c2aeecdcc61c5937,2.01E+11,8,otc alterations permit,2007-01-03T00:00:00.000,1621,40,704,24th,Av,"removed old roof, reroofing, install base sheet underlayament, install modified bitumen",complete,2019-01-08T00:00:00.000,2007-01-03T00:00:00.000,2007-01-03T00:00:00.000,2007-05-03T00:00:00.000Z,980,980,2 family dwelling,2 family dwelling,0,1,Outer Richmond,94121,"{'latitude': '37.776154617942495', 'longitude': '-122.4832111530609', 'human_address': '{""address"": """", ""city"": """", ""state"": """", ""zip"": """"}'}",1.08E+12,,2,2,2,2,5,wood frame (5),5,wood frame (5),2019-01-08T00:00:00.000,,,,,
5ea20779c2aeecdcc61c5938,2.01E+11,8,otc alterations permit,2007-01-03T00:00:00.000,1282,17,1160,Stanyan,St,replace kchn cabinets. no lighting changes,complete,2007-01-25T00:00:00.000,2007-01-03T00:00:00.000,2007-01-03T00:00:00.000,2007-07-03T00:00:00.000Z,10000,10000,2 family dwelling,2 family dwelling,0,5,Haight Ashbury,94117,"{'latitude': '37.763145674772474', 'longitude': '-122.45199195297425', 'human_address': '{""address"": """", ""city"": """", ""state"": """", ""zip"": """"}'}",1.08E+11,,2,2,2,2,5,wood frame (5),5,wood frame (5),2007-01-25T00:00:00.000,,,,,
5ea20779c2aeecdcc61c5939,2.01E+11,8,otc alterations permit,2007-01-03T00:00:00.000,6632,105,363,29th,St,voluntary seismic improvements at lowest story (basement/garage) only,complete,2009-02-20T00:00:00.000,2007-01-03T00:00:00.000,2007-01-03T00:00:00.000,2007-07-03T00:00:00.000Z,23500,23500,2 family dwelling,2 family dwelling,2,8,Noe Valley,94131,"{'latitude': '37.7434170291277', 'longitude': '-122.42814506450108', 'human_address': '{""address"": """", ""city"": """", ""state"": """", ""zip"": """"}'}",1.08E+12,0,2,2,2,2,5,wood frame (5),5,wood frame (5),2009-02-20T00:00:00.000,,,,,
5ea20779c2aeecdcc61c593a,2.01E+11,8,otc alterations permit,2007-01-03T00:00:00.000,6632,104,361,29th,St,voluntary seismic improvements at lowest story (basement/garage) only,complete,2009-02-20T00:00:00.000,2007-01-03T00:00:00.000,2007-01-03T00:00:00.000,2007-07-03T00:00:00.000Z,23500,23500,2 family dwelling,2 family dwelling,2,8,Noe Valley,94131,"{'latitude': '37.7434170291277', 'longitude': '-122.42814506450108', 'human_address': '{""address"": """", ""city"": """", ""state"": """", ""zip"": """"}'}",1.08E+12,0,2,2,2,2,5,wood frame (5),5,wood frame (5),2009-02-20T00:00:00.000,,,,,
5ea20779c2aeecdcc61c593b,2.01E+11,8,otc alterations permit,2007-01-03T00:00:00.000,1621,40,706,24th,Av,"removed old roof, reroofing, install base sheet underlayament, install modified bitumen",complete,2019-01-08T00:00:00.000,2007-01-03T00:00:00.000,2007-01-03T00:00:00.000,2007-05-03T00:00:00.000Z,980,980,2 family dwelling,2 family dwelling,0,1,Outer Richmond,94121,"{'latitude': '37.776154617942495', 'longitude': '-122.4832111530609', 'human_address': '{""address"": """", ""city"": """", ""state"": """", ""zip"": """"}'}",1.08E+12,,2,2,2,2,5,wood frame (5),5,wood frame (5),2019-01-08T00:00:00.000,,,,,
5ea20779c2aeecdcc61c593c,2.01E+11,3,additions alterations or repairs,2007-01-03T00:00:00.000,231,23,2,Embarcadero Center,,"oti-1, boston consulting grp, 24/fl, el, me, l/s, sp.",complete,2007-07-26T00:00:00.000,2007-01-03T00:00:00.000,2007-01-30T00:00:00.000,2009-01-30T00:00:00.000Z,635000,746170,office,office,2,3,Financial District/South Beach,94111,"{'latitude': '37.79479859387513', 'longitude': '-122.39847275186533', 'human_address': '{""address"": """", ""city"": """", ""state"": """", ""zip"": """"}'}",1.08E+11,,28,28,0,0,1,constr type 1,1,constr type 1,2007-07-26T00:00:00.000,,,,,
5ea20779c2aeecdcc61c593d,M52562,8,otc alterations permit,2007-01-03T00:00:00.000,3702,31,84,07th,St,street space permit,issued,2007-01-03T00:00:00.000,2007-01-03T00:00:00.000,2007-01-03T00:00:00.000,,,0,,,,6,South of Market,94103,"{'latitude': '37.77921556141061', 'longitude': '-122.41133424577785', 'human_address': '{""address"": """", ""city"": """", ""state"": """", ""zip"": """"}'}",1.08E+12,,,,,,,,,,,,,,,
5ea20779c2aeecdcc61c593e,2.01E+11,8,otc alterations permit,2007-01-03T00:00:00.000,3583,81,4039,18th,St,"pa# 2004/01/12/3824 correct address from 4039-18th st to ""4039-18th st(restaurant); 4041-18th st(apt) 4041a-18th st (apt)",complete,2007-01-04T00:00:00.000,2007-01-03T00:00:00.000,2007-01-03T00:00:00.000,2007-05-03T00:00:00.000Z,1,1,1 family dwelling,2 family dwelling,0,8,Castro/Upper Market,94114,"{'latitude': '37.76077879399695', 'longitude': '-122.43364712416276', 'human_address': '{""address"": """", ""city"": """", ""state"": """", ""zip"": """"}'}",1.08E+12,,2,3,1,2,5,wood frame (5),5,wood frame (5),2007-01-04T00:00:00.000,,,,,
5ea20779c2aeecdcc61c593f,2.01E+11,8,otc alterations permit,2007-01-03T00:00:00.000,3583,81,4041,18th,St,"pa# 2004/01/12/3824 correct address from 4039-18th st to ""4039-18th st(restaurant); 4041-18th st(apt) 4041a-18th st (apt)",complete,2007-01-04T00:00:00.000,2007-01-03T00:00:00.000,2007-01-03T00:00:00.000,2007-05-03T00:00:00.000Z,1,1,1 family dwelling,2 family dwelling,0,8,Castro/Upper Market,94114,"{'latitude': '37.76077879399695', 'longitude': '-122.43364712416276', 'human_address': '{""address"": """", ""city"": """", ""state"": """", ""zip"": """"}'}",1.08E+12,,2,3,1,2,5,wood frame (5),5,wood frame (5),2007-01-04T00:00:00.000,,,,,
5ea20779c2aeecdcc61c5940,2.01E+11,8,otc alterations permit,2007-01-03T00:00:00.000,3583,81,4041,18th,St,"pa# 2004/01/12/3824 correct address from 4039-18th st to ""4039-18th st(restaurant); 4041-18th st(apt) 4041a-18th st (apt)",complete,2007-01-04T00:00:00.000,2007-01-03T00:00:00.000,2007-01-03T00:00:00.000,2007-05-03T00:00:00.000Z,1,1,1 family dwelling,2 family dwelling,0,8,Castro/Upper Market,94114,"{'latitude': '37.76077879399695', 'longitude': '-122.43364712416276', 'human_address': '{""address"": """", ""city"": """", ""state"": """", ""zip"": """"}'}",1.08E+12,,2,3,1,2,5,wood frame (5),5,wood frame (5),2007-01-04T00:00:00.000,,,A,,
5ea20779c2aeecdcc61c5941,2.01E+11,8,otc alterations permit,2007-01-03T00:00:00.000,740,9,620,Eddy,St,"apt# 25, kitchen & bathroom remodel. apt# 43, kitchen & bathroom remodel. no structural. no lighting work on both.",complete,2007-05-09T00:00:00.000,2007-01-03T00:00:00.000,2007-01-03T00:00:00.000,2007-07-03T00:00:00.000Z,25000,25000,apartments,apartments,0,6,Tenderloin,94109,"{'latitude': '37.7835060196071', 'longitude': '-122.41808025881474', 'human_address': '{""address"": """", ""city"": """", ""state"": """", ""zip"": """"}'}",1.08E+11,,6,6,34,34,1,constr type 1,1,constr type 1,2007-05-09T00:00:00.000,,,,,
5ea20779c2aeecdcc61c5942,2.01E+11,8,otc alterations permit,2007-01-03T00:00:00.000,321,38,725,Ofarrell,St,"apt# 48, kitchen & bathroom remodel. no structural. no lighting work. comply with his nov# 200685691.",complete,2007-05-21T00:00:00.000,2007-01-03T00:00:00.000,2007-01-03T00:00:00.000,2007-07-03T00:00:00.000Z,15000,15000,apartments,apartments,0,6,Tenderloin,94109,"{'latitude': '37.785038372434045', 'longitude': '-122.4167052215627', 'human_address': '{""address"": """", ""city"": """", ""state"": """", ""zip"": """"}'}",1.08E+11,,6,6,31,31,5,wood frame (5),5,wood frame (5),2007-05-21T00:00:00.000,,,,,
5ea20779c2aeecdcc61c5943,M52542,8,otc alterations permit,2007-01-03T00:00:00.000,3583,81,4039,18th,St,verification and additional address,issued,2007-01-03T00:00:00.000,2007-01-03T00:00:00.000,2007-01-03T00:00:00.000,,,0,,,,8,Castro/Upper Market,94114,"{'latitude': '37.76077879399695', 'longitude': '-122.43364712416276', 'human_address': '{""address"": """", ""city"": """", ""state"": """", ""zip"": """"}'}",1.08E+12,,,,,,,,,,,,,,,
5ea20779c2aeecdcc61c5944,M52542,8,otc alterations permit,2007-01-03T00:00:00.000,3583,81,4041,18th,St,verification and additional address,issued,2007-01-03T00:00:00.000,2007-01-03T00:00:00.000,2007-01-03T00:00:00.000,,,0,,,,8,Castro/Upper Market,94114,"{'latitude': '37.76077879399695', 'longitude': '-122.43364712416276', 'human_address': '{""address"": """", ""city"": """", ""state"": """", ""zip"": """"}'}",1.08E+12,,,,,,,,,,,,,,,
5ea20779c2aeecdcc61c5945,M52542,8,otc alterations permit,2007-01-03T00:00:00.000,3583,81,4041,18th,St,verification and additional address,issued,2007-01-03T00:00:00.000,2007-01-03T00:00:00.000,2007-01-03T00:00:00.000,,,0,,,,8,Castro/Upper Market,94114,"{'latitude': '37.76077879399695', 'longitude': '-122.43364712416276', 'human_address': '{""address"": """", ""city"": """", ""state"": """", ""zip"": """"}'}",1.08E+12,,,,,,,,,,,,,A,,
5ea20779c2aeecdcc61c5946,M52543,8,otc alterations permit,2007-01-03T00:00:00.000,6593,23,1509,Church,St,street space & sidewalk permit only.,issued,2007-01-03T00:00:00.000,2007-01-03T00:00:00.000,2007-01-03T00:00:00.000,,,0,,,,8,Noe Valley,94131,"{'latitude': '37.74665132768645', 'longitude': '-122.4266659825892', 'human_address': '{""address"": """", ""city"": """", ""state"": """", ""zip"": """"}'}",1.08E+12,,,,,,,,,,,,,,,
5ea20779c2aeecdcc61c5947,M52544,8,otc alterations permit,2007-01-03T00:00:00.000,1473,4,7750,Geary,Bl,sidewalk permit only.,issued,2007-01-03T00:00:00.000,2007-01-03T00:00:00.000,2007-01-03T00:00:00.000,,,0,,,,1,Outer Richmond,94121,"{'latitude': '37.77980557137059', 'longitude': '-122.50273151308741', 'human_address': '{""address"": """", ""city"": """", ""state"": """", ""zip"": """"}'}",1.08E+12,,,,,,,,,,,,,,,
5ea20779c2aeecdcc61c5948,2.01E+11,8,otc alterations permit,2007-01-03T00:00:00.000,233,44,4,Embarcadero Center,,17/fl. tenant improvements-build new wiring closet remodel existing fax room and build new av wall in conf. room. no increase in office space.,complete,2007-07-06T00:00:00.000,2007-01-03T00:00:00.000,2007-01-03T00:00:00.000,2008-01-03T00:00:00.000Z,35000,35000,office,office,2,3,Financial District/South Beach,94111,"{'latitude': '37.79506002552974', 'longitude': '-122.39593224461805', 'human_address': '{""address"": """", ""city"": """", ""state"": """", ""zip"": """"}'}",1.08E+11,,44,44,0,0,1,constr type 1,1,constr type 1,2007-07-06T00:00:00.000,,,,,
5ea20779c2aeecdcc61c5949,2.01E+11,8,otc alterations permit,2007-01-03T00:00:00.000,233,44,4,Embarcadero Center,,16th floor - tenant improvements- upgrade existing equipment room for new equipment & add new wiring closet. no increase in office space. mechanical under separate permit.,complete,2007-07-06T00:00:00.000,2007-01-03T00:00:00.000,2007-01-03T00:00:00.000,2008-01-03T00:00:00.000Z,65000,65000,office,office,2,3,Financial District/South Beach,94111,"{'latitude': '37.79506002552974', 'longitude': '-122.39593224461805', 'human_address': '{""address"": """", ""city"": """", ""state"": """", ""zip"": """"}'}",1.08E+11,,44,44,0,0,1,constr type 1,1,constr type 1,2007-07-06T00:00:00.000,,,,,
5ea20779c2aeecdcc61c594a,M52545,8,otc alterations permit,2007-01-03T00:00:00.000,3641,23,3182,24th,St,sidewalk permit only.,issued,2007-01-03T00:00:00.000,2007-01-03T00:00:00.000,2007-01-03T00:00:00.000,,,0,,,,9,Mission,94110,"{'latitude': '37.7525173058029', 'longitude': '-122.41596989133278', 'human_address': '{""address"": """", ""city"": """", ""state"": """", ""zip"": """"}'}",1.08E+12,,,,,,,,,,,,,,,
5ea20779c2aeecdcc61c594b,M52545,8,otc alterations permit,2007-01-03T00:00:00.000,3641,23,3198,24th,St,sidewalk permit only.,issued,2007-01-03T00:00:00.000,2007-01-03T00:00:00.000,2007-01-03T00:00:00.000,,,0,,,,9,Mission,94110,"{'latitude': '37.7525173058029', 'longitude': '-122.41596989133278', 'human_address': '{""address"": """", ""city"": """", ""state"": """", ""zip"": """"}'}",1.08E+12,0,,,,,,,,,,,,,,
5ea20779c2aeecdcc61c594c,2.01E+11,8,otc alterations permit,2007-01-03T00:00:00.000,233,44,4,Embarcadero Center,,18th floor - tenant improvements - build new wiring closet. no increase in office space.,complete,2007-09-20T00:00:00.000,2007-01-03T00:00:00.000,2007-01-03T00:00:00.000,2008-01-03T00:00:00.000Z,28000,28000,office,office,2,3,Financial District/South Beach,94111,"{'latitude': '37.79506002552974', 'longitude': '-122.39593224461805', 'human_address': '{""address"": """", ""city"": """", ""state"": """", ""zip"": """"}'}",1.08E+11,,44,44,0,0,1,constr type 1,1,constr type 1,2007-09-20T00:00:00.000,,,,,
5ea20779c2aeecdcc61c594d,2.01E+11,8,otc alterations permit,2007-01-03T00:00:00.000,7210,11,76,Inverness,Dr,reroofing.,complete,2007-07-16T00:00:00.000,2007-01-03T00:00:00.000,2007-01-03T00:00:00.000,2007-07-03T00:00:00.000Z,8345,8345,1 family dwelling,1 family dwelling,0,7,Sunset/Parkside,94132,"{'latitude': '37.73288942772379', 'longitude': '-122.48251750732457', 'human_address': '{""address"": """", ""city"": """", ""state"": """", ""zip"": """"}'}",1.08E+12,,,,,,,,,,2007-07-16T00:00:00.000,,,,,
5ea20779c2aeecdcc61c594e,2.01E+11,8,otc alterations permit,2007-01-03T00:00:00.000,550,020A,2344,Van Ness,Av,"work @ apt# 4 only. remodel kitchen & bath. sheetrock. kitchen, bath, living rooms. (electrical, plumbing work under separate permits).",complete,2007-09-20T00:00:00.000,2007-01-03T00:00:00.000,2007-01-03T00:00:00.000,2007-07-03T00:00:00.000Z,18000,18000,apartments,apartments,0,3,Russian Hill,94109,"{'latitude': '37.797287852178265', 'longitude': '-122.42334139652708', 'human_address': '{""address"": """", ""city"": """", ""state"": """", ""zip"": """"}'}",1.08E+11,,3,3,9,9,5,wood frame (5),5,wood frame (5),2007-09-20T00:00:00.000,,,,,
5ea20779c2aeecdcc61c594f,M52546,8,otc alterations permit,2007-01-03T00:00:00.000,2614,88,167,Beaver,St,street space,issued,2007-01-03T00:00:00.000,2007-01-03T00:00:00.000,2007-01-03T00:00:00.000,,,0,,,,8,Castro/Upper Market,94114,"{'latitude': '37.76519200457511', 'longitude': '-122.43695272329116', 'human_address': '{""address"": """", ""city"": """", ""state"": """", ""zip"": """"}'}",1.08E+12,,,,,,,,,,,,,,,
5ea20779c2aeecdcc61c5950,M52547,8,otc alterations permit,2007-01-03T00:00:00.000,161,20,1216,Stockton,St,street space,issued,2007-01-03T00:00:00.000,2007-01-03T00:00:00.000,2007-01-03T00:00:00.000,,,0,,,,3,Chinatown,94133,"{'latitude': '37.79701963800501', 'longitude': '-122.40825676434942', 'human_address': '{""address"": """", ""city"": """", ""state"": """", ""zip"": """"}'}",1.08E+12,0,,,,,,,,,,,,,,
5ea20779c2aeecdcc61c5951,M52546,8,otc alterations permit,2007-01-03T00:00:00.000,2614,88,169,Beaver,St,street space,issued,2007-01-03T00:00:00.000,2007-01-03T00:00:00.000,2007-01-03T00:00:00.000,,,0,,,,8,Castro/Upper Market,94114,"{'latitude': '37.76519200457511', 'longitude': '-122.43695272329116', 'human_address': '{""address"": """", ""city"": """", ""state"": """", ""zip"": """"}'}",1.08E+12,,,,,,,,,,,,,,,
5ea20779c2aeecdcc61c5952,2.01E+11,8,otc alterations permit,2007-01-03T00:00:00.000,1830,33,1450,24th,Av,reroofing,expired,2007-07-24T00:00:00.000,2007-01-03T00:00:00.000,2007-01-03T00:00:00.000,2007-05-03T00:00:00.000Z,3000,3000,1 family dwelling,1 family dwelling,0,4,Sunset/Parkside,94122,"{'latitude': '37.76057451544572', 'longitude': '-122.48196060524137', 'human_address': '{""address"": """", ""city"": """", ""state"": """", ""zip"": """"}'}",1.08E+12,,,,,,,,,,,,,,,
5ea20779c2aeecdcc61c5953,M52548,8,otc alterations permit,2007-01-03T00:00:00.000,6663,35,143,Randall,St,street space permit,issued,2007-01-03T00:00:00.000,2007-01-03T00:00:00.000,2007-01-03T00:00:00.000,,,0,,,,8,Glen Park,94131,"{'latitude': '37.73949798012811', 'longitude': '-122.42650124959856', 'human_address': '{""address"": """", ""city"": """", ""state"": """", ""zip"": """"}'}",1.08E+12,,,,,,,,,,,,,,,
5ea20779c2aeecdcc61c5954,M52549,8,otc alterations permit,2007-01-03T00:00:00.000,6529,1,2900,Mission,St,street space & sidewalk repair permit,issued,2007-01-03T00:00:00.000,2007-01-03T00:00:00.000,2007-01-03T00:00:00.000,,,0,,,,9,Mission,94110,"{'latitude': '37.750446079988734', 'longitude': '-122.41855190139987', 'human_address': '{""address"": """", ""city"": """", ""state"": """", ""zip"": """"}'}",1.08E+12,,,,,,,,,,,,,,,
5ea20779c2aeecdcc61c5955,2.01E+11,8,otc alterations permit,2007-01-03T00:00:00.000,922,11,2222,Bay,St,"replace cabinets, counters & appliances in kitchen. replace tile & fixtures in 2 baths. only will change 50% of electrical voltage (or less).",complete,2007-11-20T00:00:00.000,2007-01-03T00:00:00.000,2007-01-03T00:00:00.000,2008-01-03T00:00:00.000Z,40000,40000,1 family dwelling,1 family dwelling,0,2,Marina,94123,"{'latitude': '37.80198883613823', 'longitude': '-122.44374877919802', 'human_address': '{""address"": """", ""city"": """", ""state"": """", ""zip"": """"}'}",1.08E+11,,1,1,1,1,5,wood frame (5),5,wood frame (5),2007-11-20T00:00:00.000,,,,,
5ea20779c2aeecdcc61c5956,2.01E+11,8,otc alterations permit,2007-01-03T00:00:00.000,858,15,100,Webster,St,replace front steps in kind same as original.,complete,2007-05-16T00:00:00.000,2007-01-03T00:00:00.000,2007-01-03T00:00:00.000,2007-05-03T00:00:00.000Z,5000,5000,2 family dwelling,2 family dwelling,2,5,Hayes Valley,94102,"{'latitude': '37.77153414751733', 'longitude': '-122.42841889851438', 'human_address': '{""address"": """", ""city"": """", ""state"": """", ""zip"": """"}'}",1.08E+11,,3,3,2,2,5,wood frame (5),5,wood frame (5),2007-05-16T00:00:00.000,,,,,
5ea20779c2aeecdcc61c5957,2.01E+11,8,otc alterations permit,2007-01-03T00:00:00.000,1019,7,3400,California,St,"suite 302-office t.i. framing, electrical, plumbing to facilitete new dental office, upgrade front entry for disabled access.",complete,2007-08-10T00:00:00.000,2007-01-03T00:00:00.000,2007-01-03T00:00:00.000,2008-01-03T00:00:00.000Z,99000,99000,office,office,2,2,Presidio Heights,94118,"{'latitude': '37.786961090897854', 'longitude': '-122.4504153631611', 'human_address': '{""address"": """", ""city"": """", ""state"": """", ""zip"": """"}'}",1.08E+11,,3,3,0,0,5,wood frame (5),5,wood frame (5),2007-08-10T00:00:00.000,,,,,
5ea20779c2aeecdcc61c5958,2.01E+11,8,otc alterations permit,2007-01-03T00:00:00.000,858,15,102,Webster,St,replace front steps in kind same as original.,complete,2007-05-16T00:00:00.000,2007-01-03T00:00:00.000,2007-01-03T00:00:00.000,2007-05-03T00:00:00.000Z,5000,5000,2 family dwelling,2 family dwelling,2,5,Hayes Valley,94102,"{'latitude': '37.77153414751733', 'longitude': '-122.42841889851438', 'human_address': '{""address"": """", ""city"": """", ""state"": """", ""zip"": """"}'}",1.08E+12,,3,3,2,2,5,wood frame (5),5,wood frame (5),2007-05-16T00:00:00.000,,,,,
5ea20779c2aeecdcc61c5959,2.01E+11,8,otc alterations permit,2007-01-03T00:00:00.000,567,45,1998,Broadway,,"upgrade and resurface kitchen cabients, new granite counter, all new appliances, relocate oven and electrical outlets. no change- less than 50% of voltage, no structural changes",complete,2007-03-28T00:00:00.000,2007-01-03T00:00:00.000,2007-01-03T00:00:00.000,2007-07-03T00:00:00.000Z,18000,18000,apartments,apartments,0,2,Pacific Heights,94123,"{'latitude': '37.79527582255174', 'longitude': '-122.42978783701675', 'human_address': '{""address"": """", ""city"": """", ""state"": """", ""zip"": """"}'}",1.08E+11,503,16,16,82,82,1,constr type 1,1,constr type 1,2007-03-28T00:00:00.000,,,,,
5ea20779c2aeecdcc61c595a,2.01E+11,8,otc alterations permit,2007-01-03T00:00:00.000,6342,16,762,Edinburg,St,reroofing,expired,2007-11-16T00:00:00.000,2007-01-03T00:00:00.000,2007-01-03T00:00:00.000,2007-07-03T00:00:00.000Z,9200,9200,1 family dwelling,1 family dwelling,0,11,Excelsior,94112,"{'latitude': '37.71726148008134', 'longitude': '-122.43535180983467', 'human_address': '{""address"": """", ""city"": """", ""state"": """", ""zip"": """"}'}",1.08E+12,,,,,,,,,,,,,,,
5ea20779c2aeecdcc61c595b,2.01E+11,3,additions alterations or repairs,2007-01-03T00:00:00.000,865,9,53,Potomac,St,"interior modifications & alterations to unit 1, interior improvements to (e) ground floor storage area (existing 3x6 stud walls to remain). rear windows at ground floor to be replaced with vinyl frame. double pane.",expired,2009-12-17T00:00:00.000,2007-01-03T00:00:00.000,2007-08-27T00:00:00.000,2008-08-27T00:00:00.000Z,35000,45300,apartments,apartments,2,8,Haight Ashbury,94117,"{'latitude': '37.76998198777702', 'longitude': '-122.43278540447395', 'human_address': '{""address"": """", ""city"": """", ""state"": """", ""zip"": """"}'}",1.08E+11,,3,3,5,5,5,wood frame (5),5,wood frame (5),,,,,,
5ea20779c2aeecdcc61c595c,2.01E+11,3,additions alterations or repairs,2007-01-03T00:00:00.000,865,9,55,Potomac,St,"interior modifications & alterations to unit 1, interior improvements to (e) ground floor storage area (existing 3x6 stud walls to remain). rear windows at ground floor to be replaced with vinyl frame. double pane.",expired,2009-12-17T00:00:00.000,2007-01-03T00:00:00.000,2007-08-27T00:00:00.000,2008-08-27T00:00:00.000Z,35000,45300,apartments,apartments,2,8,Haight Ashbury,94117,"{'latitude': '37.76998198777702', 'longitude': '-122.43278540447395', 'human_address': '{""address"": """", ""city"": """", ""state"": """", ""zip"": """"}'}",1.08E+12,,3,3,5,5,5,wood frame (5),5,wood frame (5),,,,,,
5ea20779c2aeecdcc61c595d,2.01E+11,3,additions alterations or repairs,2007-01-03T00:00:00.000,865,9,57,Potomac,St,"interior modifications & alterations to unit 1, interior improvements to (e) ground floor storage area (existing 3x6 stud walls to remain). rear windows at ground floor to be replaced with vinyl frame. double pane.",expired,2009-12-17T00:00:00.000,2007-01-03T00:00:00.000,2007-08-27T00:00:00.000,2008-08-27T00:00:00.000Z,35000,45300,apartments,apartments,2,8,Haight Ashbury,94117,"{'latitude': '37.76998198777702', 'longitude': '-122.43278540447395', 'human_address': '{""address"": """", ""city"": """", ""state"": """", ""zip"": """"}'}",1.08E+12,0,3,3,5,5,5,wood frame (5),5,wood frame (5),,,,,,
5ea20779c2aeecdcc61c595e,2.01E+11,8,otc alterations permit,2007-01-03T00:00:00.000,6640,6,578,30th,St,replacing in kind plants on existing backyard deck. deck deck size is 10'x11'. no structural work involved.,expired,2007-09-12T00:00:00.000,2007-01-03T00:00:00.000,2007-01-03T00:00:00.000,2007-05-03T00:00:00.000Z,2100,2100,1 family dwelling,1 family dwelling,0,8,Noe Valley,94131,"{'latitude': '37.74199536398506', 'longitude': '-122.4326382341294', 'human_address': '{""address"": """", ""city"": """", ""state"": """", ""zip"": """"}'}",1.08E+12,,2,2,1,1,5,wood frame (5),5,wood frame (5),,,,,,
5ea20779c2aeecdcc61c595f,2.01E+11,8,otc alterations permit,2007-01-03T00:00:00.000,6083,24,4675,Mission,St,"remove (e) partitions, add one handicap bathroom, change front door, relocate water heater",complete,2007-04-18T00:00:00.000,2007-01-03T00:00:00.000,2007-01-03T00:00:00.000,2008-01-03T00:00:00.000Z,26000,26000,office,office,2,11,Excelsior,94112,"{'latitude': '37.72340639171642', 'longitude': '-122.4354308118601', 'human_address': '{""address"": """", ""city"": """", ""state"": """", ""zip"": """"}'}",1.08E+12,,1,1,0,0,5,wood frame (5),5,wood frame (5),2007-04-18T00:00:00.000,,,,,
5ea20779c2aeecdcc61c5960,2.01E+11,8,otc alterations permit,2007-01-03T00:00:00.000,2168,22,2090,Great,Hy,"unit 303: remodel kitchen, bathroom, add desk area.",complete,2007-06-19T00:00:00.000,2007-01-03T00:00:00.000,2007-01-03T00:00:00.000,2008-01-03T00:00:00.000Z,27000,27000,apartments,apartments,2,4,Sunset/Parkside,94116,"{'latitude': '37.747491071643836', 'longitude': '-122.50746033866602', 'human_address': '{""address"": """", ""city"": """", ""state"": """", ""zip"": """"}'}",1.08E+12,,3,3,18,18,5,wood frame (5),5,wood frame (5),2007-06-19T00:00:00.000,,,,,
5ea20779c2aeecdcc61c5961,M52564,8,otc alterations permit,2007-01-03T00:00:00.000,7085,18,602,Randolph,St,street space,issued,2007-01-03T00:00:00.000,2007-01-03T00:00:00.000,2007-01-03T00:00:00.000,,,0,,,,11,Oceanview/Merced/Ingleside,94132,"{'latitude': '37.71451226398692', 'longitude': '-122.46814827929423', 'human_address': '{""address"": """", ""city"": """", ""state"": """", ""zip"": """"}'}",1.08E+12,,,,,,,,,,,,,,,
5ea20779c2aeecdcc61c5962,2.01E+11,8,otc alterations permit,2007-01-03T00:00:00.000,3649,16,291,Chattanooga,St,"revision to app #200609132191 to rebuild rear stairs in kind to add additonal concrete side walk adjacent to deck for access, provide new electrical light fixture below deck surface at soffit, repair dry rot at extg sliding glass door extg to deck, replace extg sliding glass door, provide",issued,2007-01-03T00:00:00.000,2007-01-03T00:00:00.000,2007-01-03T00:00:00.000,2007-05-03T00:00:00.000Z,1500,1500,2 family dwelling,2 family dwelling,2,8,Noe Valley,94114,"{'latitude': '37.752079881120096', 'longitude': '-122.42604804283071', 'human_address': '{""address"": """", ""city"": """", ""state"": """", ""zip"": """"}'}",1.08E+12,,3,3,2,2,5,wood frame (5),5,wood frame (5),,,,,,
5ea20779c2aeecdcc61c5963,M52582,8,otc alterations permit,2007-01-03T00:00:00.000,6616,14,36,Valley,St,street space & sidewalk,issued,2007-01-03T00:00:00.000,2007-01-03T00:00:00.000,2007-01-03T00:00:00.000,,,0,,,,8,Noe Valley,94110,"{'latitude': '37.74496395502768', 'longitude': '-122.42310235545759', 'human_address': '{""address"": """", ""city"": """", ""state"": """", ""zip"": """"}'}",1.08E+12,,,,,,,,,,,,,,,
5ea20779c2aeecdcc61c5964,M52583,8,otc alterations permit,2007-01-03T00:00:00.000,1271,25,900,Cole,St,street space & sidewalk,issued,2007-01-03T00:00:00.000,2007-01-03T00:00:00.000,2007-01-03T00:00:00.000,,,0,,,,5,Haight Ashbury,94117,"{'latitude': '37.76557939843032', 'longitude': '-122.4496953623936', 'human_address': '{""address"": """", ""city"": """", ""state"": """", ""zip"": """"}'}",1.08E+11,,,,,,,,,,,,,,,
5ea20779c2aeecdcc61c5965,2.01E+11,8,otc alterations permit,2007-01-03T00:00:00.000,233,44,4,Embarcadero Center,,"revised oti-1, 32nd floor. revision to pa# 2006/12/04/9038. delete scope of work.",complete,2007-01-30T00:00:00.000,2007-01-03T00:00:00.000,2007-01-03T00:00:00.000,2007-05-03T00:00:00.000Z,100,100,office,office,2,3,Financial District/South Beach,94111,"{'latitude': '37.79506002552974', 'longitude': '-122.39593224461805', 'human_address': '{""address"": """", ""city"": """", ""state"": """", ""zip"": """"}'}",1.08E+11,,40,40,0,0,1,constr type 1,1,constr type 1,2007-01-30T00:00:00.000,,,,,
5ea20779c2aeecdcc61c5966,M52584,8,otc alterations permit,2007-01-03T00:00:00.000,2069,11,2533,Noriega,St,street space & sidewalk,issued,2007-01-03T00:00:00.000,2007-01-03T00:00:00.000,2007-01-03T00:00:00.000,,,0,,,,4,Sunset/Parkside,94122,"{'latitude': '37.753397612480235', 'longitude': '-122.49083490810457', 'human_address': '{""address"": """", ""city"": """", ""state"": """", ""zip"": """"}'}",1.08E+12,,,,,,,,,,,,,,,
5ea20779c2aeecdcc61c5967,2.01E+11,8,otc alterations permit,2007-01-03T00:00:00.000,6083,23,4681,Mission,St,"remove (e) partitions, add one handicap bathrooms",complete,2007-04-18T00:00:00.000,2007-01-03T00:00:00.000,2007-01-03T00:00:00.000,2007-07-03T00:00:00.000Z,14000,20000,office,office,2,11,Excelsior,94112,"{'latitude': '37.723347549635', 'longitude': '-122.4354753519899', 'human_address': '{""address"": """", ""city"": """", ""state"": """", ""zip"": """"}'}",1.08E+12,,1,1,0,0,5,wood frame (5),5,wood frame (5),2007-04-18T00:00:00.000,,,,,
5ea20779c2aeecdcc61c5968,2.01E+11,8,otc alterations permit,2007-01-03T00:00:00.000,233,44,4,Embarcadero Center,,electrical & mechanical work on 36th floor for pa# 2006/11/22/8404.,complete,2007-02-09T00:00:00.000,2007-01-03T00:00:00.000,2007-01-03T00:00:00.000,2007-07-03T00:00:00.000Z,8000,8000,office,office,2,3,Financial District/South Beach,94111,"{'latitude': '37.79506002552974', 'longitude': '-122.39593224461805', 'human_address': '{""address"": """", ""city"": """", ""state"": """", ""zip"": """"}'}",1.08E+11,,40,40,0,0,1,constr type 1,1,constr type 1,2007-02-09T00:00:00.000,,,,,
5ea20779c2aeecdcc61c5969,M52586,8,otc alterations permit,2007-01-03T00:00:00.000,657,24,2458,Bush,St,sidewalk repair,issued,2007-01-03T00:00:00.000,2007-01-03T00:00:00.000,2007-01-03T00:00:00.000,,,0,,,,5,Pacific Heights,94115,"{'latitude': '37.786683732140546', 'longitude': '-122.43781532239619', 'human_address': '{""address"": """", ""city"": """", ""state"": """", ""zip"": """"}'}",1.08E+11,,,,,,,,,,,,,,,
5ea20779c2aeecdcc61c596a,M52587,8,otc alterations permit,2007-01-03T00:00:00.000,3558,32,231,Sanchez,St,sidewalk repair,issued,2007-01-03T00:00:00.000,2007-01-03T00:00:00.000,2007-01-03T00:00:00.000,,,0,,,,8,Castro/Upper Market,94114,"{'latitude': '37.76531838656072', 'longitude': '-122.43061106912894', 'human_address': '{""address"": """", ""city"": """", ""state"": """", ""zip"": """"}'}",1.08E+12,,,,,,,,,,,,,,,
5ea20779c2aeecdcc61c596b,M52587,8,otc alterations permit,2007-01-03T00:00:00.000,3558,32,233,Sanchez,St,sidewalk repair,issued,2007-01-03T00:00:00.000,2007-01-03T00:00:00.000,2007-01-03T00:00:00.000,,,0,,,,8,Castro/Upper Market,94114,"{'latitude': '37.76531838656072', 'longitude': '-122.43061106912894', 'human_address': '{""address"": """", ""city"": """", ""state"": """", ""zip"": """"}'}",1.08E+12,,,,,,,,,,,,,,,
5ea20779c2aeecdcc61c596c,M52588,8,otc alterations permit,2007-01-03T00:00:00.000,657,011D,2454,Bush,St,sidewalk repair,issued,2007-01-03T00:00:00.000,2007-01-03T00:00:00.000,2007-01-03T00:00:00.000,,,0,,,,5,Pacific Heights,94115,"{'latitude': '37.78691742789319', 'longitude': '-122.43779869602983', 'human_address': '{""address"": """", ""city"": """", ""state"": """", ""zip"": """"}'}",1.08E+11,,,,,,,,,,,,,,,
5ea20779c2aeecdcc61c596d,2.01E+11,8,otc alterations permit,2007-01-03T00:00:00.000,163,12,592,Pacific,Av,provide accessibilty for first floor by installations new ada bathroom on 1st floor for umb buildings,complete,2007-05-02T00:00:00.000,2007-01-03T00:00:00.000,2007-01-03T00:00:00.000,2007-07-03T00:00:00.000Z,8000,8000,office,office,2,3,North Beach,94133,"{'latitude': '37.797232670953534', 'longitude': '-122.4051544012308', 'human_address': '{""address"": """", ""city"": """", ""state"": """", ""zip"": """"}'}",1.08E+11,,2,2,0,0,3,constr type 3,3,constr type 3,2007-05-02T00:00:00.000,,,,,
5ea20779c2aeecdcc61c596e,2.01E+11,8,otc alterations permit,2007-01-03T00:00:00.000,163,12,596,Pacific,Av,provide accessibilty for first floor by installations new ada bathroom on 1st floor for umb buildings,complete,2007-05-02T00:00:00.000,2007-01-03T00:00:00.000,2007-01-03T00:00:00.000,2007-07-03T00:00:00.000Z,8000,8000,office,office,2,3,North Beach,94133,"{'latitude': '37.797232670953534', 'longitude': '-122.4051544012308', 'human_address': '{""address"": """", ""city"": """", ""state"": """", ""zip"": """"}'}",1.08E+12,,2,2,0,0,3,constr type 3,3,constr type 3,2007-05-02T00:00:00.000,,,,,
5ea20779c2aeecdcc61c596f,2.01E+11,8,otc alterations permit,2007-01-03T00:00:00.000,955,23,2775,Green,St,"new stucco on rear elevation. replace (e) stucco, new paper & lathe, approx 850 sq. ft. (not visible from street).",complete,2007-09-20T00:00:00.000,2007-01-03T00:00:00.000,2007-01-03T00:00:00.000,2007-07-03T00:00:00.000Z,16000,16000,1 family dwelling,1 family dwelling,0,2,Pacific Heights,94123,"{'latitude': '37.79468232336658', 'longitude': '-122.44465200431452', 'human_address': '{""address"": """", ""city"": """", ""state"": """", ""zip"": """"}'}",1.08E+11,,4,4,1,1,5,wood frame (5),5,wood frame (5),2007-09-20T00:00:00.000,,,,,
5ea20779c2aeecdcc61c5970,2.01E+11,8,otc alterations permit,2007-01-03T00:00:00.000,4100,030B,501,Connecticut,St,"demo permit for street level retail tenant improvement. no changes to envelope,no change to occupancy no structural work until this permit. see app#200612119615 for all proposed work.",issued,2007-01-03T00:00:00.000,2007-01-03T00:00:00.000,2007-01-03T00:00:00.000,2007-05-03T00:00:00.000Z,1000,1000,food/beverage hndlng,food/beverage hndlng,2,10,Potrero Hill,94107,"{'latitude': '37.75984798080597', 'longitude': '-122.39696923437235', 'human_address': '{""address"": """", ""city"": """", ""state"": """", ""zip"": """"}'}",1.08E+12,,1,1,0,0,5,wood frame (5),5,wood frame (5),,,,,,
5ea20779c2aeecdcc61c5971,2.01E+11,8,otc alterations permit,2007-01-03T00:00:00.000,955,23,2775,Green,St,renew pa# 2006/07/24/7412 & pa# 2005/11/02/7228 for final inspection only.,complete,2007-09-20T00:00:00.000,2007-01-03T00:00:00.000,2007-01-03T00:00:00.000,2007-05-03T00:00:00.000Z,1,1,1 family dwelling,1 family dwelling,0,2,Pacific Heights,94123,"{'latitude': '37.79468232336658', 'longitude': '-122.44465200431452', 'human_address': '{""address"": """", ""city"": """", ""state"": """", ""zip"": """"}'}",1.08E+11,,4,4,1,1,5,wood frame (5),5,wood frame (5),2007-09-20T00:00:00.000,,,,,
5ea20779c2aeecdcc61c5972,2.01E+11,8,otc alterations permit,2007-01-03T00:00:00.000,2435,36,2599,34th,Av,reroofing,issued,2007-01-03T00:00:00.000,2007-01-03T00:00:00.000,2007-01-03T00:00:00.000,2007-07-03T00:00:00.000Z,15300,15300,apartments,apartments,0,4,Sunset/Parkside,94116,"{'latitude': '37.738821380820404', 'longitude': '-122.49168826545507', 'human_address': '{""address"": """", ""city"": """", ""state"": """", ""zip"": """"}'}",1.08E+12,,,,,,,,,,,,,,,
5ea20779c2aeecdcc61c5973,M52602,8,otc alterations permit,2007-01-03T00:00:00.000,6528,38,2985,Mission,St,sidewalk permit only.,issued,2007-01-03T00:00:00.000,2007-01-03T00:00:00.000,2007-01-03T00:00:00.000,,,0,,,,9,Mission,94110,"{'latitude': '37.74941444045446', 'longitude': '-122.41782767998272', 'human_address': '{""address"": """", ""city"": """", ""state"": """", ""zip"": """"}'}",1.08E+12,,,,,,,,,,,,,,,
5ea20779c2aeecdcc61c5974,M52602,8,otc alterations permit,2007-01-03T00:00:00.000,6528,38,2989,Mission,St,sidewalk permit only.,issued,2007-01-03T00:00:00.000,2007-01-03T00:00:00.000,2007-01-03T00:00:00.000,,,0,,,,9,Mission,94110,"{'latitude': '37.74941444045446', 'longitude': '-122.41782767998272', 'human_address': '{""address"": """", ""city"": """", ""state"": """", ""zip"": """"}'}",1.08E+12,,,,,,,,,,,,,,,
5ea20779c2aeecdcc61c5975,2.01E+11,8,otc alterations permit,2007-01-03T00:00:00.000,1334,015B,184,25th,Av,reroofing,issued,2007-01-03T00:00:00.000,2007-01-03T00:00:00.000,2007-01-03T00:00:00.000,2007-07-03T00:00:00.000Z,13750,13750,1 family dwelling,1 family dwelling,0,2,Seacliff,94121,"{'latitude': '37.78609446841356', 'longitude': '-122.48494559599249', 'human_address': '{""address"": """", ""city"": """", ""state"": """", ""zip"": """"}'}",1.08E+11,,,,,,,,,,,,,,,
5ea20779c2aeecdcc61c5976,2.01E+11,8,otc alterations permit,2007-01-03T00:00:00.000,3604,95,713,Noe,St,bathroom remodel new fixtures at finishes. no new floor area or moved walls,complete,2007-04-09T00:00:00.000,2007-01-03T00:00:00.000,2007-01-03T00:00:00.000,2008-01-03T00:00:00.000Z,30000,30000,1 family dwelling,1 family dwelling,2,8,Castro/Upper Market,94114,"{'latitude': '37.757479735945005', 'longitude': '-122.43210957256163', 'human_address': '{""address"": """", ""city"": """", ""state"": """", ""zip"": """"}'}",1.08E+12,713,3,3,2,2,5,wood frame (5),5,wood frame (5),2007-04-09T00:00:00.000,,,,,
5ea20779c2aeecdcc61c5977,2.01E+11,3,additions alterations or repairs,2007-01-03T00:00:00.000,296,13,575,Sutter,St,2/fl - build out 4 new vacant tenant suites on 2/fl fr (e) building shell space & construct 1-hr rated corrider. construct new offices within each suite. install plumbing hookups within suites for future restroom buildouts. new finishes throughout.mech under separate permit.complaint #200679767.,complete,2008-02-07T00:00:00.000,2007-01-03T00:00:00.000,2007-08-29T00:00:00.000,2008-08-29T00:00:00.000Z,280000,280000,office,office,2,3,Nob Hill,94102,"{'latitude': '37.788796048444254', 'longitude': '-122.40971046192098', 'human_address': '{""address"": """", ""city"": """", ""state"": """", ""zip"": """"}'}",1.08E+11,,3,3,0,0,3,constr type 3,3,constr type 3,2008-02-07T00:00:00.000,,,,,
5ea20779c2aeecdcc61c5978,M52603,8,otc alterations permit,2007-01-03T00:00:00.000,3590,25,2271,Mission,St,sidewalk permit only.,issued,2007-01-03T00:00:00.000,2007-01-03T00:00:00.000,2007-01-03T00:00:00.000,,,0,,,,9,Mission,94110,"{'latitude': '37.76071403026909', 'longitude': '-122.41889626874202', 'human_address': '{""address"": """", ""city"": """", ""state"": """", ""zip"": """"}'}",1.08E+12,,,,,,,,,,,,,,,
5ea20779c2aeecdcc61c5979,M52603,8,otc alterations permit,2007-01-03T00:00:00.000,3590,25,2275,Mission,St,sidewalk permit only.,issued,2007-01-03T00:00:00.000,2007-01-03T00:00:00.000,2007-01-03T00:00:00.000,,,0,,,,9,Mission,94110,"{'latitude': '37.76071403026909', 'longitude': '-122.41889626874202', 'human_address': '{""address"": """", ""city"": """", ""state"": """", ""zip"": """"}'}",1.08E+12,,,,,,,,,,,,,,,
5ea20779c2aeecdcc61c597a,2.01E+11,3,additions alterations or repairs,2007-01-03T00:00:00.000,3787,18,244,Townsend,St,"revision to pa# 2004/10/26/7745. complete (e) facade to match (e) surrounding finishing. structural alteration to entry ways, add new shear wall. add new storefront windows & doors. add cap to open chase to roof.",expired,2007-10-19T00:00:00.000,2007-01-03T00:00:00.000,2007-02-28T00:00:00.000,2008-02-29T00:00:00.000Z,248000,14000,office,office,2,6,South of Market,94107,"{'latitude': '37.778265006252326', 'longitude': '-122.39388190504624', 'human_address': '{""address"": """", ""city"": """", ""state"": """", ""zip"": """"}'}",1.08E+12,,1,1,0,0,5,wood frame (5),5,wood frame (5),,,,,,
5ea20779c2aeecdcc61c597b,2.01E+11,8,otc alterations permit,2007-01-03T00:00:00.000,53,4,428,Chestnut,St,reroofing,issued,2007-01-03T00:00:00.000,2007-01-03T00:00:00.000,2007-01-03T00:00:00.000,2007-07-03T00:00:00.000Z,14450,14450,apartments,apartments,0,3,North Beach,94133,"{'latitude': '37.80438862049285', 'longitude': '-122.41047680987249', 'human_address': '{""address"": """", ""city"": """", ""state"": """", ""zip"": """"}'}",1.08E+12,,,,,,,,,,,,,,,
5ea20779c2aeecdcc61c597c,2.01E+11,8,otc alterations permit,2007-01-03T00:00:00.000,53,4,430,Chestnut,St,reroofing,issued,2007-01-03T00:00:00.000,2007-01-03T00:00:00.000,2007-01-03T00:00:00.000,2007-07-03T00:00:00.000Z,14450,14450,apartments,apartments,0,3,North Beach,94133,"{'latitude': '37.80438862049285', 'longitude': '-122.41047680987249', 'human_address': '{""address"": """", ""city"": """", ""state"": """", ""zip"": """"}'}",1.08E+12,,,,,,,,,,,,,,,
5ea20779c2aeecdcc61c597d,2.01E+11,8,otc alterations permit,2007-01-03T00:00:00.000,53,4,432,Chestnut,St,reroofing,issued,2007-01-03T00:00:00.000,2007-01-03T00:00:00.000,2007-01-03T00:00:00.000,2007-07-03T00:00:00.000Z,14450,14450,apartments,apartments,0,3,North Beach,94133,"{'latitude': '37.80438862049285', 'longitude': '-122.41047680987249', 'human_address': '{""address"": """", ""city"": """", ""state"": """", ""zip"": """"}'}",1.08E+12,,,,,,,,,,,,,,,
5ea20779c2aeecdcc61c597e,2.01E+11,8,otc alterations permit,2007-01-03T00:00:00.000,7094,12,74,Lobos,St,revision for excavation at 72 lobos st property line. install new 3x lagging/shoring. comply with correction notice issued on 10/24/06,complete,2009-08-28T00:00:00.000,2007-01-03T00:00:00.000,2007-01-03T00:00:00.000,2007-07-03T00:00:00.000Z,6000,6000,1 family dwelling,1 family dwelling,2,11,Oceanview/Merced/Ingleside,94112,"{'latitude': '37.71518707240587', 'longitude': '-122.45515059451459', 'human_address': '{""address"": """", ""city"": """", ""state"": """", ""zip"": """"}'}",1.08E+12,,1,1,1,1,5,wood frame (5),5,wood frame (5),2009-08-28T00:00:00.000,,,,,
5ea20779c2aeecdcc61c597f,M52622,8,otc alterations permit,2007-01-03T00:00:00.000,1887,16,1594,42nd,Av,street space permit,issued,2007-01-03T00:00:00.000,2007-01-03T00:00:00.000,2007-01-03T00:00:00.000,,,0,,,,4,Sunset/Parkside,94122,"{'latitude': '37.75703769280017', 'longitude': '-122.50114266143139', 'human_address': '{""address"": """", ""city"": """", ""state"": """", ""zip"": """"}'}",1.08E+12,,,,,,,,,,,,,,,
5ea20779c2aeecdcc61c5980,2.01E+11,8,otc alterations permit,2007-01-03T00:00:00.000,701,4,1581,Webster,St,as builts requested by fire inspector relocated 3 heads for new hallway & ceiling heads done by others,complete,2007-02-05T00:00:00.000,2007-01-03T00:00:00.000,2007-01-03T00:00:00.000,2007-05-03T00:00:00.000Z,2400,2400,office,office,2,,,,,1.08E+12,,1,1,0,0,3,constr type 3,3,constr type 3,2007-02-05T00:00:00.000,,,,,
5ea20779c2aeecdcc61c5981,2.01E+11,8,otc alterations permit,2007-01-03T00:00:00.000,7056,32,111,Thrift,St,legalize rooms on garage level. to comply w/ & correct to violation #200683876,complete,2007-06-14T00:00:00.000,2007-01-03T00:00:00.000,2007-01-03T00:00:00.000,2007-07-03T00:00:00.000Z,25000,25000,1 family dwelling,1 family dwelling,2,11,Oceanview/Merced/Ingleside,94112,"{'latitude': '37.71722251026894', 'longitude': '-122.45658683716051', 'human_address': '{""address"": """", ""city"": """", ""state"": """", ""zip"": """"}'}",1.08E+12,,2,2,1,1,5,wood frame (5),5,wood frame (5),2007-06-14T00:00:00.000,,,,,
5ea20779c2aeecdcc61c5982,M52623,8,otc alterations permit,2007-01-03T00:00:00.000,1637,25,650,08th,Av,street space permit,issued,2007-01-03T00:00:00.000,2007-01-03T00:00:00.000,2007-01-03T00:00:00.000,,,0,,,,1,Inner Richmond,94118,"{'latitude': '37.77618136554926', 'longitude': '-122.46575531780914', 'human_address': '{""address"": """", ""city"": """", ""state"": """", ""zip"": """"}'}",1.08E+12,,,,,,,,,,,,,,,
5ea20779c2aeecdcc61c5983,2.01E+11,8,otc alterations permit,2007-01-03T00:00:00.000,7094,32,72,Lobos,St,install  new 3x lagging/shoring at 74 lobos st underpin extg bldg foundation approx 10 linear feet at 72 lobos st. reffer to revision to approved appl. #200508039381,complete,2009-08-28T00:00:00.000,2007-01-03T00:00:00.000,2007-01-03T00:00:00.000,2007-05-03T00:00:00.000Z,500,500,1 family dwelling,1 family dwelling,2,11,Oceanview/Merced/Ingleside,94112,"{'latitude': '37.71518759850341', 'longitude': '-122.45506416784788', 'human_address': '{""address"": """", ""city"": """", ""state"": """", ""zip"": """"}'}",1.08E+12,,2,2,1,1,5,wood frame (5),5,wood frame (5),2009-08-28T00:00:00.000,,,,,
5ea20779c2aeecdcc61c5984,2.01E+11,3,additions alterations or repairs,2007-01-03T00:00:00.000,230,28,1,Embarcadero Center,,"17th floor only - reinforcement of floor slab to support new files, 17th fl, structural oti-1 #200609273477. no increase in office space.",expired,2009-02-10T00:00:00.000,2007-01-03T00:00:00.000,2007-01-17T00:00:00.000,2007-07-17T00:00:00.000Z,10000,10000,office,office,2,3,Financial District/South Beach,94111,"{'latitude': '37.79464865862657', 'longitude': '-122.39964659799554', 'human_address': '{""address"": """", ""city"": """", ""state"": """", ""zip"": """"}'}",1.08E+11,,46,46,0,0,1,constr type 1,1,constr type 1,,,,,,
5ea20779c2aeecdcc61c5985,M52624,8,otc alterations permit,2007-01-03T00:00:00.000,765,3,350,Mcallister,St,street space permit,issued,2007-01-03T00:00:00.000,2007-01-03T00:00:00.000,2007-01-03T00:00:00.000,,,0,,,,6,Tenderloin,94102,"{'latitude': '37.781041578523926', 'longitude': '-122.41791138747561', 'human_address': '{""address"": """", ""city"": """", ""state"": """", ""zip"": """"}'}",1.08E+11,,,,,,,,,,,,,,,
5ea20779c2aeecdcc61c5986,2.01E+11,8,otc alterations permit,2007-01-03T00:00:00.000,6020,40,647,Brazil,Av,renewal of permit #78900 to convert into living quarter. remove limited commercial use (abandoned more than 20 years). current use of property-residential only. no new construction & no change in structure needed.,complete,2007-03-30T00:00:00.000,2007-01-03T00:00:00.000,2007-01-03T00:00:00.000,2007-05-03T00:00:00.000Z,1,1,office,1 family dwelling,2,11,Excelsior,94112,"{'latitude': '37.72221093094206', 'longitude': '-122.42932778349939', 'human_address': '{""address"": """", ""city"": """", ""state"": """", ""zip"": """"}'}",1.08E+12,,1,1,1,1,5,wood frame (5),5,wood frame (5),2007-03-30T00:00:00.000,,,,,
5ea20779c2aeecdcc61c5987,2.01E+11,8,otc alterations permit,2007-01-03T00:00:00.000,952,14,2574,Green,St,"renew pa# 200508099857, 200502085088 & 200507288917",expired,2008-02-05T00:00:00.000,2007-01-03T00:00:00.000,2007-01-03T00:00:00.000,2007-05-03T00:00:00.000Z,1,1,1 family dwelling,1 family dwelling,0,2,Marina,94123,"{'latitude': '37.795668444856915', 'longitude': '-122.4414161181534', 'human_address': '{""address"": """", ""city"": """", ""state"": """", ""zip"": """"}'}",1.08E+11,,4,4,1,1,5,wood frame (5),5,wood frame (5),,,,,,
5ea20779c2aeecdcc61c5988,2.01E+11,8,otc alterations permit,2007-01-03T00:00:00.000,918,004A,3460,Baker,St,"renew pa# 200603166829, 200603235250.",complete,2007-01-04T00:00:00.000,2007-01-03T00:00:00.000,2007-01-03T00:00:00.000,2007-05-03T00:00:00.000Z,1,1,1 family dwelling,1 family dwelling,0,2,Marina,94123,"{'latitude': '37.80315450886029', 'longitude': '-122.44662995016387', 'human_address': '{""address"": """", ""city"": """", ""state"": """", ""zip"": """"}'}",1.08E+11,,4,4,1,1,5,wood frame (5),5,wood frame (5),2007-01-04T00:00:00.000,,,,,
5ea20779c2aeecdcc61c5989,2.01E+11,8,otc alterations permit,2007-01-03T00:00:00.000,3602,33,241,Hartford,St,"replace some dryrotted studs (@5-8) at the rear wall of 1st floor, in kind revision to 200512160557",expired,2008-07-08T00:00:00.000,2007-01-03T00:00:00.000,2007-01-03T00:00:00.000,2007-05-03T00:00:00.000Z,200,200,2 family dwelling,2 family dwelling,0,8,Castro/Upper Market,94114,"{'latitude': '37.7587107388066', 'longitude': '-122.4333620117638', 'human_address': '{""address"": """", ""city"": """", ""state"": """", ""zip"": """"}'}",1.08E+12,,2,2,2,2,5,wood frame (5),5,wood frame (5),,,,,,
5ea20779c2aeecdcc61c598a,2.01E+11,8,otc alterations permit,2007-01-03T00:00:00.000,262,13,255,California,St,relocate 6 fire sprinklers on the 4th floor only,complete,2007-06-14T00:00:00.000,2007-01-03T00:00:00.000,2007-01-03T00:00:00.000,2007-05-03T00:00:00.000Z,2400,2400,office,office,2,3,Financial District/South Beach,94111,"{'latitude': '37.792962974036634', 'longitude': '-122.39950975756949', 'human_address': '{""address"": """", ""city"": """", ""state"": """", ""zip"": """"}'}",1.08E+11,,15,15,0,0,1,constr type 1,1,constr type 1,2007-06-14T00:00:00.000,,,,,
5ea20779c2aeecdcc61c598b,2.01E+11,8,otc alterations permit,2007-01-03T00:00:00.000,3602,33,241,Hartford,St,renew application 3200512160557,expired,2008-07-08T00:00:00.000,2007-01-03T00:00:00.000,2007-01-03T00:00:00.000,2007-05-03T00:00:00.000Z,500,1,2 family dwelling,2 family dwelling,0,8,Castro/Upper Market,94114,"{'latitude': '37.7587107388066', 'longitude': '-122.4333620117638', 'human_address': '{""address"": """", ""city"": """", ""state"": """", ""zip"": """"}'}",1.08E+12,,2,2,2,2,5,wood frame (5),5,wood frame (5),,,,,,
5ea20779c2aeecdcc61c598c,2.01E+11,8,otc alterations permit,2007-01-03T00:00:00.000,262,13,255,California,St,relocate 8 and plug 2 on the 4th floor only,complete,2007-06-06T00:00:00.000,2007-01-03T00:00:00.000,2007-01-03T00:00:00.000,2007-05-03T00:00:00.000Z,3200,3200,office,office,2,3,Financial District/South Beach,94111,"{'latitude': '37.792962974036634', 'longitude': '-122.39950975756949', 'human_address': '{""address"": """", ""city"": """", ""state"": """", ""zip"": """"}'}",1.08E+11,,15,15,0,0,1,constr type 1,1,constr type 1,2007-06-06T00:00:00.000,,,,,
5ea20779c2aeecdcc61c598d,2.01E+11,8,otc alterations permit,2007-01-03T00:00:00.000,2323,12,2279,26th,Av,"replace 19 windows size for size, visable from st, front window wil be replace w/wood windows.",complete,2007-05-09T00:00:00.000,2007-01-03T00:00:00.000,2007-01-03T00:00:00.000,2007-07-03T00:00:00.000Z,17800,17800,1 family dwelling,1 family dwelling,0,4,Sunset/Parkside,94116,"{'latitude': '37.744990616357015', 'longitude': '-122.48368064621246', 'human_address': '{""address"": """", ""city"": """", ""state"": """", ""zip"": """"}'}",1.08E+12,,2,2,1,1,5,wood frame (5),5,wood frame (5),2007-05-09T00:00:00.000,,,,,
5ea20779c2aeecdcc61c598e,M52642,8,otc alterations permit,2007-01-03T00:00:00.000,3610,19,2485,Mission,St,sidewalk permit,issued,2007-01-03T00:00:00.000,2007-01-03T00:00:00.000,2007-01-03T00:00:00.000,,,0,,,,9,Mission,94110,"{'latitude': '37.75725843351711', 'longitude': '-122.41860450913026', 'human_address': '{""address"": """", ""city"": """", ""state"": """", ""zip"": """"}'}",1.08E+12,,,,,,,,,,,,,,,
5ea20779c2aeecdcc61c598f,M52642,8,otc alterations permit,2007-01-03T00:00:00.000,3610,19,2491,Mission,St,sidewalk permit,issued,2007-01-03T00:00:00.000,2007-01-03T00:00:00.000,2007-01-03T00:00:00.000,,,0,,,,9,Mission,94110,"{'latitude': '37.75725843351711', 'longitude': '-122.41860450913026', 'human_address': '{""address"": """", ""city"": """", ""state"": """", ""zip"": """"}'}",1.08E+12,,,,,,,,,,,,,,,
5ea20779c2aeecdcc61c5990,2.01E+11,8,otc alterations permit,2007-01-03T00:00:00.000,2404,16,2487,21st,Av,"replace 3 windows & 2 patio doors, size to size.",complete,2007-02-08T00:00:00.000,2007-01-03T00:00:00.000,2007-01-03T00:00:00.000,2007-07-03T00:00:00.000Z,9659,9659,1 family dwelling,1 family dwelling,0,4,Sunset/Parkside,94116,"{'latitude': '37.74141262807023', 'longitude': '-122.47805511314857', 'human_address': '{""address"": """", ""city"": """", ""state"": """", ""zip"": """"}'}",1.08E+12,,2,2,1,1,5,wood frame (5),5,wood frame (5),2007-02-08T00:00:00.000,,,,,
5ea20779c2aeecdcc61c5991,2.01E+11,8,otc alterations permit,2007-01-03T00:00:00.000,6603,17,440,28th,St,revision to pa# 2006/05/18/1956 permitted 5 windows. onlly replacing 3 windows. for records only.,expired,2007-08-21T00:00:00.000,2007-01-03T00:00:00.000,2007-01-03T00:00:00.000,2007-05-03T00:00:00.000Z,1,1,1 family dwelling,1 family dwelling,0,8,Noe Valley,94131,"{'latitude': '37.74520670696469', 'longitude': '-122.43238621334818', 'human_address': '{""address"": """", ""city"": """", ""state"": """", ""zip"": """"}'}",1.08E+12,,2,2,1,1,5,wood frame (5),5,wood frame (5),,,,,,
5ea20779c2aeecdcc61c5992,M52662,8,otc alterations permit,2007-01-03T00:00:00.000,2614,46,267,Roosevelt,Wy,street space permit,issued,2007-01-03T00:00:00.000,2007-01-03T00:00:00.000,2007-01-03T00:00:00.000,,,0,,,,8,Castro/Upper Market,94114,"{'latitude': '37.765577455029344', 'longitude': '-122.44038986925105', 'human_address': '{""address"": """", ""city"": """", ""state"": """", ""zip"": """"}'}",1.08E+12,,,,,,,,,,,,,,,
5ea20779c2aeecdcc61c5993,2.01E+11,8,otc alterations permit,2007-01-03T00:00:00.000,3651,32,139,Vicksburg,St,"replace rear stairway & deck platforms (2nd means of egress) ""in-kind"". no other structural improvements.",complete,2008-01-28T00:00:00.000,2007-01-03T00:00:00.000,2007-01-03T00:00:00.000,2007-07-03T00:00:00.000Z,10000,10000,apartments,apartments,2,8,Noe Valley,94114,"{'latitude': '37.752677456109964', 'longitude': '-122.42833542441876', 'human_address': '{""address"": """", ""city"": """", ""state"": """", ""zip"": """"}'}",1.08E+12,,3,3,6,6,5,wood frame (5),5,wood frame (5),2008-01-28T00:00:00.000,,,,,
5ea20779c2aeecdcc61c5994,2.01E+11,8,otc alterations permit,2007-01-03T00:00:00.000,3651,32,147,Vicksburg,St,"replace rear stairway & deck platforms (2nd means of egress) ""in-kind"". no other structural improvements.",complete,2008-01-28T00:00:00.000,2007-01-03T00:00:00.000,2007-01-03T00:00:00.000,2007-07-03T00:00:00.000Z,10000,10000,apartments,apartments,2,8,Noe Valley,94114,"{'latitude': '37.752677456109964', 'longitude': '-122.42833542441876', 'human_address': '{""address"": """", ""city"": """", ""state"": """", ""zip"": """"}'}",1.08E+12,,3,3,6,6,5,wood frame (5),5,wood frame (5),2008-01-28T00:00:00.000,,,,,
5ea20779c2aeecdcc61c5995,M52664,8,otc alterations permit,2007-01-03T00:00:00.000,163,5,909,Montgomery,St,street space permit,issued,2007-01-03T00:00:00.000,2007-01-03T00:00:00.000,2007-01-03T00:00:00.000,,,0,,,,3,North Beach,94133,"{'latitude': '37.797509439407904', 'longitude': '-122.40406962115884', 'human_address': '{""address"": """", ""city"": """", ""state"": """", ""zip"": """"}'}",1.08E+11,,,,,,,,,,,,,,,
5ea20779c2aeecdcc61c5996,2.01E+11,8,otc alterations permit,2007-01-03T00:00:00.000,2702,8,4748,19th,St,"remove & replace existing deck with new smaller deck 2 esterior doors at east wall, 7 windows. windows & doors same size & locatiuon. windows facing street.",complete,2007-03-22T00:00:00.000,2007-01-03T00:00:00.000,2007-01-03T00:00:00.000,2008-01-03T00:00:00.000Z,35000,35000,1 family dwelling,1 family dwelling,2,8,Castro/Upper Market,94114,"{'latitude': '37.75900729961362', 'longitude': '-122.4428161888663', 'human_address': '{""address"": """", ""city"": """", ""state"": """", ""zip"": """"}'}",1.08E+12,,1,1,1,1,5,wood frame (5),5,wood frame (5),2007-03-22T00:00:00.000,Y,,,,
5ea20779c2aeecdcc61c5997,M52665,8,otc alterations permit,2007-01-03T00:00:00.000,3501,2,30,Guerrero,St,street space permit,issued,2007-01-03T00:00:00.000,2007-01-03T00:00:00.000,2007-01-03T00:00:00.000,,,0,,,,8,Mission,94103,"{'latitude': '37.770149558214804', 'longitude': '-122.4249916224382', 'human_address': '{""address"": """", ""city"": """", ""state"": """", ""zip"": """"}'}",1.08E+12,,,,,,,,,,,,,,,
5ea20779c2aeecdcc61c5998,2.01E+11,8,otc alterations permit,2007-01-03T00:00:00.000,492,26,1901,Chestnut,St,unit 7 - remove & replace 350 sq ft of drywall and insulation 350 sq ft paint. nov 200674773.,complete,2007-01-26T00:00:00.000,2007-01-03T00:00:00.000,2007-01-03T00:00:00.000,2007-05-03T00:00:00.000Z,2500,2500,apartments,apartments,0,2,Marina,94123,"{'latitude': '37.80082760475481', 'longitude': '-122.43479954972616', 'human_address': '{""address"": """", ""city"": """", ""state"": """", ""zip"": """"}'}",1.08E+12,,3,3,12,12,5,wood frame (5),5,wood frame (5),2007-01-26T00:00:00.000,,,,,
5ea20779c2aeecdcc61c5999,2.01E+11,8,otc alterations permit,2007-01-03T00:00:00.000,6971A,40,96,Seminole,Av,reroofing,complete,2007-01-17T00:00:00.000,2007-01-03T00:00:00.000,2007-01-03T00:00:00.000,2007-07-03T00:00:00.000Z,8000,8000,1 family dwelling,1 family dwelling,0,11,Outer Mission,94112,"{'latitude': '37.71959516366661', 'longitude': '-122.44524636238908', 'human_address': '{""address"": """", ""city"": """", ""state"": """", ""zip"": """"}'}",1.08E+12,,2,2,1,1,5,wood frame (5),5,wood frame (5),2007-01-17T00:00:00.000,,,,,
5ea20779c2aeecdcc61c599a,2.01E+11,8,otc alterations permit,2007-01-03T00:00:00.000,233,44,4,Embarcadero Center,,"oti-1, night hawk, 37th/fl -el,me.ls, sp.",complete,2007-05-23T00:00:00.000,2007-01-03T00:00:00.000,2007-01-03T00:00:00.000,2008-01-03T00:00:00.000Z,170000,170000,office,office,2,3,Financial District/South Beach,94111,"{'latitude': '37.79506002552974', 'longitude': '-122.39593224461805', 'human_address': '{""address"": """", ""city"": """", ""state"": """", ""zip"": """"}'}",1.08E+11,,44,44,0,0,1,constr type 1,1,constr type 1,2007-05-23T00:00:00.000,,,,,
5ea20779c2aeecdcc61c599b,2.01E+11,8,otc alterations permit,2007-01-03T00:00:00.000,3544,28,31,Landers,St,"enclose extg property line wndw to comply with nov 2006  at north side wall at 1st floor approx 2'5"" by 2'5"" with 1 hr wall construction min 2x4 wall studs with 5/8 type x on each side minim.",expired,2013-02-28T00:00:00.000,2007-01-03T00:00:00.000,2007-01-03T00:00:00.000,2007-05-03T00:00:00.000Z,500,500,apartments,apartments,0,8,Castro/Upper Market,94114,"{'latitude': '37.767257610695104', 'longitude': '-122.42749276822518', 'human_address': '{""address"": """", ""city"": """", ""state"": """", ""zip"": """"}'}",1.08E+12,,3,3,4,4,5,wood frame (5),5,wood frame (5),,,,,,
5ea20779c2aeecdcc61c599c,M52666,8,otc alterations permit,2007-01-03T00:00:00.000,6796,16,36,Santa Rosa,Av,street space,issued,2007-01-03T00:00:00.000,2007-01-03T00:00:00.000,2007-01-03T00:00:00.000,,,0,,,,11,Outer Mission,94112,"{'latitude': '37.72635822088466', 'longitude': '-122.43455479118334', 'human_address': '{""address"": """", ""city"": """", ""state"": """", ""zip"": """"}'}",1.08E+12,,,,,,,,,,,,,,,
5ea20779c2aeecdcc61c599d,2.01E+11,8,otc alterations permit,2007-01-03T00:00:00.000,2031,3,1723,18th,Av,1 kitchen remodel. no structural change. all light to be flourescent.,complete,2007-04-24T00:00:00.000,2007-01-03T00:00:00.000,2007-01-03T00:00:00.000,2007-07-03T00:00:00.000Z,15000,15000,1 family dwelling,1 family dwelling,0,7,Inner Sunset,94122,"{'latitude': '37.75565388180566', 'longitude': '-122.47583003470427', 'human_address': '{""address"": """", ""city"": """", ""state"": """", ""zip"": """"}'}",1.08E+12,,1,1,1,1,5,wood frame (5),5,wood frame (5),2007-04-24T00:00:00.000,,,,,
5ea20779c2aeecdcc61c599e,2.01E+11,8,otc alterations permit,2007-01-03T00:00:00.000,728,6,1301,Pierce,St,extend 3 walls install new door @ existing storage 3 side of enclosure toe xtend to ceiling,complete,2007-01-31T00:00:00.000,2007-01-03T00:00:00.000,2007-01-03T00:00:00.000,2007-05-03T00:00:00.000Z,1500,1500,clinics-medic/dental,clinics-medic/dental,2,5,Western Addition,94115,"{'latitude': '37.78214368839908', 'longitude': '-122.4360594822349', 'human_address': '{""address"": """", ""city"": """", ""state"": """", ""zip"": """"}'}",1.08E+12,,2,2,0,0,5,wood frame (5),5,wood frame (5),2007-01-31T00:00:00.000,,,,,
5ea20779c2aeecdcc61c599f,2.01E+11,8,otc alterations permit,2007-01-03T00:00:00.000,1199,24,460,Lyon,St,"repair exterior stairway, guardrails, stair threads, risers and landing boards. less than 50% repair to comply w/ nov 20076608.",complete,2007-01-10T00:00:00.000,2007-01-03T00:00:00.000,2007-01-03T00:00:00.000,2007-05-03T00:00:00.000Z,2000,2000,apartments,apartments,0,5,Lone Mountain/USF,94117,"{'latitude': '37.775182667378125', 'longitude': '-122.44267093495081', 'human_address': '{""address"": """", ""city"": """", ""state"": """", ""zip"": """"}'}",1.08E+12,0,3,3,7,7,5,wood frame (5),5,wood frame (5),2007-01-10T00:00:00.000,,,,,
5ea20779c2aeecdcc61c59a0,2.01E+11,3,additions alterations or repairs,2007-01-03T00:00:00.000,3715,7,169,Steuart,St,locker room upgrades 2 & 4 floors.,complete,2007-09-25T00:00:00.000,2007-01-03T00:00:00.000,2007-02-13T00:00:00.000,2008-02-13T00:00:00.000Z,113586,250000,recreation bldg,recreation bldg,2,6,Financial District/South Beach,94105,"{'latitude': '37.79269932213698', 'longitude': '-122.3919820334882', 'human_address': '{""address"": """", ""city"": """", ""state"": """", ""zip"": """"}'}",1.08E+12,,8,8,131,131,1,constr type 1,1,constr type 1,2007-09-25T00:00:00.000,,,,,
5ea20779c2aeecdcc61c59a1,2.01E+11,8,otc alterations permit,2007-01-03T00:00:00.000,4039,9,398,Pennsylvania,Av,"structural revision to permit for boluntary seimic stiffening, original permit#1106240 app#200612059235. two story steel moment frame adjacent to back of garage and 2nd floor bathroom.",complete,2007-05-11T00:00:00.000,2007-01-03T00:00:00.000,2007-01-03T00:00:00.000,2007-07-03T00:00:00.000Z,11000,11000,1 family dwelling,1 family dwelling,2,10,Potrero Hill,94107,"{'latitude': '37.7615808908582', 'longitude': '-122.39382815606423', 'human_address': '{""address"": """", ""city"": """", ""state"": """", ""zip"": """"}'}",1.08E+12,,3,3,1,1,5,wood frame (5),5,wood frame (5),2007-05-11T00:00:00.000,,,,,
5ea20779c2aeecdcc61c59a2,2.01E+11,8,otc alterations permit,2007-01-03T00:00:00.000,7018,41,974,Plymouth,Av,reroofing.,complete,2016-10-06T00:00:00.000,2007-01-03T00:00:00.000,2007-01-03T00:00:00.000,2007-07-03T00:00:00.000Z,8000,8000,1 family dwelling,1 family dwelling,0,11,Oceanview/Merced/Ingleside,94112,"{'latitude': '37.71957425849271', 'longitude': '-122.45582035575013', 'human_address': '{""address"": """", ""city"": """", ""state"": """", ""zip"": """"}'}",1.08E+12,,,,,,,,,,2016-10-06T00:00:00.000,,,,,
5ea20779c2aeecdcc61c59a3,2.01E+11,8,otc alterations permit,2007-01-03T00:00:00.000,3089,78,436,Joost,Av,reroofing.,complete,2007-01-08T00:00:00.000,2007-01-03T00:00:00.000,2007-01-03T00:00:00.000,2007-07-03T00:00:00.000Z,8000,8000,1 family dwelling,1 family dwelling,0,7,West of Twin Peaks,94127,"{'latitude': '37.73257652946632', 'longitude': '-122.44516154137126', 'human_address': '{""address"": """", ""city"": """", ""state"": """", ""zip"": """"}'}",1.08E+12,,,,,,,,,,2007-01-08T00:00:00.000,,,,,
5ea20779c2aeecdcc61c59a4,2.01E+11,8,otc alterations permit,2007-01-03T00:00:00.000,100,39,819,Filbert,St,"comply with nov #. revision to app #200609081808. detail plans for dry rot repairs at rear four levels deck levels, floor and walls",expired,2011-04-13T00:00:00.000,2007-01-03T00:00:00.000,2007-01-03T00:00:00.000,2008-01-03T00:00:00.000Z,40000,40000,2 family dwelling,2 family dwelling,2,3,Russian Hill,94133,"{'latitude': '37.800670573107155', 'longitude': '-122.41302345810746', 'human_address': '{""address"": """", ""city"": """", ""state"": """", ""zip"": """"}'}",1.08E+11,,4,4,2,2,5,wood frame (5),5,wood frame (5),,,,,,
5ea20779c2aeecdcc61c59a5,2.01E+11,3,additions alterations or repairs,2007-01-03T00:00:00.000,1292,18,618,Belvedere,St,3rd story addition - site permit only.,withdrawn,2007-09-17T00:00:00.000,2007-01-03T00:00:00.000,,,450000,,1 family dwelling,1 family dwelling,2,5,Inner Sunset,94117,"{'latitude': '37.76147635810145', 'longitude': '-122.44745240091524', 'human_address': '{""address"": """", ""city"": """", ""state"": """", ""zip"": """"}'}",1.08E+11,,2,3,1,1,5,wood frame (5),5,wood frame (5),,,Y,,,
5ea20779c2aeecdcc61c59a6,2.01E+11,8,otc alterations permit,2007-01-03T00:00:00.000,1887,001F,1519,41st,Av,remodel existing baths on groung floor & 2nd floor in same location for plans. legalize ground floor bedroom.,complete,2007-06-08T00:00:00.000,2007-01-03T00:00:00.000,2007-01-03T00:00:00.000,2007-07-03T00:00:00.000Z,12000,12000,1 family dwelling,1 family dwelling,2,4,Sunset/Parkside,94122,"{'latitude': '37.758361055721686', 'longitude': '-122.50073472097759', 'human_address': '{""address"": """", ""city"": """", ""state"": """", ""zip"": """"}'}",1.08E+12,,2,2,1,1,5,wood frame (5),5,wood frame (5),2007-06-08T00:00:00.000,,,,,
5ea20779c2aeecdcc61c59a7,2.01E+11,8,otc alterations permit,2007-01-03T00:00:00.000,3540,105,139,Henry,St,remove sheetrock & chek for dry rot @ basement. bolt down. foundation all at property line. voluntary bolting minimum 5/8 bolt a at oc.,issued,2007-01-03T00:00:00.000,2007-01-03T00:00:00.000,2007-01-03T00:00:00.000,2007-05-03T00:00:00.000Z,1000,1000,apartments,apartments,0,8,Castro/Upper Market,94114,"{'latitude': '37.76636705787694', 'longitude': '-122.43421732284594', 'human_address': '{""address"": """", ""city"": """", ""state"": """", ""zip"": """"}'}",1.08E+12,0,3,3,3,3,5,wood frame (5),5,wood frame (5),,,,,,
5ea20779c2aeecdcc61c59a8,2.01E+11,8,otc alterations permit,2007-01-03T00:00:00.000,597,54,1812,Polk,St,"build interior walls, wiring for receptacles lighting, switches. sheetrock. paint. tile 3 bathroom floors, cork flooring in restroom, install sinks & toilets in bathroom, no structural work.",complete,2007-04-30T00:00:00.000,2007-01-03T00:00:00.000,2007-01-03T00:00:00.000,2008-01-03T00:00:00.000Z,28500,28500,retail sales,retail sales,2,3,Russian Hill,94109,"{'latitude': '37.793683059086', 'longitude': '-122.42094798104395', 'human_address': '{""address"": """", ""city"": """", ""state"": """", ""zip"": """"}'}",1.08E+12,,5,5,12,12,1,constr type 1,1,constr type 1,2007-04-30T00:00:00.000,,,,,
5ea20779c2aeecdcc61c59a9,M52682,8,otc alterations permit,2007-01-03T00:00:00.000,868,29,353,Waller,St,street space permit only.,issued,2007-01-03T00:00:00.000,2007-01-03T00:00:00.000,2007-01-03T00:00:00.000,,,0,,,,5,Hayes Valley,94117,"{'latitude': '37.771092957242445', 'longitude': '-122.42944513115835', 'human_address': '{""address"": """", ""city"": """", ""state"": """", ""zip"": """"}'}",1.08E+12,,,,,,,,,,,,,,,
5ea20779c2aeecdcc61c59aa,M52683,8,otc alterations permit,2007-01-03T00:00:00.000,643,3,1630,California,St,street space,issued,2007-01-03T00:00:00.000,2007-01-03T00:00:00.000,2007-01-03T00:00:00.000,,,0,,,,3,Nob Hill,94109,"{'latitude': '37.79082802392417', 'longitude': '-122.42118031473406', 'human_address': '{""address"": """", ""city"": """", ""state"": """", ""zip"": """"}'}",1.08E+12,,,,,,,,,,,,,,,
5ea20779c2aeecdcc61c59ab,2.01E+11,8,otc alterations permit,2007-01-03T00:00:00.000,1212,3,215,Cole,St,"proposed revision to 200309095983 to correcty *e( katiyt if (e) fourth floor, and for administrative correction whereby the existing 4th floor was unoccupied attic space and storage use only  (david pang 1-3-2007)",complete,2008-08-04T00:00:00.000,2007-01-03T00:00:00.000,2007-01-03T00:00:00.000,2007-05-03T00:00:00.000Z,1,1,apartments,apartments,2,5,Lone Mountain/USF,94117,"{'latitude': '37.77295138805527', 'longitude': '-122.45120688215236', 'human_address': '{""address"": """", ""city"": """", ""state"": """", ""zip"": """"}'}",1.08E+11,,4,4,3,3,5,wood frame (5),5,wood frame (5),2008-08-04T00:00:00.000,,,,,
5ea20779c2aeecdcc61c59ac,2.01E+11,8,otc alterations permit,2007-01-03T00:00:00.000,1212,3,217,Cole,St,"proposed revision to 200309095983 to correcty *e( katiyt if (e) fourth floor, and for administrative correction whereby the existing 4th floor was unoccupied attic space and storage use only  (david pang 1-3-2007)",complete,2008-08-04T00:00:00.000,2007-01-03T00:00:00.000,2007-01-03T00:00:00.000,2007-05-03T00:00:00.000Z,1,1,apartments,apartments,2,5,Lone Mountain/USF,94117,"{'latitude': '37.77295138805527', 'longitude': '-122.45120688215236', 'human_address': '{""address"": """", ""city"": """", ""state"": """", ""zip"": """"}'}",1.08E+12,,4,4,3,3,5,wood frame (5),5,wood frame (5),2008-08-04T00:00:00.000,,,,,
5ea20779c2aeecdcc61c59ad,M52702,8,otc alterations permit,2007-01-03T00:00:00.000,942,6,2710,Filbert,St,street space permit,issued,2007-01-03T00:00:00.000,2007-01-03T00:00:00.000,2007-01-03T00:00:00.000,,,0,,,,2,Marina,94123,"{'latitude': '37.797158497249235', 'longitude': '-122.444301776955', 'human_address': '{""address"": """", ""city"": """", ""state"": """", ""zip"": """"}'}",1.08E+11,,,,,,,,,,,,,,,
5ea20779c2aeecdcc61c59ae,2.01E+11,8,otc alterations permit,2007-01-03T00:00:00.000,2690,015B,194,Caselli,Av,repalce north & east property line retaining walls.,expired,2009-06-26T00:00:00.000,2007-01-03T00:00:00.000,2007-01-03T00:00:00.000,2008-01-03T00:00:00.000Z,40000,40000,2 family dwelling,2 family dwelling,2,8,Castro/Upper Market,94114,"{'latitude': '37.759749807234435', 'longitude': '-122.44297144782306', 'human_address': '{""address"": """", ""city"": """", ""state"": """", ""zip"": """"}'}",1.08E+12,,2,2,2,2,5,wood frame (5),5,wood frame (5),,,,,,
5ea20779c2aeecdcc61c59af,2.01E+11,8,otc alterations permit,2007-01-03T00:00:00.000,497,008A,3054,Gough,St,"comply with nov# 200685678. interior remodel of kitchen, bath & laundry. no structural work.",complete,2007-03-15T00:00:00.000,2007-01-03T00:00:00.000,2007-01-03T00:00:00.000,2007-07-03T00:00:00.000Z,15000,15000,2 family dwelling,2 family dwelling,0,2,Marina,94123,"{'latitude': '37.80170333601107', 'longitude': '-122.4277156684635', 'human_address': '{""address"": """", ""city"": """", ""state"": """", ""zip"": """"}'}",1.08E+11,,2,2,2,2,5,wood frame (5),5,wood frame (5),2007-03-15T00:00:00.000,,,,,
5ea20779c2aeecdcc61c59b0,M52703,8,otc alterations permit,2007-01-03T00:00:00.000,3767,306,430,Main,St,street space permit,issued,2007-01-03T00:00:00.000,2007-01-03T00:00:00.000,2007-01-03T00:00:00.000,,,0,,,,6,Financial District/South Beach,94105,"{'latitude': '37.787516857219856', 'longitude': '-122.39005478497438', 'human_address': '{""address"": """", ""city"": """", ""state"": """", ""zip"": """"}'}",1.08E+12,,,,,,,,,,,,,,,
5ea20779c2aeecdcc61c59b1,2.01E+11,8,otc alterations permit,2007-01-03T00:00:00.000,6477,013A,173,Florentine,Av,"replace (1) kitchen cabinets, electrical upgrade on panel & kitchen circuits, outlets, switches. move furnace & water heater vent/chimney. no structural work. all lighting to be fluorescent.",complete,2007-06-22T00:00:00.000,2007-01-03T00:00:00.000,2007-01-03T00:00:00.000,2007-07-03T00:00:00.000Z,12000,12000,1 family dwelling,1 family dwelling,0,11,Excelsior,94112,"{'latitude': '37.7111386390666', 'longitude': '-122.44267456356773', 'human_address': '{""address"": """", ""city"": """", ""state"": """", ""zip"": """"}'}",1.08E+12,,2,2,1,1,5,wood frame (5),5,wood frame (5),2007-06-22T00:00:00.000,,,,,
5ea20779c2aeecdcc61c59b2,M52722,8,otc alterations permit,2007-01-03T00:00:00.000,1430,21,200,Clement,St,street space permit only.,issued,2007-01-03T00:00:00.000,2007-01-03T00:00:00.000,2007-01-03T00:00:00.000,,,0,,,,1,Inner Richmond,94118,"{'latitude': '37.78333439840213', 'longitude': '-122.46140000455425', 'human_address': '{""address"": """", ""city"": """", ""state"": """", ""zip"": """"}'}",1.08E+11,,,,,,,,,,,,,,,
5ea20779c2aeecdcc61c59b3,M52722,8,otc alterations permit,2007-01-03T00:00:00.000,1430,21,204,Clement,St,street space permit only.,issued,2007-01-03T00:00:00.000,2007-01-03T00:00:00.000,2007-01-03T00:00:00.000,,,0,,,,1,Inner Richmond,94118,"{'latitude': '37.78333439840213', 'longitude': '-122.46140000455425', 'human_address': '{""address"": """", ""city"": """", ""state"": """", ""zip"": """"}'}",1.08E+12,,,,,,,,,,,,,,,
5ea20779c2aeecdcc61c59b4,2.01E+11,8,otc alterations permit,2007-01-03T00:00:00.000,319,8,620,Ofarrell,St,install fire suppression system to kitchen hood ground floor restaurant.,expired,2009-01-27T00:00:00.000,2007-01-03T00:00:00.000,2007-01-03T00:00:00.000,2007-05-03T00:00:00.000Z,2500,2500,food/beverage hndlng,food/beverage hndlng,2,6,Tenderloin,94109,"{'latitude': '37.78571947835546', 'longitude': '-122.41511604809372', 'human_address': '{""address"": """", ""city"": """", ""state"": """", ""zip"": """"}'}",1.08E+11,,2,2,2,2,5,wood frame (5),5,wood frame (5),,,,,,
5ea20779c2aeecdcc61c59b5,2.01E+11,8,otc alterations permit,2007-01-03T00:00:00.000,1225,40,417,Clayton,St,"repair & repalce rotted wood in dommers area i attic. repair & replace broken railings, on lthe 2 decks in the back section of the house. add pavers to the existing decks on the back of the house. replace 3 cracked windows i the dommers not visible from the street.",expired,2007-08-30T00:00:00.000,2007-01-03T00:00:00.000,2007-01-03T00:00:00.000,2007-05-03T00:00:00.000Z,2000,2000,2 family dwelling,2 family dwelling,0,5,Haight Ashbury,94117,"{'latitude': '37.77102912197822', 'longitude': '-122.4490895889424', 'human_address': '{""address"": """", ""city"": """", ""state"": """", ""zip"": """"}'}",1.08E+11,,4,4,2,2,4,constr type 4,4,constr type 4,,,,,,
5ea20779c2aeecdcc61c59b6,2.01E+11,8,otc alterations permit,2007-01-03T00:00:00.000,1225,40,419,Clayton,St,"repair & repalce rotted wood in dommers area i attic. repair & replace broken railings, on lthe 2 decks in the back section of the house. add pavers to the existing decks on the back of the house. replace 3 cracked windows i the dommers not visible from the street.",expired,2007-08-30T00:00:00.000,2007-01-03T00:00:00.000,2007-01-03T00:00:00.000,2007-05-03T00:00:00.000Z,2000,2000,2 family dwelling,2 family dwelling,0,5,Haight Ashbury,94117,"{'latitude': '37.77102912197822', 'longitude': '-122.4490895889424', 'human_address': '{""address"": """", ""city"": """", ""state"": """", ""zip"": """"}'}",1.08E+12,,4,4,2,2,4,constr type 4,4,constr type 4,,,,,,
5ea20779c2aeecdcc61c59b7,2.01E+11,8,otc alterations permit,2007-01-03T00:00:00.000,914,001C,3745,Divisadero,St,renew pa# 9005891 for final inspection only,complete,2007-02-09T00:00:00.000,2007-01-03T00:00:00.000,2007-01-03T00:00:00.000,2007-05-03T00:00:00.000Z,1,1,apartments,apartments,0,2,Marina,94123,"{'latitude': '37.80423397716338', 'longitude': '-122.44402882836476', 'human_address': '{""address"": """", ""city"": """", ""state"": """", ""zip"": """"}'}",1.08E+11,,3,3,6,6,5,wood frame (5),5,wood frame (5),2007-02-09T00:00:00.000,,,,,
5ea2077ac2aeecdcc61c59b8,2.01E+11,8,otc alterations permit,2007-01-04T00:00:00.000,310,15,100,Grant,Av,interior non structural and storefront demolition of vacant retail store on ground floor. erection on temporary constructoion barricade on sidewalk.,expired,2007-12-04T00:00:00.000,2007-01-04T00:00:00.000,2007-01-04T00:00:00.000,2007-07-04T00:00:00.000Z,20000,20000,retail sales,retail sales,2,3,Financial District/South Beach,94108,"{'latitude': '37.788050582493206', 'longitude': '-122.4048761520152', 'human_address': '{""address"": """", ""city"": """", ""state"": """", ""zip"": """"}'}",1.08E+11,,7,7,0,0,3,constr type 3,3,constr type 3,,,,,,
5ea2077ac2aeecdcc61c59b9,2.01E+11,8,otc alterations permit,2007-01-04T00:00:00.000,1646,7,741,03rd,Av,reroofing,complete,2008-12-04T00:00:00.000,2007-01-04T00:00:00.000,2007-01-04T00:00:00.000,2007-07-04T00:00:00.000Z,14725,14725,1 family dwelling,1 family dwelling,0,1,Inner Richmond,94118,"{'latitude': '37.7748166622703', 'longitude': '-122.46093965991695', 'human_address': '{""address"": """", ""city"": """", ""state"": """", ""zip"": """"}'}",1.08E+12,,,,,,,,,,2008-12-04T00:00:00.000,,,,,
5ea2077ac2aeecdcc61c59ba,2.01E+11,8,otc alterations permit,2007-01-04T00:00:00.000,2478,32,2626,19th,Av,reroofing,expired,2010-12-08T00:00:00.000,2007-01-04T00:00:00.000,2007-01-04T00:00:00.000,2007-07-04T00:00:00.000Z,12375,12375,1 family dwelling,1 family dwelling,0,7,West of Twin Peaks,94116,"{'latitude': '37.7387848314406', 'longitude': '-122.47503667647376', 'human_address': '{""address"": """", ""city"": """", ""state"": """", ""zip"": """"}'}",1.08E+12,,,,,,,,,,,,,,,
5ea2077ac2aeecdcc61c59bb,2.01E+11,8,otc alterations permit,2007-01-04T00:00:00.000,6997,31,328,Monticello,St,reroofing,issued,2007-01-04T00:00:00.000,2007-01-04T00:00:00.000,2007-01-04T00:00:00.000,2007-07-04T00:00:00.000Z,9750,9750,1 family dwelling,1 family dwelling,0,11,Oceanview/Merced/Ingleside,94132,"{'latitude': '37.72024537216744', 'longitude': '-122.47048352741959', 'human_address': '{""address"": """", ""city"": """", ""state"": """", ""zip"": """"}'}",1.08E+12,,,,,,,,,,,,,,,
5ea2077ac2aeecdcc61c59bc,2.01E+11,8,otc alterations permit,2007-01-04T00:00:00.000,264,4,1,California,St,fire sprklr/15 sprnklr/9 relocates/6 added,complete,2007-02-09T00:00:00.000,2007-01-04T00:00:00.000,2007-01-04T00:00:00.000,2007-05-04T00:00:00.000Z,1900,1900,office,office,2,3,Financial District/South Beach,94111,"{'latitude': '37.79311984802232', 'longitude': '-122.39697498027529', 'human_address': '{""address"": """", ""city"": """", ""state"": """", ""zip"": """"}'}",1.08E+11,,32,32,0,0,1,constr type 1,1,constr type 1,2007-02-09T00:00:00.000,,,,,
5ea2077ac2aeecdcc61c59bd,2.01E+11,8,otc alterations permit,2007-01-04T00:00:00.000,94,34,2112,Hyde,St,reroofing,issued,2007-01-04T00:00:00.000,2007-01-04T00:00:00.000,2007-01-04T00:00:00.000,2007-07-04T00:00:00.000Z,21870,21870,apartments,apartments,0,2,Russian Hill,94109,"{'latitude': '37.800449351587666', 'longitude': '-122.4190721273311', 'human_address': '{""address"": """", ""city"": """", ""state"": """", ""zip"": """"}'}",1.08E+12,,,,,,,,,,,,,,,
5ea2077ac2aeecdcc61c59be,2.01E+11,8,otc alterations permit,2007-01-04T00:00:00.000,94,35,2112,Hyde,St,reroofing,issued,2007-01-04T00:00:00.000,2007-01-04T00:00:00.000,2007-01-04T00:00:00.000,2007-07-04T00:00:00.000Z,21870,21870,apartments,apartments,0,2,Russian Hill,94109,"{'latitude': '37.800449351587666', 'longitude': '-122.4190721273311', 'human_address': '{""address"": """", ""city"": """", ""state"": """", ""zip"": """"}'}",1.08E+12,0,,,,,,,,,,,,,,
5ea2077ac2aeecdcc61c59bf,2.01E+11,8,otc alterations permit,2007-01-04T00:00:00.000,94,36,2112,Hyde,St,reroofing,issued,2007-01-04T00:00:00.000,2007-01-04T00:00:00.000,2007-01-04T00:00:00.000,2007-07-04T00:00:00.000Z,21870,21870,apartments,apartments,0,2,Russian Hill,94109,"{'latitude': '37.800449351587666', 'longitude': '-122.4190721273311', 'human_address': '{""address"": """", ""city"": """", ""state"": """", ""zip"": """"}'}",1.08E+12,0,,,,,,,,,,,,,,
5ea2077ac2aeecdcc61c59c0,2.01E+11,8,otc alterations permit,2007-01-04T00:00:00.000,94,37,2112,Hyde,St,reroofing,issued,2007-01-04T00:00:00.000,2007-01-04T00:00:00.000,2007-01-04T00:00:00.000,2007-07-04T00:00:00.000Z,21870,21870,apartments,apartments,0,2,Russian Hill,94109,"{'latitude': '37.800449351587666', 'longitude': '-122.4190721273311', 'human_address': '{""address"": """", ""city"": """", ""state"": """", ""zip"": """"}'}",1.08E+12,0,,,,,,,,,,,,,,
5ea2077ac2aeecdcc61c59c1,2.01E+11,8,otc alterations permit,2007-01-04T00:00:00.000,94,38,2112,Hyde,St,reroofing,issued,2007-01-04T00:00:00.000,2007-01-04T00:00:00.000,2007-01-04T00:00:00.000,2007-07-04T00:00:00.000Z,21870,21870,apartments,apartments,0,2,Russian Hill,94109,"{'latitude': '37.800449351587666', 'longitude': '-122.4190721273311', 'human_address': '{""address"": """", ""city"": """", ""state"": """", ""zip"": """"}'}",1.08E+12,0,,,,,,,,,,,,,,
5ea2077ac2aeecdcc61c59c2,2.01E+11,8,otc alterations permit,2007-01-04T00:00:00.000,2009,004Y,1775,40th,Av,reroofing.,complete,2007-02-15T00:00:00.000,2007-01-04T00:00:00.000,2007-01-04T00:00:00.000,2007-05-04T00:00:00.000Z,4900,4900,1 family dwelling,1 family dwelling,0,4,Sunset/Parkside,94122,"{'latitude': '37.753723616253474', 'longitude': '-122.49933557107873', 'human_address': '{""address"": """", ""city"": """", ""state"": """", ""zip"": """"}'}",1.08E+12,,,,,,,,,,2007-02-15T00:00:00.000,,,,,
5ea2077ac2aeecdcc61c59c3,2.01E+11,8,otc alterations permit,2007-01-04T00:00:00.000,208,26,601,Montgomery,St,oti-3 3rd floor sp,complete,2007-03-15T00:00:00.000,2007-01-04T00:00:00.000,2007-01-04T00:00:00.000,2007-07-04T00:00:00.000Z,5750,5750,office,office,2,3,Chinatown,94111,"{'latitude': '37.794836064028274', 'longitude': '-122.40352689641819', 'human_address': '{""address"": """", ""city"": """", ""state"": """", ""zip"": """"}'}",1.08E+11,,20,20,0,0,1,constr type 1,1,constr type 1,2007-03-15T00:00:00.000,,,,,
5ea2077ac2aeecdcc61c59c4,2.01E+11,8,otc alterations permit,2007-01-04T00:00:00.000,6527,021A,1049,Capp,St,repair back stairs less than 50% in kind to comply w/nov #200683953,complete,2007-05-04T00:00:00.000,2007-01-04T00:00:00.000,2007-01-09T00:00:00.000,2007-05-09T00:00:00.000Z,350,350,apartments,apartments,0,9,Mission,94110,"{'latitude': '37.749868530337615', 'longitude': '-122.41681343185323', 'human_address': '{""address"": """", ""city"": """", ""state"": """", ""zip"": """"}'}",1.08E+12,,2,2,4,4,5,wood frame (5),5,wood frame (5),2007-05-04T00:00:00.000,,,,,
5ea2077ac2aeecdcc61c59c5,2.01E+11,8,otc alterations permit,2007-01-04T00:00:00.000,1613,005T,710,32nd,Av,reroofing,issued,2007-01-04T00:00:00.000,2007-01-04T00:00:00.000,2007-01-04T00:00:00.000,2007-07-04T00:00:00.000Z,12780,12780,1 family dwelling,1 family dwelling,0,1,Outer Richmond,94121,"{'latitude': '37.77568996926883', 'longitude': '-122.49166254542851', 'human_address': '{""address"": """", ""city"": """", ""state"": """", ""zip"": """"}'}",1.08E+12,,,,,,,,,,,,,,,
5ea2077ac2aeecdcc61c59c6,M52742,8,otc alterations permit,2007-01-04T00:00:00.000,3636,11,2690,Mission,St,sidewalk repair permit,issued,2007-01-04T00:00:00.000,2007-01-04T00:00:00.000,2007-01-04T00:00:00.000,,,0,,,,9,Mission,94110,"{'latitude': '37.75402855410332', 'longitude': '-122.41897390772756', 'human_address': '{""address"": """", ""city"": """", ""state"": """", ""zip"": """"}'}",1.08E+12,,,,,,,,,,,,,,,
5ea2077ac2aeecdcc61c59c7,M52743,8,otc alterations permit,2007-01-04T00:00:00.000,589,25,2209,Pacific,Av,sidewalk permit,issued,2007-01-04T00:00:00.000,2007-01-04T00:00:00.000,2007-01-04T00:00:00.000,,,0,,,,2,Pacific Heights,94115,"{'latitude': '37.79343426231262', 'longitude': '-122.43191761910658', 'human_address': '{""address"": """", ""city"": """", ""state"": """", ""zip"": """"}'}",1.08E+11,,,,,,,,,,,,,,,
5ea2077ac2aeecdcc61c59c8,M52744,8,otc alterations permit,2007-01-04T00:00:00.000,6569,3,3018,Mission,St,sidewalk repair permit,issued,2007-01-04T00:00:00.000,2007-01-04T00:00:00.000,2007-01-04T00:00:00.000,,,0,,,,9,Mission,94110,"{'latitude': '37.748701786166485', 'longitude': '-122.41846444928798', 'human_address': '{""address"": """", ""city"": """", ""state"": """", ""zip"": """"}'}",1.08E+12,,,,,,,,,,,,,,,
5ea2077ac2aeecdcc61c59c9,2.01E+11,8,otc alterations permit,2007-01-04T00:00:00.000,2414,12,1245,Ulloa,St,rev. to pa#2005/12/29/1265: underpin (e) bldng. foundation at rear wall (7' in length) as per engineer,complete,2007-02-06T00:00:00.000,2007-01-04T00:00:00.000,2007-01-04T00:00:00.000,2007-05-04T00:00:00.000Z,800,800,1 family dwelling,1 family dwelling,2,7,West of Twin Peaks,94127,"{'latitude': '37.74120131530114', 'longitude': '-122.46945645645238', 'human_address': '{""address"": """", ""city"": """", ""state"": """", ""zip"": """"}'}",1.08E+12,,2,2,1,1,5,wood frame (5),5,wood frame (5),2007-02-06T00:00:00.000,,,,,
5ea2077ac2aeecdcc61c59ca,2.01E+11,8,otc alterations permit,2007-01-04T00:00:00.000,328,3,77,Ofarrell,St,"fire sprinkler system build back 5th, 6th,  and 7th floors 353 sprnkr",complete,2007-12-07T00:00:00.000,2007-01-04T00:00:00.000,2007-01-04T00:00:00.000,2008-01-04T00:00:00.000Z,140000,140000,retail sales,retail sales,2,3,Financial District/South Beach,94108,"{'latitude': '37.78630347434889', 'longitude': '-122.40608977025623', 'human_address': '{""address"": """", ""city"": """", ""state"": """", ""zip"": """"}'}",1.08E+12,0,6,6,0,0,3,constr type 3,3,constr type 3,2007-12-07T00:00:00.000,,,,,
5ea2077ac2aeecdcc61c59cb,2.01E+11,8,otc alterations permit,2007-01-04T00:00:00.000,936,018E,2365,Chestnut,St,upgrade existing front entrance door and existing restroom to accessible,complete,2007-01-30T00:00:00.000,2007-01-04T00:00:00.000,2007-01-04T00:00:00.000,2007-07-04T00:00:00.000Z,10000,10000,apartments,apartments,2,2,Marina,94123,"{'latitude': '37.79977063849528', 'longitude': '-122.4422247335127', 'human_address': '{""address"": """", ""city"": """", ""state"": """", ""zip"": """"}'}",1.08E+11,,1,1,3,3,5,wood frame (5),5,wood frame (5),2007-01-30T00:00:00.000,,,,,
5ea2077ac2aeecdcc61c59cc,2.01E+11,8,otc alterations permit,2007-01-04T00:00:00.000,1830,024C,1490,24th,Av,"replace 3 windows, kind for kind, wood to wood composite, visible from st. u-value 0.39.",complete,2007-04-19T00:00:00.000,2007-01-04T00:00:00.000,2007-01-04T00:00:00.000,2007-07-04T00:00:00.000Z,11800,11800,1 family dwelling,1 family dwelling,0,4,Sunset/Parkside,94122,"{'latitude': '37.75984332093765', 'longitude': '-122.48194402089496', 'human_address': '{""address"": """", ""city"": """", ""state"": """", ""zip"": """"}'}",1.08E+12,,2,2,1,1,5,wood frame (5),5,wood frame (5),2007-04-19T00:00:00.000,,,,,
5ea2077ac2aeecdcc61c59cd,2.01E+11,8,otc alterations permit,2007-01-04T00:00:00.000,6601,19,280,28th,St,"unit#3. replace 4 windows, kind for kind, alum to wood composite, not visible from st. u-value 0.39.",expired,2007-08-22T00:00:00.000,2007-01-04T00:00:00.000,2007-01-04T00:00:00.000,2007-07-04T00:00:00.000Z,9000,9000,apartments,apartments,0,8,Noe Valley,94131,"{'latitude': '37.74544160386589', 'longitude': '-122.42852821505423', 'human_address': '{""address"": """", ""city"": """", ""state"": """", ""zip"": """"}'}",1.08E+12,,2,2,4,4,5,wood frame (5),5,wood frame (5),,,,,,
5ea2077ac2aeecdcc61c59ce,2.01E+11,8,otc alterations permit,2007-01-04T00:00:00.000,216,19,1346,Hyde,St,reroofing,issued,2007-01-04T00:00:00.000,2007-01-04T00:00:00.000,2007-01-04T00:00:00.000,2007-07-04T00:00:00.000Z,23376,23376,2 family dwelling,2 family dwelling,0,3,Russian Hill,94109,"{'latitude': '37.79343766438872', 'longitude': '-122.41757498815157', 'human_address': '{""address"": """", ""city"": """", ""state"": """", ""zip"": """"}'}",1.08E+11,,,,,,,,,,,,,,,
5ea2077ac2aeecdcc61c59cf,2.01E+11,8,otc alterations permit,2007-01-04T00:00:00.000,1274,26,265,Carl,St,"replace 5 windows, kind for kind. wood to wood composite, not visible from street. u-valve 0.39.",complete,2007-06-04T00:00:00.000,2007-01-04T00:00:00.000,2007-01-04T00:00:00.000,2007-07-04T00:00:00.000Z,7600,7600,2 family dwelling,2 family dwelling,0,5,Inner Sunset,94117,"{'latitude': '37.76502990149523', 'longitude': '-122.45374128857439', 'human_address': '{""address"": """", ""city"": """", ""state"": """", ""zip"": """"}'}",1.08E+12,,2,2,2,2,5,wood frame (5),5,wood frame (5),2007-06-04T00:00:00.000,,,,,
5ea2077ac2aeecdcc61c59d0,2.01E+11,8,otc alterations permit,2007-01-04T00:00:00.000,541,29,2052,Green,St,renew permit#200606012946 to replace 10 windows and 1 door. all work in rear of house. for final inspection.,complete,2007-04-19T00:00:00.000,2007-01-04T00:00:00.000,2007-01-04T00:00:00.000,2007-05-04T00:00:00.000Z,1,1,1 family dwelling,1 family dwelling,0,2,Marina,94123,"{'latitude': '37.79673576084849', 'longitude': '-122.4330443883247', 'human_address': '{""address"": """", ""city"": """", ""state"": """", ""zip"": """"}'}",1.08E+11,2,2,2,1,1,5,wood frame (5),5,wood frame (5),2007-04-19T00:00:00.000,,,,,
5ea2077ac2aeecdcc61c59d1,2.01E+11,8,otc alterations permit,2007-01-04T00:00:00.000,1584,019A,630,42nd,Av,"replace 10 windows, kind for kind. wood to wood composite, not visible from street. u-valve 0.39.",complete,2007-03-15T00:00:00.000,2007-01-04T00:00:00.000,2007-01-04T00:00:00.000,2007-07-04T00:00:00.000Z,13800,13800,1 family dwelling,1 family dwelling,0,1,Outer Richmond,94121,"{'latitude': '37.77672928384429', 'longitude': '-122.5024309451951', 'human_address': '{""address"": """", ""city"": """", ""state"": """", ""zip"": """"}'}",1.08E+12,,2,2,1,1,5,wood frame (5),5,wood frame (5),2007-03-15T00:00:00.000,,,,,
5ea2077ac2aeecdcc61c59d2,2.01E+11,8,otc alterations permit,2007-01-04T00:00:00.000,1672,5,855,29th,Av,"replace 5 windows, kind for kind. wood to wood composite, not visible from street. u-valve 0.39.",complete,2007-03-09T00:00:00.000,2007-01-04T00:00:00.000,2007-01-04T00:00:00.000,2007-07-04T00:00:00.000Z,8100,8100,1 family dwelling,1 family dwelling,0,1,Outer Richmond,94121,"{'latitude': '37.7731943897025', 'longitude': '-122.48886116602064', 'human_address': '{""address"": """", ""city"": """", ""state"": """", ""zip"": """"}'}",1.08E+12,,2,2,1,1,5,wood frame (5),5,wood frame (5),2007-03-09T00:00:00.000,,,,,
5ea2077ac2aeecdcc61c59d3,M52762,8,otc alterations permit,2007-01-04T00:00:00.000,311,15,1,Post,St,street space,issued,2007-01-04T00:00:00.000,2007-01-04T00:00:00.000,2007-01-04T00:00:00.000,,,0,,,,3,Financial District/South Beach,94104,"{'latitude': '37.78873756742995', 'longitude': '-122.40250450906785', 'human_address': '{""address"": """", ""city"": """", ""state"": """", ""zip"": """"}'}",1.08E+12,0,,,,,,,,,,,,,,
5ea2077ac2aeecdcc61c59d4,2.01E+11,8,otc alterations permit,2007-01-04T00:00:00.000,3649,38,1060,Dolores,St,to comply with nov#200672502 . repair footing at rear stair.,expired,2010-01-11T00:00:00.000,2007-01-04T00:00:00.000,2007-01-04T00:00:00.000,2007-05-04T00:00:00.000Z,1000,1000,2 family dwelling,2 family dwelling,2,8,Noe Valley,94114,"{'latitude': '37.752468221875155', 'longitude': '-122.42562520900523', 'human_address': '{""address"": """", ""city"": """", ""state"": """", ""zip"": """"}'}",1.08E+12,,2,2,2,2,5,wood frame (5),5,wood frame (5),,,,,,
5ea2077ac2aeecdcc61c59d5,2.01E+11,8,otc alterations permit,2007-01-04T00:00:00.000,236,19,150,California,St,"scope of work. install 2 new door holders, 1 new smoke detector in receptions area",complete,2007-01-31T00:00:00.000,2007-01-04T00:00:00.000,2007-01-04T00:00:00.000,2007-05-04T00:00:00.000Z,3500,3500,office,office,2,3,Financial District/South Beach,94111,"{'latitude': '37.79370276622121', 'longitude': '-122.39848089207443', 'human_address': '{""address"": """", ""city"": """", ""state"": """", ""zip"": """"}'}",1.08E+11,,23,23,0,0,1,constr type 1,1,constr type 1,2007-01-31T00:00:00.000,,,,,
5ea2077ac2aeecdcc61c59d6,2.01E+11,8,otc alterations permit,2007-01-04T00:00:00.000,2062,001M,1867,25th,Av,"replace 1 window & 1 patio door, kind for kind. aluminium to wood composite, not visible from street. u-valve 0.39.",complete,2007-03-06T00:00:00.000,2007-01-04T00:00:00.000,2007-01-04T00:00:00.000,2007-07-04T00:00:00.000Z,5200,5200,1 family dwelling,1 family dwelling,0,4,Sunset/Parkside,94122,"{'latitude': '37.75270216841451', 'longitude': '-122.48314308294414', 'human_address': '{""address"": """", ""city"": """", ""state"": """", ""zip"": """"}'}",1.08E+12,,2,2,1,1,5,wood frame (5),5,wood frame (5),2007-03-06T00:00:00.000,,,,,
5ea2077ac2aeecdcc61c59d7,2.01E+11,8,otc alterations permit,2007-01-04T00:00:00.000,2061,13,1861,24th,Av,"replace (e) siding with hardi plank in upper floor, cover (e) siding in lower floor. at rear of bldg. repair (e) back stair in kind less than 50%. approx 320 sq. ft.",complete,2007-03-12T00:00:00.000,2007-01-04T00:00:00.000,2007-01-04T00:00:00.000,2007-07-04T00:00:00.000Z,7500,7500,1 family dwelling,1 family dwelling,0,4,Sunset/Parkside,94122,"{'latitude': '37.75282033710636', 'longitude': '-122.4820769842612', 'human_address': '{""address"": """", ""city"": """", ""state"": """", ""zip"": """"}'}",1.08E+12,,1,1,1,1,5,wood frame (5),5,wood frame (5),2007-03-12T00:00:00.000,,,,,
5ea2077ac2aeecdcc61c59d8,2.01E+11,8,otc alterations permit,2007-01-04T00:00:00.000,1365,6,153,05th,Av,"renew pa#200512190667,#200607217291 to complete work.",expired,2009-03-17T00:00:00.000,2007-01-04T00:00:00.000,2007-01-04T00:00:00.000,2007-07-04T00:00:00.000Z,10000,10000,1 family dwelling,1 family dwelling,0,2,Inner Richmond,94118,"{'latitude': '37.78589502804995', 'longitude': '-122.46388736648268', 'human_address': '{""address"": """", ""city"": """", ""state"": """", ""zip"": """"}'}",1.08E+12,0,2,2,1,1,5,wood frame (5),5,wood frame (5),,,,,,
5ea2077ac2aeecdcc61c59d9,2.01E+11,8,otc alterations permit,2007-01-04T00:00:00.000,266,9,1,Front,St,oti-3 6th floor me,expired,2008-03-20T00:00:00.000,2007-01-04T00:00:00.000,2007-01-04T00:00:00.000,2007-07-04T00:00:00.000Z,24000,24000,office,office,2,3,Financial District/South Beach,94111,"{'latitude': '37.79175821447036', 'longitude': '-122.39891194475122', 'human_address': '{""address"": """", ""city"": """", ""state"": """", ""zip"": """"}'}",1.08E+12,,38,38,0,0,1,constr type 1,1,constr type 1,,,,,,
5ea2077ac2aeecdcc61c59da,M52763,8,otc alterations permit,2007-01-04T00:00:00.000,3575,37,2141,Mission,St,street space & sidewalk permit only.,issued,2007-01-04T00:00:00.000,2007-01-04T00:00:00.000,2007-01-04T00:00:00.000,,,0,,,,9,Mission,94110,"{'latitude': '37.76268558606695', 'longitude': '-122.41908647662034', 'human_address': '{""address"": """", ""city"": """", ""state"": """", ""zip"": """"}'}",1.08E+12,,,,,,,,,,,,,,,
5ea2077ac2aeecdcc61c59db,2.01E+11,8,otc alterations permit,2007-01-04T00:00:00.000,318,17,673,Geary,St,"partial demolition, new walls, new doors, no structural work, new ada restrooms, new bar: rev. to pa#2006/09/19/2753-general layout has changed. all other dimensions to apply, i.e., restroom heights & dimensions",complete,2007-01-12T00:00:00.000,2007-01-04T00:00:00.000,2007-01-04T00:00:00.000,2007-05-04T00:00:00.000Z,1,1,food/beverage hndlng,food/beverage hndlng,2,6,Tenderloin,94102,"{'latitude': '37.78637293250841', 'longitude': '-122.41432041426475', 'human_address': '{""address"": """", ""city"": """", ""state"": """", ""zip"": """"}'}",1.08E+11,,2,2,0,0,3,constr type 3,3,constr type 3,2007-01-12T00:00:00.000,,,,,
5ea2077ac2aeecdcc61c59dc,M52764,8,otc alterations permit,2007-01-04T00:00:00.000,5670,36,139,Cortland,Av,street space,issued,2007-01-04T00:00:00.000,2007-01-04T00:00:00.000,2007-01-04T00:00:00.000,,,0,,,,9,Bernal Heights,94110,"{'latitude': '37.74009064598756', 'longitude': '-122.4200161043758', 'human_address': '{""address"": """", ""city"": """", ""state"": """", ""zip"": """"}'}",1.08E+12,0,,,,,,,,,,,,,,
5ea2077ac2aeecdcc61c59dd,M52765,8,otc alterations permit,2007-01-04T00:00:00.000,1054,33,2813,Bush,St,street space permit only.,issued,2007-01-04T00:00:00.000,2007-01-04T00:00:00.000,2007-01-04T00:00:00.000,,,0,,,,2,Presidio Heights,94115,"{'latitude': '37.785409730457154', 'longitude': '-122.44385913345275', 'human_address': '{""address"": """", ""city"": """", ""state"": """", ""zip"": """"}'}",1.08E+11,,,,,,,,,,,,,,,
5ea2077ac2aeecdcc61c59de,M52766,8,otc alterations permit,2007-01-04T00:00:00.000,1290,14,158,Carmel,St,sidewalk repair,issued,2007-01-04T00:00:00.000,2007-01-04T00:00:00.000,2007-01-04T00:00:00.000,,,0,,,,5,Inner Sunset,94117,"{'latitude': '37.761035625826196', 'longitude': '-122.44995806814728', 'human_address': '{""address"": """", ""city"": """", ""state"": """", ""zip"": """"}'}",1.08E+12,0,,,,,,,,,,,,,,
5ea2077ac2aeecdcc61c59df,M52769,8,otc alterations permit,2007-01-04T00:00:00.000,3560,15,2298,Market,St,street space & sidewalk permit only.,issued,2007-01-04T00:00:00.000,2007-01-04T00:00:00.000,2007-01-04T00:00:00.000,,,0,,,,8,Castro/Upper Market,94114,"{'latitude': '37.764660433717985', 'longitude': '-122.43292243432423', 'human_address': '{""address"": """", ""city"": """", ""state"": """", ""zip"": """"}'}",1.08E+12,,,,,,,,,,,,,,,
5ea2077ac2aeecdcc61c59e0,2.01E+11,8,otc alterations permit,2007-01-04T00:00:00.000,2715,35,10,Grand View,Tr,"renew pa# 2005/11/16/8327 & pa# 2006/06/07/3440 for final inspection only. increase valuation to $62,000 and correct error on pa# 2005/11/16/8327 building is a 2 units building converted in 1970 application 386390.",issued,2007-01-04T00:00:00.000,2007-01-04T00:00:00.000,2007-01-04T00:00:00.000,2008-01-04T00:00:00.000Z,62000,62000,2 family dwelling,2 family dwelling,0,8,Twin Peaks,94114,"{'latitude': '37.75732456332195', 'longitude': '-122.44097752067671', 'human_address': '{""address"": """", ""city"": """", ""state"": """", ""zip"": """"}'}",1.08E+12,,2,2,2,2,5,wood frame (5),5,wood frame (5),,,,,,
5ea2077ac2aeecdcc61c59e1,2.01E+11,8,otc alterations permit,2007-01-04T00:00:00.000,1270,29,870,Ashbury,St,"recondtruction  landscape/ front yard retaining walls, ad underpinning front foundation of  existing house structure.,",issued,2007-01-04T00:00:00.000,2007-01-04T00:00:00.000,2007-01-04T00:00:00.000,2008-01-04T00:00:00.000Z,29000,29000,1 family dwelling,1 family dwelling,2,8,Haight Ashbury,94117,"{'latitude': '37.76616309972431', 'longitude': '-122.44584898321351', 'human_address': '{""address"": """", ""city"": """", ""state"": """", ""zip"": """"}'}",1.08E+11,,3,3,1,1,5,wood frame (5),5,wood frame (5),,,,,,
5ea2077ac2aeecdcc61c59e2,2.01E+11,8,otc alterations permit,2007-01-04T00:00:00.000,1379,16,5700,California,St,renewal of expire pa# 2006/02/02/3646 for final inspection.,complete,2007-01-05T00:00:00.000,2007-01-04T00:00:00.000,2007-01-04T00:00:00.000,2007-05-04T00:00:00.000Z,1,1,apartments,apartments,0,1,Outer Richmond,94121,"{'latitude': '37.78433744648842', 'longitude': '-122.4788523830236', 'human_address': '{""address"": """", ""city"": """", ""state"": """", ""zip"": """"}'}",1.08E+11,,4,4,12,12,5,wood frame (5),5,wood frame (5),2007-01-05T00:00:00.000,,,,,
5ea2077ac2aeecdcc61c59e3,2.01E+11,8,otc alterations permit,2007-01-04T00:00:00.000,7,1,400,Jefferson,St,install an automatic fire suppression system to the cooking hood. using range guard ul 300 2.5 gallon wet chemical,expired,2009-03-02T00:00:00.000,2007-01-04T00:00:00.000,2007-01-04T00:00:00.000,2007-05-04T00:00:00.000Z,2100,2100,food/beverage hndlng,food/beverage hndlng,2,2,Russian Hill,94133,"{'latitude': '37.808160114437925', 'longitude': '-122.41999826910967', 'human_address': '{""address"": """", ""city"": """", ""state"": """", ""zip"": """"}'}",1.08E+12,,2,2,0,0,5,wood frame (5),5,wood frame (5),,,,,,
5ea2077ac2aeecdcc61c59e4,2.01E+11,8,otc alterations permit,2007-01-04T00:00:00.000,1361,20,3923,California,St,kitchen & bathroom were updated prior to  ownership w/o permits. permits are to legalized both kitchen and bathroom (no changes to partitions or windows).,expired,2008-10-27T00:00:00.000,2007-01-04T00:00:00.000,2007-01-04T00:00:00.000,2007-07-04T00:00:00.000Z,16000,16000,2 family dwelling,2 family dwelling,0,1,Inner Richmond,94118,"{'latitude': '37.78537172683489', 'longitude': '-122.46005593994607', 'human_address': '{""address"": """", ""city"": """", ""state"": """", ""zip"": """"}'}",1.08E+11,,3,3,2,2,5,wood frame (5),5,wood frame (5),,,,,,
5ea2077ac2aeecdcc61c59e5,2.01E+11,8,otc alterations permit,2007-01-04T00:00:00.000,6356,11,542,Sawyer,St,"replace fire damage one window size 24"" x 36"" at the rear. additional item to pa# 2006/12/21/0346. no change to construction cost.",complete,2007-08-27T00:00:00.000,2007-01-04T00:00:00.000,2007-01-04T00:00:00.000,2007-05-04T00:00:00.000Z,1,1,1 family dwelling,1 family dwelling,0,10,Visitacion Valley,94134,"{'latitude': '37.71083842086488', 'longitude': '-122.41575920096828', 'human_address': '{""address"": """", ""city"": """", ""state"": """", ""zip"": """"}'}",1.08E+12,,1,1,1,1,5,wood frame (5),5,wood frame (5),2007-08-27T00:00:00.000,,,,,
5ea2077ac2aeecdcc61c59e6,M52768,8,otc alterations permit,2007-01-04T00:00:00.000,1498,39,542,47th,Av,street space & sidewalk permit,issued,2007-01-04T00:00:00.000,2007-01-04T00:00:00.000,2007-01-04T00:00:00.000,,,0,,,,1,Outer Richmond,94121,"{'latitude': '37.778110600617715', 'longitude': '-122.50790554112474', 'human_address': '{""address"": """", ""city"": """", ""state"": """", ""zip"": """"}'}",1.08E+12,,,,,,,,,,,,,,,
5ea2077ac2aeecdcc61c59e7,M52767,8,otc alterations permit,2007-01-04T00:00:00.000,835,2,1438,Market,St,verification and additional address,issued,2007-01-04T00:00:00.000,2007-01-04T00:00:00.000,2007-01-04T00:00:00.000,,,0,,,,6,Tenderloin,94102,"{'latitude': '37.77622045290004', 'longitude': '-122.41843589855435', 'human_address': '{""address"": """", ""city"": """", ""state"": """", ""zip"": """"}'}",1.08E+12,,,,,,,,,,,,,,,
5ea2077ac2aeecdcc61c59e8,M52767,8,otc alterations permit,2007-01-04T00:00:00.000,835,2,1440,Market,St,verification and additional address,issued,2007-01-04T00:00:00.000,2007-01-04T00:00:00.000,2007-01-04T00:00:00.000,,,0,,,,6,Tenderloin,94102,"{'latitude': '37.77622045290004', 'longitude': '-122.41843589855435', 'human_address': '{""address"": """", ""city"": """", ""state"": """", ""zip"": """"}'}",1.08E+12,,,,,,,,,,,,,,,
5ea2077ac2aeecdcc61c59e9,M52767,8,otc alterations permit,2007-01-04T00:00:00.000,835,2,1442,Market,St,verification and additional address,issued,2007-01-04T00:00:00.000,2007-01-04T00:00:00.000,2007-01-04T00:00:00.000,,,0,,,,6,Tenderloin,94102,"{'latitude': '37.77622045290004', 'longitude': '-122.41843589855435', 'human_address': '{""address"": """", ""city"": """", ""state"": """", ""zip"": """"}'}",1.08E+12,,,,,,,,,,,,,,,
5ea2077ac2aeecdcc61c59ea,M52767,8,otc alterations permit,2007-01-04T00:00:00.000,835,2,1444,Market,St,verification and additional address,issued,2007-01-04T00:00:00.000,2007-01-04T00:00:00.000,2007-01-04T00:00:00.000,,,0,,,,6,Tenderloin,94102,"{'latitude': '37.77622045290004', 'longitude': '-122.41843589855435', 'human_address': '{""address"": """", ""city"": """", ""state"": """", ""zip"": """"}'}",1.08E+11,,,,,,,,,,,,,,,
5ea2077ac2aeecdcc61c59eb,2.01E+11,8,otc alterations permit,2007-01-04T00:00:00.000,3717,21,150,Spear,St,oti-1  7th floor el me ls sp,complete,2007-07-17T00:00:00.000,2007-01-04T00:00:00.000,2007-01-04T00:00:00.000,2008-01-04T00:00:00.000Z,150000,150000,office,office,2,6,Financial District/South Beach,94105,"{'latitude': '37.79175339067497', 'longitude': '-122.39361386013451', 'human_address': '{""address"": """", ""city"": """", ""state"": """", ""zip"": """"}'}",1.08E+12,,17,17,0,0,1,constr type 1,1,constr type 1,2007-07-17T00:00:00.000,,,,,
5ea2077ac2aeecdcc61c59ec,2.01E+11,8,otc alterations permit,2007-01-04T00:00:00.000,1022,23,3233,Sacramento,St,"foundation improvements only under this permit. handicapped access issues to comply with adminnistrative bulletin #ab-017, sfbc '2001",issued,2007-01-04T00:00:00.000,2007-01-04T00:00:00.000,2007-01-04T00:00:00.000,2007-07-04T00:00:00.000Z,20000,20000,office,office,2,2,Presidio Heights,94115,"{'latitude': '37.78801461960107', 'longitude': '-122.44613203865055', 'human_address': '{""address"": """", ""city"": """", ""state"": """", ""zip"": """"}'}",1.08E+11,,2,2,0,0,5,wood frame (5),5,wood frame (5),,,,,,
5ea2077ac2aeecdcc61c59ed,2.01E+11,8,otc alterations permit,2007-01-04T00:00:00.000,1022,23,3237,Sacramento,St,"foundation improvements only under this permit. handicapped access issues to comply with adminnistrative bulletin #ab-017, sfbc '2001",issued,2007-01-04T00:00:00.000,2007-01-04T00:00:00.000,2007-01-04T00:00:00.000,2007-07-04T00:00:00.000Z,20000,20000,office,office,2,2,Presidio Heights,94115,"{'latitude': '37.78801461960107', 'longitude': '-122.44613203865055', 'human_address': '{""address"": """", ""city"": """", ""state"": """", ""zip"": """"}'}",1.08E+12,,2,2,0,0,5,wood frame (5),5,wood frame (5),,,,,,
5ea2077ac2aeecdcc61c59ee,2.01E+11,8,otc alterations permit,2007-01-04T00:00:00.000,3541,18,2150,15th,St,remodel existing kitchens-3 and baths-4  no change to windows or partitions in each unit.,complete,2007-07-13T00:00:00.000,2007-01-04T00:00:00.000,2007-01-04T00:00:00.000,2008-01-04T00:00:00.000Z,70000,70000,apartments,apartments,0,8,Castro/Upper Market,94114,"{'latitude': '37.76617064210269', 'longitude': '-122.43222256485817', 'human_address': '{""address"": """", ""city"": """", ""state"": """", ""zip"": """"}'}",1.08E+12,,3,3,3,3,5,wood frame (5),5,wood frame (5),2007-07-13T00:00:00.000,,,,,
5ea2077ac2aeecdcc61c59ef,2.01E+11,8,otc alterations permit,2007-01-04T00:00:00.000,3541,18,2154,15th,St,remodel existing kitchens-3 and baths-4  no change to windows or partitions in each unit.,complete,2007-07-13T00:00:00.000,2007-01-04T00:00:00.000,2007-01-04T00:00:00.000,2008-01-04T00:00:00.000Z,70000,70000,apartments,apartments,0,8,Castro/Upper Market,94114,"{'latitude': '37.76617064210269', 'longitude': '-122.43222256485817', 'human_address': '{""address"": """", ""city"": """", ""state"": """", ""zip"": """"}'}",1.08E+12,,3,3,3,3,5,wood frame (5),5,wood frame (5),2007-07-13T00:00:00.000,,,,,
5ea2077ac2aeecdcc61c59f0,2.01E+11,8,otc alterations permit,2007-01-04T00:00:00.000,2459,26,2626,Wawona,St,remodel kitchen. remove old cuyboards. counters sink-appliances. replace with new. remove old floor tile-replace with new.,expired,2010-07-01T00:00:00.000,2007-01-04T00:00:00.000,2007-01-04T00:00:00.000,2007-07-04T00:00:00.000Z,24000,24000,1 family dwelling,1 family dwelling,0,4,Sunset/Parkside,94116,"{'latitude': '37.736828254628456', 'longitude': '-122.49514045837954', 'human_address': '{""address"": """", ""city"": """", ""state"": """", ""zip"": """"}'}",1.08E+12,,1,1,1,1,5,wood frame (5),5,wood frame (5),,,,,,
5ea2077ac2aeecdcc61c59f1,M52770,8,otc alterations permit,2007-01-04T00:00:00.000,2607,34,274,Roosevelt,Wy,street space & sidewalk permit only.,issued,2007-01-04T00:00:00.000,2007-01-04T00:00:00.000,2007-01-04T00:00:00.000,,,0,,,,8,Castro/Upper Market,94117,"{'latitude': '37.76580792219555', 'longitude': '-122.44099150438457', 'human_address': '{""address"": """", ""city"": """", ""state"": """", ""zip"": """"}'}",1.08E+12,,,,,,,,,,,,,,,
5ea2077ac2aeecdcc61c59f2,M52771,8,otc alterations permit,2007-01-04T00:00:00.000,7122,8,4140,19th,Av,street space & sidewalk permit only.,issued,2007-01-04T00:00:00.000,2007-01-04T00:00:00.000,2007-01-04T00:00:00.000,,,0,,,,11,Oceanview/Merced/Ingleside,94132,"{'latitude': '37.713725275919025', 'longitude': '-122.469105631897', 'human_address': '{""address"": """", ""city"": """", ""state"": """", ""zip"": """"}'}",1.08E+12,,,,,,,,,,,,,,,
5ea2077ac2aeecdcc61c59f3,M52772,8,otc alterations permit,2007-01-04T00:00:00.000,5678,008A,133,Ellert,St,street space permit only.,issued,2007-01-04T00:00:00.000,2007-01-04T00:00:00.000,2007-01-04T00:00:00.000,,,0,,,,9,Bernal Heights,94110,"{'latitude': '37.73846383421109', 'longitude': '-122.41688725720884', 'human_address': '{""address"": """", ""city"": """", ""state"": """", ""zip"": """"}'}",1.08E+12,,,,,,,,,,,,,,,
5ea2077ac2aeecdcc61c59f4,2.01E+11,3,additions alterations or repairs,2007-01-04T00:00:00.000,491,1,2001,Chestnut,St,adding entertainment permit to full service restaurant. nned to have planning approval,cancelled,2009-09-16T00:00:00.000,2007-01-04T00:00:00.000,,,1,,food/beverage hndlng,food/beverage hndlng,0,2,Marina,94123,"{'latitude': '37.80055404683153', 'longitude': '-122.43651042613021', 'human_address': '{""address"": """", ""city"": """", ""state"": """", ""zip"": """"}'}",1.08E+11,,1,1,0,0,5,wood frame (5),5,wood frame (5),,,,,,
5ea2077ac2aeecdcc61c59f5,M52782,8,otc alterations permit,2007-01-04T00:00:00.000,3545,16,286,Guerrero,St,street space,issued,2007-01-04T00:00:00.000,2007-01-04T00:00:00.000,2007-01-04T00:00:00.000,,,0,,,,8,Mission,94103,"{'latitude': '37.76665914684608', 'longitude': '-122.42460014347957', 'human_address': '{""address"": """", ""city"": """", ""state"": """", ""zip"": """"}'}",1.08E+12,,,,,,,,,,,,,,,
5ea2077ac2aeecdcc61c59f6,2.01E+11,3,additions alterations or repairs,2007-01-04T00:00:00.000,2504A,001D,2719,35th,Av,rear yard horizontal addition and vertical addition of new third floor master suite. miscellaneous interior remodeling including new stair  to service all the three levels,cancelled,2011-08-10T00:00:00.000,2007-01-04T00:00:00.000,,,200000,300000,1 family dwelling,1 family dwelling,2,4,Sunset/Parkside,94116,"{'latitude': '37.73653122996039', 'longitude': '-122.49275327250355', 'human_address': '{""address"": """", ""city"": """", ""state"": """", ""zip"": """"}'}",1.08E+12,,2,3,1,1,5,wood frame (5),5,wood frame (5),,Y,Y,,,
5ea2077ac2aeecdcc61c59f7,2.01E+11,8,otc alterations permit,2007-01-04T00:00:00.000,1755,23,529,Hugo,St,"remodel of kitchen & bathroom to 533 hugo st. new kitchen cabinets, counter-tops & appliances, new fixtures & tile to bathroom. 50% of kitchen light wattage must be of flourescent. provide flourescent lights or manual on ""occupancy sensor in bathroom.",complete,2007-04-20T00:00:00.000,2007-01-04T00:00:00.000,2007-01-04T00:00:00.000,2008-01-04T00:00:00.000Z,30000,30000,apartments,apartments,0,5,Inner Sunset,94122,"{'latitude': '37.76485550962329', 'longitude': '-122.46372927468245', 'human_address': '{""address"": """", ""city"": """", ""state"": """", ""zip"": """"}'}",1.08E+12,0,3,3,3,3,5,wood frame (5),5,wood frame (5),2007-04-20T00:00:00.000,,,,,
5ea2077ac2aeecdcc61c59f8,2.01E+11,8,otc alterations permit,2007-01-04T00:00:00.000,1755,23,531,Hugo,St,"remodel of kitchen & bathroom to 533 hugo st. new kitchen cabinets, counter-tops & appliances, new fixtures & tile to bathroom. 50% of kitchen light wattage must be of flourescent. provide flourescent lights or manual on ""occupancy sensor in bathroom.",complete,2007-04-20T00:00:00.000,2007-01-04T00:00:00.000,2007-01-04T00:00:00.000,2008-01-04T00:00:00.000Z,30000,30000,apartments,apartments,0,5,Inner Sunset,94122,"{'latitude': '37.76485550962329', 'longitude': '-122.46372927468245', 'human_address': '{""address"": """", ""city"": """", ""state"": """", ""zip"": """"}'}",1.08E+12,,3,3,3,3,5,wood frame (5),5,wood frame (5),2007-04-20T00:00:00.000,,,,,
5ea2077ac2aeecdcc61c59f9,2.01E+11,8,otc alterations permit,2007-01-04T00:00:00.000,1755,23,533,Hugo,St,"remodel of kitchen & bathroom to 533 hugo st. new kitchen cabinets, counter-tops & appliances, new fixtures & tile to bathroom. 50% of kitchen light wattage must be of flourescent. provide flourescent lights or manual on ""occupancy sensor in bathroom.",complete,2007-04-20T00:00:00.000,2007-01-04T00:00:00.000,2007-01-04T00:00:00.000,2008-01-04T00:00:00.000Z,30000,30000,apartments,apartments,0,5,Inner Sunset,94122,"{'latitude': '37.76485550962329', 'longitude': '-122.46372927468245', 'human_address': '{""address"": """", ""city"": """", ""state"": """", ""zip"": """"}'}",1.08E+12,0,3,3,3,3,5,wood frame (5),5,wood frame (5),2007-04-20T00:00:00.000,,,,,
5ea2077ac2aeecdcc61c59fa,2.01E+11,8,otc alterations permit,2007-01-04T00:00:00.000,6652,3,18,Harper,St,"interior remodel: new cabinery, counters, flooring & finishes, new appliances, lighting & plumbing fixtures, infill exisiting and add  new wood sididng, new  non property line windows,new ducts @ kitchen hood & w/p, new skylight, lno work on lany other location or unit on property",issued,2007-01-04T00:00:00.000,2007-01-04T00:00:00.000,2007-01-04T00:00:00.000,2008-01-04T00:00:00.000Z,24000,42000,2 family dwelling,2 family dwelling,2,,,,,1.08E+12,,3,3,2,2,5,wood frame (5),5,wood frame (5),,,,,,
5ea2077ac2aeecdcc61c59fb,2.01E+11,8,otc alterations permit,2007-01-04T00:00:00.000,6444,2,26,Seville,St,"legalize rooms at groundfloor level. to comply w/ n.o.v. #200683017. remove bathroom, kitchen & bedroom, dining room on groundfloor.",complete,2007-10-09T00:00:00.000,2007-01-04T00:00:00.000,2007-01-04T00:00:00.000,2007-05-04T00:00:00.000Z,5000,5000,1 family dwelling,1 family dwelling,2,11,Excelsior,94112,"{'latitude': '37.71225172984296', 'longitude': '-122.4347135496256', 'human_address': '{""address"": """", ""city"": """", ""state"": """", ""zip"": """"}'}",1.08E+12,,2,2,1,1,5,wood frame (5),5,wood frame (5),2007-10-09T00:00:00.000,,,,,
5ea2077ac2aeecdcc61c59fc,M52783,8,otc alterations permit,2007-01-04T00:00:00.000,5518,004A,47,Powers,Av,street space permit,issued,2007-01-04T00:00:00.000,2007-01-04T00:00:00.000,2007-01-04T00:00:00.000,,,0,,,,9,Bernal Heights,94110,"{'latitude': '37.74593308725132', 'longitude': '-122.41844514362744', 'human_address': '{""address"": """", ""city"": """", ""state"": """", ""zip"": """"}'}",1.08E+12,,,,,,,,,,,,,,,
5ea2077ac2aeecdcc61c59fd,M52784,8,otc alterations permit,2007-01-04T00:00:00.000,804,1,699,Webster,St,sidewalk repair,issued,2007-01-04T00:00:00.000,2007-01-04T00:00:00.000,2007-01-04T00:00:00.000,,,0,,,,5,Hayes Valley,94117,"{'latitude': '37.77681862505499', 'longitude': '-122.4299170395994', 'human_address': '{""address"": """", ""city"": """", ""state"": """", ""zip"": """"}'}",1.08E+11,,,,,,,,,,,,,,,
5ea2077ac2aeecdcc61c59fe,2.01E+11,8,otc alterations permit,2007-01-04T00:00:00.000,3258,16,380,Santa Ana,Av,work to be done as per pest control report# 06917.,complete,2007-02-05T00:00:00.000,2007-01-04T00:00:00.000,2007-01-04T00:00:00.000,2007-07-04T00:00:00.000Z,6000,6000,1 family dwelling,1 family dwelling,0,7,West of Twin Peaks,94127,"{'latitude': '37.73014298335824', 'longitude': '-122.46851938049694', 'human_address': '{""address"": """", ""city"": """", ""state"": """", ""zip"": """"}'}",1.08E+12,,2,2,1,1,5,wood frame (5),5,wood frame (5),2007-02-05T00:00:00.000,,,,,
5ea2077ac2aeecdcc61c59ff,M52802,8,otc alterations permit,2007-01-04T00:00:00.000,1745,5,1231,05th,Av,street space permit,issued,2007-01-04T00:00:00.000,2007-01-04T00:00:00.000,2007-01-04T00:00:00.000,,,0,,,,5,Inner Sunset,94122,"{'latitude': '37.76547355005429', 'longitude': '-122.4624038786064', 'human_address': '{""address"": """", ""city"": """", ""state"": """", ""zip"": """"}'}",1.08E+12,,,,,,,,,,,,,,,
5ea2077ac2aeecdcc61c5a00,2.01E+11,3,additions alterations or repairs,2007-01-04T00:00:00.000,5706,19,579,Moultrie,St,remodelng of existing two story over garage dwellings new foundation partial and remodeling at lower floor level. reworking  bathroom new bath fixtures and tile work and remodeling part of kitchen area at main floor replacing received second means of egress at rear.,complete,2008-01-25T00:00:00.000,2007-01-04T00:00:00.000,2007-04-18T00:00:00.000,2008-04-18T00:00:00.000Z,35000,135000,2 family dwelling,2 family dwelling,2,9,Bernal Heights,94110,"{'latitude': '37.73747099537671', 'longitude': '-122.41574176641718', 'human_address': '{""address"": """", ""city"": """", ""state"": """", ""zip"": """"}'}",1.08E+12,,3,3,2,2,5,wood frame (5),5,wood frame (5),2008-01-25T00:00:00.000,,,,,
5ea2077ac2aeecdcc61c5a01,2.01E+11,8,otc alterations permit,2007-01-04T00:00:00.000,3587,056B,72,Oakwood,St,renew pa# 2004/11/03/8384 for final inspection.,complete,2007-01-17T00:00:00.000,2007-01-04T00:00:00.000,2007-01-04T00:00:00.000,2007-05-04T00:00:00.000Z,1,1,1 family dwelling,1 family dwelling,0,8,Mission,94110,"{'latitude': '37.76049276996192', 'longitude': '-122.42520175506809', 'human_address': '{""address"": """", ""city"": """", ""state"": """", ""zip"": """"}'}",1.08E+12,,2,2,1,1,5,wood frame (5),5,wood frame (5),2007-01-17T00:00:00.000,,,,,
5ea2077ac2aeecdcc61c5a02,2.01E+11,8,otc alterations permit,2007-01-04T00:00:00.000,670,17,1485,Bush,St,renew pa#200304253119 & pa#200401224591 to comply with orinance #17202.,complete,2007-01-08T00:00:00.000,2007-01-04T00:00:00.000,2007-01-04T00:00:00.000,2007-05-04T00:00:00.000Z,1,1,residential hotel,residential hotel,0,3,Nob Hill,94109,"{'latitude': '37.78838966132237', 'longitude': '-122.4216065567673', 'human_address': '{""address"": """", ""city"": """", ""state"": """", ""zip"": """"}'}",1.08E+11,,5,5,26,26,4,constr type 4,4,constr type 4,2007-01-08T00:00:00.000,,,,,
5ea2077ac2aeecdcc61c5a03,2.01E+11,8,otc alterations permit,2007-01-04T00:00:00.000,309,28,130,Geary,St,"interior tenant improvements to an exist retail store, work incl new architectural finishes, minor interior partition removal & construction new light fixtures and new casework. install a new auto door opening device at entry doors.",complete,2007-05-15T00:00:00.000,2007-01-04T00:00:00.000,2007-01-04T00:00:00.000,2008-01-04T00:00:00.000Z,113200,113200,retail sales,retail sales,2,3,Financial District/South Beach,94108,"{'latitude': '37.78797495990105', 'longitude': '-122.40545562252332', 'human_address': '{""address"": """", ""city"": """", ""state"": """", ""zip"": """"}'}",1.08E+11,,5,5,0,0,3,constr type 3,3,constr type 3,2007-05-15T00:00:00.000,,,,,
5ea2077ac2aeecdcc61c5a04,2.01E+11,8,otc alterations permit,2007-01-04T00:00:00.000,6752,65,15,Rotteck,St,to comply with nov# 200685005. install the handrail in front of the house. comply to bldg. code.,complete,2007-03-02T00:00:00.000,2007-01-04T00:00:00.000,2007-01-04T00:00:00.000,2007-05-04T00:00:00.000Z,300,300,1 family dwelling,1 family dwelling,0,8,Outer Mission,94112,"{'latitude': '37.732781332005516', 'longitude': '-122.4308042433541', 'human_address': '{""address"": """", ""city"": """", ""state"": """", ""zip"": """"}'}",1.08E+12,,3,3,1,1,5,wood frame (5),5,wood frame (5),2007-03-02T00:00:00.000,,,,,
5ea2077ac2aeecdcc61c5a05,2.01E+11,3,additions alterations or repairs,2007-01-04T00:00:00.000,5673,16,23,Cortland,Av,work to comply with report #3r-4600.,complete,2007-02-08T00:00:00.000,2007-01-04T00:00:00.000,2007-01-10T00:00:00.000,2007-05-10T00:00:00.000Z,700,700,2 family dwelling,2 family dwelling,0,9,Bernal Heights,94110,"{'latitude': '37.740989527337796', 'longitude': '-122.42212119003149', 'human_address': '{""address"": """", ""city"": """", ""state"": """", ""zip"": """"}'}",1.08E+12,,3,3,2,2,5,wood frame (5),5,wood frame (5),2007-02-08T00:00:00.000,,,,,
5ea2077ac2aeecdcc61c5a06,2.01E+11,3,additions alterations or repairs,2007-01-04T00:00:00.000,5673,16,25,Cortland,Av,work to comply with report #3r-4600.,complete,2007-02-08T00:00:00.000,2007-01-04T00:00:00.000,2007-01-10T00:00:00.000,2007-05-10T00:00:00.000Z,700,700,2 family dwelling,2 family dwelling,0,9,Bernal Heights,94110,"{'latitude': '37.740989527337796', 'longitude': '-122.42212119003149', 'human_address': '{""address"": """", ""city"": """", ""state"": """", ""zip"": """"}'}",1.08E+12,,3,3,2,2,5,wood frame (5),5,wood frame (5),2007-02-08T00:00:00.000,,,,,
5ea2077ac2aeecdcc61c5a07,2.01E+11,3,additions alterations or repairs,2007-01-04T00:00:00.000,1332,22,2526,Lake,St,comply to 3-r report 4680. building and housing inspector reports #4 & #5 for room in garage.,complete,2007-02-28T00:00:00.000,2007-01-04T00:00:00.000,2007-01-29T00:00:00.000,2007-07-29T00:00:00.000Z,2000,8000,2 family dwelling,2 family dwelling,2,2,Seacliff,94121,"{'latitude': '37.78591993757803', 'longitude': '-122.48676880160062', 'human_address': '{""address"": """", ""city"": """", ""state"": """", ""zip"": """"}'}",1.08E+11,,3,3,2,2,5,wood frame (5),5,wood frame (5),2007-02-28T00:00:00.000,,,,,
5ea2077ac2aeecdcc61c5a08,2.01E+11,3,additions alterations or repairs,2007-01-04T00:00:00.000,1332,22,2528,Lake,St,comply to 3-r report 4680. building and housing inspector reports #4 & #5 for room in garage.,complete,2007-02-28T00:00:00.000,2007-01-04T00:00:00.000,2007-01-29T00:00:00.000,2007-07-29T00:00:00.000Z,2000,8000,2 family dwelling,2 family dwelling,2,2,Seacliff,94121,"{'latitude': '37.78591993757803', 'longitude': '-122.48676880160062', 'human_address': '{""address"": """", ""city"": """", ""state"": """", ""zip"": """"}'}",1.08E+12,,3,3,2,2,5,wood frame (5),5,wood frame (5),2007-02-28T00:00:00.000,,,,,
5ea2077ac2aeecdcc61c5a09,M52822,8,otc alterations permit,2007-01-04T00:00:00.000,6665,51,71,Miguel,St,street space,issued,2007-01-04T00:00:00.000,2007-01-04T00:00:00.000,2007-01-04T00:00:00.000,,,0,,,,8,Glen Park,94131,"{'latitude': '37.739044384830244', 'longitude': '-122.4290875044962', 'human_address': '{""address"": """", ""city"": """", ""state"": """", ""zip"": """"}'}",1.08E+12,,,,,,,,,,,,,,,
5ea2077ac2aeecdcc61c5a0a,2.01E+11,8,otc alterations permit,2007-01-04T00:00:00.000,1411,15,282,23rd,Av,"revision to app #200604148993. infill the wall at the 2nd floor only. extend 2nd story 2""x8s''",complete,2008-12-22T00:00:00.000,2007-01-04T00:00:00.000,2007-01-04T00:00:00.000,2007-05-04T00:00:00.000Z,400,400,2 family dwelling,2 family dwelling,2,1,Outer Richmond,94121,"{'latitude': '37.782480194612', 'longitude': '-122.48249693223697', 'human_address': '{""address"": """", ""city"": """", ""state"": """", ""zip"": """"}'}",1.08E+11,,2,2,2,2,5,wood frame (5),5,wood frame (5),2008-12-22T00:00:00.000,Y,,,,
5ea2077ac2aeecdcc61c5a0b,M52803,8,otc alterations permit,2007-01-04T00:00:00.000,1422,6,233,11th,Av,street space,issued,2007-01-04T00:00:00.000,2007-01-04T00:00:00.000,2007-01-04T00:00:00.000,,,0,,,,1,Inner Richmond,94118,"{'latitude': '37.78393455544194', 'longitude': '-122.47019146848605', 'human_address': '{""address"": """", ""city"": """", ""state"": """", ""zip"": """"}'}",1.08E+12,,,,,,,,,,,,,,,
5ea2077ac2aeecdcc61c5a0c,2.01E+11,8,otc alterations permit,2007-01-04T00:00:00.000,506,39,3132,Laguna,St,cut 36' of 2 x 6 floor repair dry rot replace flooring on ground floor concrete slab due to sewer repairs. new floor joist to be pressure treated.,complete,2007-03-14T00:00:00.000,2007-01-04T00:00:00.000,2007-01-04T00:00:00.000,2007-05-04T00:00:00.000Z,4000,4000,1 family dwelling,1 family dwelling,0,2,Marina,94123,"{'latitude': '37.80009191923437', 'longitude': '-122.43073188052868', 'human_address': '{""address"": """", ""city"": """", ""state"": """", ""zip"": """"}'}",1.08E+11,,1,1,1,1,5,wood frame (5),5,wood frame (5),2007-03-14T00:00:00.000,,,,,
5ea2077ac2aeecdcc61c5a0d,2.01E+11,3,additions alterations or repairs,2007-01-04T00:00:00.000,130,43,766,Vallejo,St,installation of unmanned telecommunication facility. installation of 3 antennas located on the rooftop of the building. installation of sprint cabinets on the 4th floor. installation of coax cable runs from cabinets to antennas. installation of power & telephone service.,cancelled,2013-06-05T00:00:00.000,2007-01-04T00:00:00.000,,,50000,,prkng garage/public,prkng garage/public,2,3,Chinatown,94133,"{'latitude': '37.79872657122672', 'longitude': '-122.40991067669911', 'human_address': '{""address"": """", ""city"": """", ""state"": """", ""zip"": """"}'}",1.08E+12,,4,4,0,0,2,constr type 2,2,constr type 2,,,,,,
5ea2077ac2aeecdcc61c5a0e,M52842,8,otc alterations permit,2007-01-04T00:00:00.000,7071,8,355,Bright,St,street space,issued,2007-01-04T00:00:00.000,2007-01-04T00:00:00.000,2007-01-04T00:00:00.000,,,0,,,,11,Oceanview/Merced/Ingleside,94132,"{'latitude': '37.71714083657735', 'longitude': '-122.46380922960289', 'human_address': '{""address"": """", ""city"": """", ""state"": """", ""zip"": """"}'}",1.08E+12,,,,,,,,,,,,,,,
5ea2077ac2aeecdcc61c5a0f,2.01E+11,3,additions alterations or repairs,2007-01-04T00:00:00.000,3600,005A,748,Church,St,install new retaining wall in front of (e) deteriorated wall in backyard.,complete,2007-08-27T00:00:00.000,2007-01-04T00:00:00.000,2007-02-06T00:00:00.000,2008-02-06T00:00:00.000Z,30000,42000,fence/retaining wall,fence/retaining wall,2,8,Castro/Upper Market,94114,"{'latitude': '37.7586535928751', 'longitude': '-122.42837698054784', 'human_address': '{""address"": """", ""city"": """", ""state"": """", ""zip"": """"}'}",1.08E+12,,0,0,0,0,5,wood frame (5),5,wood frame (5),2007-08-27T00:00:00.000,,,,,
5ea2077ac2aeecdcc61c5a10,2.01E+11,8,otc alterations permit,2007-01-04T00:00:00.000,1050,18,1836,Divisadero,St,revision to application #2006/11/13/7535- extension of grease duct 10 ft.,complete,2007-05-03T00:00:00.000,2007-01-04T00:00:00.000,2007-01-04T00:00:00.000,2007-05-04T00:00:00.000Z,100,100,food/beverage hndlng,food/beverage hndlng,2,2,Pacific Heights,94115,"{'latitude': '37.78672451334801', 'longitude': '-122.43978142222043', 'human_address': '{""address"": """", ""city"": """", ""state"": """", ""zip"": """"}'}",1.08E+11,,3,3,2,2,5,wood frame (5),5,wood frame (5),2007-05-03T00:00:00.000,,,,,
5ea2077ac2aeecdcc61c5a11,2.01E+11,8,otc alterations permit,2007-01-04T00:00:00.000,1557,19,1348,Balboa,St,reroofing,issued,2007-01-04T00:00:00.000,2007-01-04T00:00:00.000,2007-01-04T00:00:00.000,2007-05-04T00:00:00.000Z,5000,5000,2 family dwelling,2 family dwelling,0,1,Outer Richmond,94118,"{'latitude': '37.77704494837567', 'longitude': '-122.47342879044996', 'human_address': '{""address"": """", ""city"": """", ""state"": """", ""zip"": """"}'}",1.08E+12,,,,,,,,,,,,,,,
5ea2077ac2aeecdcc61c5a12,2.01E+11,8,otc alterations permit,2007-01-04T00:00:00.000,3779,94,23,Boardman,Pl,renew app #200510034554 to continue work,complete,2007-11-06T00:00:00.000,2007-01-04T00:00:00.000,2007-01-04T00:00:00.000,2007-07-04T00:00:00.000Z,12000,12000,1 family dwelling,1 family dwelling,0,6,South of Market,94103,"{'latitude': '37.77496346572107', 'longitude': '-122.40301192500526', 'human_address': '{""address"": """", ""city"": """", ""state"": """", ""zip"": """"}'}",1.08E+12,,1,1,1,1,5,wood frame (5),5,wood frame (5),2007-11-06T00:00:00.000,,,,,
5ea2077ac2aeecdcc61c5a13,M52862,8,otc alterations permit,2007-01-04T00:00:00.000,1927A,7,1674,17th,Av,sidewalk repair permit,issued,2007-01-04T00:00:00.000,2007-01-04T00:00:00.000,2007-01-04T00:00:00.000,,,0,,,,7,Inner Sunset,94122,"{'latitude': '37.756704319373256', 'longitude': '-122.474204346103', 'human_address': '{""address"": """", ""city"": """", ""state"": """", ""zip"": """"}'}",1.08E+12,,,,,,,,,,,,,,,
5ea2077ac2aeecdcc61c5a14,M52863,8,otc alterations permit,2007-01-04T00:00:00.000,654,6,2322,Pine,St,street space & sidewalk permit only.,issued,2007-01-04T00:00:00.000,2007-01-04T00:00:00.000,2007-01-04T00:00:00.000,,,0,,,,2,Pacific Heights,94115,"{'latitude': '37.7881207605749', 'longitude': '-122.43415237226446', 'human_address': '{""address"": """", ""city"": """", ""state"": """", ""zip"": """"}'}",1.08E+11,,,,,,,,,,,,,,,
5ea2077ac2aeecdcc61c5a15,2.01E+11,8,otc alterations permit,2007-01-04T00:00:00.000,808,6,406,Hayes,St,upgrade  (e) range gard replace (e) nozzles & tank as /if needed repipe as/if needed for 6 gal. system,expired,2011-03-28T00:00:00.000,2007-01-04T00:00:00.000,2007-01-04T00:00:00.000,2007-05-04T00:00:00.000Z,3500,3500,food/beverage hndlng,food/beverage hndlng,2,5,Hayes Valley,94102,"{'latitude': '37.7770669107761', 'longitude': '-122.42327130488013', 'human_address': '{""address"": """", ""city"": """", ""state"": """", ""zip"": """"}'}",1.08E+11,,1,1,0,0,5,wood frame (5),5,wood frame (5),,,,,,
5ea2077ac2aeecdcc61c5a16,2.01E+11,8,otc alterations permit,2007-01-04T00:00:00.000,5670,5,214,Elsie,St,renovation of (e) kitchen & 1/2 bath in upper story unit. replace (e) windows in same (change to double pane insulated) back of house. install flourescent lights in kitchen & 1/2 bath to comply with energy regulations.,complete,2007-06-14T00:00:00.000,2007-01-04T00:00:00.000,2007-01-04T00:00:00.000,2007-07-04T00:00:00.000Z,12000,12000,2 family dwelling,2 family dwelling,0,9,Bernal Heights,94110,"{'latitude': '37.740747731193714', 'longitude': '-122.41929331280254', 'human_address': '{""address"": """", ""city"": """", ""state"": """", ""zip"": """"}'}",1.08E+12,,2,2,2,2,5,wood frame (5),5,wood frame (5),2007-06-14T00:00:00.000,,,,,
5ea2077ac2aeecdcc61c5a17,2.01E+11,8,otc alterations permit,2007-01-04T00:00:00.000,3705,42,865,Market,St,alteration to extg fire sprnklr system relocated 37 plug 2,issued,2007-01-04T00:00:00.000,2007-01-04T00:00:00.000,2007-01-04T00:00:00.000,2007-07-04T00:00:00.000Z,5500,5500,retail sales,retail sales,2,6,South of Market,94103,"{'latitude': '37.78394695457302', 'longitude': '-122.40715830829208', 'human_address': '{""address"": """", ""city"": """", ""state"": """", ""zip"": """"}'}",1.08E+12,,5,5,0,0,2,constr type 2,2,constr type 2,,,,,,
5ea2077ac2aeecdcc61c5a18,M52864,8,otc alterations permit,2007-01-04T00:00:00.000,942,45,2700,Filbert,St,street space,issued,2007-01-04T00:00:00.000,2007-01-04T00:00:00.000,2007-01-04T00:00:00.000,,,0,,,,2,Marina,94123,"{'latitude': '37.797174701403215', 'longitude': '-122.44417440367648', 'human_address': '{""address"": """", ""city"": """", ""state"": """", ""zip"": """"}'}",1.08E+11,,,,,,,,,,,,,,,
5ea2077ac2aeecdcc61c5a19,2.01E+11,3,additions alterations or repairs,2007-01-04T00:00:00.000,1287,29,131,Rivoli,St,revision to pa# 2005/08/05/9555. changes to foundation no indicated on plans & to comply with dbi correction notice dated 12/22/06 to show foundation set back from property line.,issued,2007-06-21T00:00:00.000,2007-01-04T00:00:00.000,2007-06-21T00:00:00.000,2007-10-21T00:00:00.000Z,5000,5000,1 family dwelling,1 family dwelling,2,5,Haight Ashbury,94117,"{'latitude': '37.76220817688374', 'longitude': '-122.4498420397494', 'human_address': '{""address"": """", ""city"": """", ""state"": """", ""zip"": """"}'}",1.08E+11,,3,3,1,1,5,wood frame (5),5,wood frame (5),,,,,,
5ea2077ac2aeecdcc61c5a1a,M52882,8,otc alterations permit,2007-01-04T00:00:00.000,1126,7,1201,Divisadero,St,sidewalk permit only.,issued,2007-01-04T00:00:00.000,2007-01-04T00:00:00.000,2007-01-04T00:00:00.000,,,0,,,,5,Western Addition,94115,"{'latitude': '37.78072370558168', 'longitude': '-122.43927341774132', 'human_address': '{""address"": """", ""city"": """", ""state"": """", ""zip"": """"}'}",1.08E+12,,,,,,,,,,,,,,,
5ea2077ac2aeecdcc61c5a1b,2.01E+11,3,additions alterations or repairs,2007-01-04T00:00:00.000,3580,2,514,Church,St,"permit to do work, to comply with 3r report #3r-4727.",complete,2007-02-02T00:00:00.000,2007-01-04T00:00:00.000,2007-01-24T00:00:00.000,2007-05-24T00:00:00.000Z,1000,1000,1 family dwelling,1 family dwelling,0,8,Castro/Upper Market,94114,"{'latitude': '37.76255863737553', 'longitude': '-122.42871383783428', 'human_address': '{""address"": """", ""city"": """", ""state"": """", ""zip"": """"}'}",1.08E+12,0,3,3,3,3,5,wood frame (5),5,wood frame (5),2007-02-02T00:00:00.000,,,,,
5ea2077ac2aeecdcc61c5a1c,2.01E+11,3,additions alterations or repairs,2007-01-04T00:00:00.000,3580,2,516,Church,St,"permit to do work, to comply with 3r report #3r-4727.",complete,2007-02-02T00:00:00.000,2007-01-04T00:00:00.000,2007-01-24T00:00:00.000,2007-05-24T00:00:00.000Z,1000,1000,1 family dwelling,1 family dwelling,0,8,Castro/Upper Market,94114,"{'latitude': '37.76255863737553', 'longitude': '-122.42871383783428', 'human_address': '{""address"": """", ""city"": """", ""state"": """", ""zip"": """"}'}",1.08E+12,,3,3,3,3,5,wood frame (5),5,wood frame (5),2007-02-02T00:00:00.000,,,,,
5ea2077ac2aeecdcc61c5a1d,2.01E+11,3,additions alterations or repairs,2007-01-04T00:00:00.000,3580,2,518,Church,St,"permit to do work, to comply with 3r report #3r-4727.",complete,2007-02-02T00:00:00.000,2007-01-04T00:00:00.000,2007-01-24T00:00:00.000,2007-05-24T00:00:00.000Z,1000,1000,1 family dwelling,1 family dwelling,0,8,Castro/Upper Market,94114,"{'latitude': '37.76255863737553', 'longitude': '-122.42871383783428', 'human_address': '{""address"": """", ""city"": """", ""state"": """", ""zip"": """"}'}",1.08E+12,,3,3,3,3,5,wood frame (5),5,wood frame (5),2007-02-02T00:00:00.000,,,,,
5ea2077ac2aeecdcc61c5a1e,2.01E+11,4,sign - erect,2007-01-04T00:00:00.000,3754,67,1000,Harrison,St,"sign permit - ground, non electric, double faced.",issued,2007-08-07T00:00:00.000,2007-01-04T00:00:00.000,2007-08-07T00:00:00.000,2007-12-07T00:00:00.000Z,1000,,filling/service stn,,2,6,South of Market,94103,"{'latitude': '37.77734832291673', 'longitude': '-122.40465410079608', 'human_address': '{""address"": """", ""city"": """", ""state"": """", ""zip"": """"}'}",1.08E+12,,1,,0,,5,wood frame (5),,,,,,,,
5ea2077ac2aeecdcc61c5a1f,M52883,8,otc alterations permit,2007-01-04T00:00:00.000,2423,35,2526,23rd,Av,street space permit only.,issued,2007-01-04T00:00:00.000,2007-01-04T00:00:00.000,2007-01-04T00:00:00.000,,,0,,,,4,Sunset/Parkside,94116,"{'latitude': '37.74044639483694', 'longitude': '-122.4794789203212', 'human_address': '{""address"": """", ""city"": """", ""state"": """", ""zip"": """"}'}",1.08E+12,,,,,,,,,,,,,,,
5ea2077ac2aeecdcc61c5a20,M52884,8,otc alterations permit,2007-01-04T00:00:00.000,1439,40,637,Clement,St,sidewalk permit only.,issued,2007-01-04T00:00:00.000,2007-01-04T00:00:00.000,2007-01-04T00:00:00.000,,,0,,,,1,Inner Richmond,94118,"{'latitude': '37.78262073805518', 'longitude': '-122.46614333046185', 'human_address': '{""address"": """", ""city"": """", ""state"": """", ""zip"": """"}'}",1.08E+11,,,,,,,,,,,,,,,
5ea2077ac2aeecdcc61c5a21,M52884,8,otc alterations permit,2007-01-04T00:00:00.000,1439,40,639,Clement,St,sidewalk permit only.,issued,2007-01-04T00:00:00.000,2007-01-04T00:00:00.000,2007-01-04T00:00:00.000,,,0,,,,1,Inner Richmond,94118,"{'latitude': '37.78262073805518', 'longitude': '-122.46614333046185', 'human_address': '{""address"": """", ""city"": """", ""state"": """", ""zip"": """"}'}",1.08E+12,,,,,,,,,,,,,,,
5ea2077ac2aeecdcc61c5a22,M52885,8,otc alterations permit,2007-01-04T00:00:00.000,1439,39,645,Clement,St,sidewalk permit only.,issued,2007-01-04T00:00:00.000,2007-01-04T00:00:00.000,2007-01-04T00:00:00.000,,,0,,,,1,Inner Richmond,94118,"{'latitude': '37.78261659472227', 'longitude': '-122.46623430304344', 'human_address': '{""address"": """", ""city"": """", ""state"": """", ""zip"": """"}'}",1.08E+11,,,,,,,,,,,,,,,
5ea2077ac2aeecdcc61c5a23,M52885,8,otc alterations permit,2007-01-04T00:00:00.000,1439,39,647,Clement,St,sidewalk permit only.,issued,2007-01-04T00:00:00.000,2007-01-04T00:00:00.000,2007-01-04T00:00:00.000,,,0,,,,1,Inner Richmond,94118,"{'latitude': '37.78261659472227', 'longitude': '-122.46623430304344', 'human_address': '{""address"": """", ""city"": """", ""state"": """", ""zip"": """"}'}",1.08E+12,,,,,,,,,,,,,,,
5ea2077ac2aeecdcc61c5a24,2.01E+11,4,sign - erect,2007-01-04T00:00:00.000,3754,67,1000,Harrison,St,"to erect a double-faced, electric, ground sign.",issued,2007-08-23T00:00:00.000,2007-01-04T00:00:00.000,2007-08-23T00:00:00.000,2007-12-23T00:00:00.000Z,1500,1500,filling/service stn,,2,6,South of Market,94103,"{'latitude': '37.77734832291673', 'longitude': '-122.40465410079608', 'human_address': '{""address"": """", ""city"": """", ""state"": """", ""zip"": """"}'}",1.08E+12,,1,,0,,5,wood frame (5),,,,,,,,
5ea2077ac2aeecdcc61c5a25,2.01E+11,3,additions alterations or repairs,2007-01-04T00:00:00.000,3754,67,1000,Harrison,St,"cheveron station reimage consisting of replacing signs, replacing existing canopy fascia with new canopy fascia. adding l.e.d. down lighting with valance and paint exterior of bldg earth tones.",issued,2007-08-13T00:00:00.000,2007-01-04T00:00:00.000,2007-08-13T00:00:00.000,2008-08-13T00:00:00.000Z,30500,30500,filling/service stn,filling/service stn,2,6,South of Market,94103,"{'latitude': '37.77734832291673', 'longitude': '-122.40465410079608', 'human_address': '{""address"": """", ""city"": """", ""state"": """", ""zip"": """"}'}",1.08E+12,,1,1,0,0,5,wood frame (5),5,wood frame (5),,,,,,
5ea2077ac2aeecdcc61c5a26,2.01E+11,8,otc alterations permit,2007-01-04T00:00:00.000,6561,22,4377,26th,St,"bathroom remodel. new fixtures & fittings. tile at tub / shower walls & wainscot. new operable flat skylight, new fan.",complete,2007-05-30T00:00:00.000,2007-01-04T00:00:00.000,2007-01-04T00:00:00.000,2008-01-04T00:00:00.000Z,26000,26000,1 family dwelling,1 family dwelling,2,8,Noe Valley,94131,"{'latitude': '37.74761900942824', 'longitude': '-122.4376270842976', 'human_address': '{""address"": """", ""city"": """", ""state"": """", ""zip"": """"}'}",1.08E+12,,2,2,1,1,5,wood frame (5),5,wood frame (5),2007-05-30T00:00:00.000,,,,,
5ea2077ac2aeecdcc61c5a27,2.01E+11,4,sign - erect,2007-01-04T00:00:00.000,3754,67,1000,Harrison,St,"to erect a single faced, electric, wall sign.",issued,2007-08-23T00:00:00.000,2007-01-04T00:00:00.000,2007-08-23T00:00:00.000,2007-12-23T00:00:00.000Z,3000,3000,filling/service stn,,2,6,South of Market,94103,"{'latitude': '37.77734832291673', 'longitude': '-122.40465410079608', 'human_address': '{""address"": """", ""city"": """", ""state"": """", ""zip"": """"}'}",1.08E+12,,1,,0,,5,wood frame (5),,,,,,,,
5ea2077ac2aeecdcc61c5a28,2.01E+11,8,otc alterations permit,2007-01-04T00:00:00.000,3534,14,194,Guerrero,St,"upgrade (e) range guard, replace (e) nozzles, repipe if needed to comply with pipe rules for gal system.",issued,2007-01-04T00:00:00.000,2007-01-04T00:00:00.000,2007-01-04T00:00:00.000,2007-05-04T00:00:00.000Z,3500,3500,food/beverage hndlng,food/beverage hndlng,2,8,Mission,94103,"{'latitude': '37.768139029591104', 'longitude': '-122.4247023054287', 'human_address': '{""address"": """", ""city"": """", ""state"": """", ""zip"": """"}'}",1.08E+12,,3,3,3,3,5,wood frame (5),5,wood frame (5),,,,,,
5ea2077ac2aeecdcc61c5a29,2.01E+11,8,otc alterations permit,2007-01-04T00:00:00.000,3534,14,196,Guerrero,St,"upgrade (e) range guard, replace (e) nozzles, repipe if needed to comply with pipe rules for gal system.",issued,2007-01-04T00:00:00.000,2007-01-04T00:00:00.000,2007-01-04T00:00:00.000,2007-05-04T00:00:00.000Z,3500,3500,food/beverage hndlng,food/beverage hndlng,2,8,Mission,94103,"{'latitude': '37.768139029591104', 'longitude': '-122.4247023054287', 'human_address': '{""address"": """", ""city"": """", ""state"": """", ""zip"": """"}'}",1.08E+12,,3,3,3,3,5,wood frame (5),5,wood frame (5),,,,,,
5ea2077ac2aeecdcc61c5a2a,2.01E+11,8,otc alterations permit,2007-01-04T00:00:00.000,3534,14,198,Guerrero,St,"upgrade (e) range guard, replace (e) nozzles, repipe if needed to comply with pipe rules for gal system.",issued,2007-01-04T00:00:00.000,2007-01-04T00:00:00.000,2007-01-04T00:00:00.000,2007-05-04T00:00:00.000Z,3500,3500,food/beverage hndlng,food/beverage hndlng,2,8,Mission,94103,"{'latitude': '37.768139029591104', 'longitude': '-122.4247023054287', 'human_address': '{""address"": """", ""city"": """", ""state"": """", ""zip"": """"}'}",1.08E+12,,3,3,3,3,5,wood frame (5),5,wood frame (5),,,,,,
5ea2077ac2aeecdcc61c5a2b,2.01E+11,8,otc alterations permit,2007-01-04T00:00:00.000,6042,38,490,Hamilton,St,add 3 window in () garage.,complete,2007-01-12T00:00:00.000,2007-01-04T00:00:00.000,2007-01-04T00:00:00.000,2007-05-04T00:00:00.000Z,1000,1000,1 family dwelling,1 family dwelling,2,9,Portola,94134,"{'latitude': '37.724957931136444', 'longitude': '-122.4093535876584', 'human_address': '{""address"": """", ""city"": """", ""state"": """", ""zip"": """"}'}",1.08E+12,,2,2,1,1,5,wood frame (5),5,wood frame (5),2007-01-12T00:00:00.000,,,,,
5ea2077ac2aeecdcc61c5a2c,2.01E+11,4,sign - erect,2007-01-04T00:00:00.000,495,6,1790,Lombard,St,"sign permit - ground, electric, double faced.",cancelled,2007-08-28T00:00:00.000,2007-01-04T00:00:00.000,2007-08-17T00:00:00.000,2007-12-17T00:00:00.000Z,4000,4000,filling/service stn,,2,2,Marina,94123,"{'latitude': '37.80075774469952', 'longitude': '-122.43091096966963', 'human_address': '{""address"": """", ""city"": """", ""state"": """", ""zip"": """"}'}",1.08E+11,,1,,0,,5,wood frame (5),,,,,,,,
5ea2077ac2aeecdcc61c5a2d,2.01E+11,8,otc alterations permit,2007-01-04T00:00:00.000,1234,21,148,Central,Av,his nov# 200671359. repair rear stair case & add handrails as per inspection report. repair work to less than 50% of (e) stair case.,complete,2007-01-19T00:00:00.000,2007-01-04T00:00:00.000,2007-01-04T00:00:00.000,2007-05-04T00:00:00.000Z,2000,2000,apartments,apartments,0,5,Haight Ashbury,94117,"{'latitude': '37.77087727560811', 'longitude': '-122.44342581890375', 'human_address': '{""address"": """", ""city"": """", ""state"": """", ""zip"": """"}'}",1.08E+11,,4,4,5,5,5,wood frame (5),5,wood frame (5),2007-01-19T00:00:00.000,,,,,
5ea2077ac2aeecdcc61c5a2e,2.01E+11,8,otc alterations permit,2007-01-04T00:00:00.000,1221,7,111,Lyon,St,"replace kitchen cabinet, new floor, surfaces & sink. replace sink.",expired,2008-03-05T00:00:00.000,2007-01-04T00:00:00.000,2007-01-04T00:00:00.000,2007-05-04T00:00:00.000Z,5000,5000,apartments,apartments,0,5,Haight Ashbury,94117,"{'latitude': '37.77190881831342', 'longitude': '-122.44259251840771', 'human_address': '{""address"": """", ""city"": """", ""state"": """", ""zip"": """"}'}",1.08E+12,,4,4,4,4,5,wood frame (5),5,wood frame (5),,,,,,
5ea2077ac2aeecdcc61c5a2f,2.01E+11,4,sign - erect,2007-01-04T00:00:00.000,495,6,1790,Lombard,St,"sign permit - ground, non electric, double faced.",issued,2007-08-17T00:00:00.000,2007-01-04T00:00:00.000,2007-08-17T00:00:00.000,2007-12-17T00:00:00.000Z,500,500,filling/service stn,,2,2,Marina,94123,"{'latitude': '37.80075774469952', 'longitude': '-122.43091096966963', 'human_address': '{""address"": """", ""city"": """", ""state"": """", ""zip"": """"}'}",1.08E+11,,1,,0,,5,wood frame (5),,,,,,,,
5ea2077ac2aeecdcc61c5a30,2.01E+11,4,sign - erect,2007-01-04T00:00:00.000,495,6,1790,Lombard,St,"sign permit - electric, wall, single faced.",issued,2007-08-17T00:00:00.000,2007-01-04T00:00:00.000,2007-08-17T00:00:00.000,2007-12-17T00:00:00.000Z,1500,1500,filling/service stn,,2,2,Marina,94123,"{'latitude': '37.80075774469952', 'longitude': '-122.43091096966963', 'human_address': '{""address"": """", ""city"": """", ""state"": """", ""zip"": """"}'}",1.08E+11,,1,,0,,5,wood frame (5),,,,,,,,
5ea2077ac2aeecdcc61c5a31,2.01E+11,8,otc alterations permit,2007-01-04T00:00:00.000,2703,2,306,Caselli,Av,"repair front stair railing in  kind <50%  repair to stairway bottom rail 2x4 redwood. roiling only-newell posts to remain ballustor 5"" oc 2x2 redwood. top cap mushroom style less than 36"" from treat nose.",complete,2007-01-25T00:00:00.000,2007-01-04T00:00:00.000,2007-01-04T00:00:00.000,2007-07-04T00:00:00.000Z,6300,6300,1 family dwelling,1 family dwelling,0,8,Castro/Upper Market,94114,"{'latitude': '37.75910290425844', 'longitude': '-122.44415951172589', 'human_address': '{""address"": """", ""city"": """", ""state"": """", ""zip"": """"}'}",1.08E+12,,2,2,1,1,5,wood frame (5),5,wood frame (5),2007-01-25T00:00:00.000,,,,,
5ea2077ac2aeecdcc61c5a32,2.01E+11,8,otc alterations permit,2007-01-04T00:00:00.000,262,13,255,California,St,"oti-1, 4th floor, suite #b, el, ls, sp",complete,2007-06-14T00:00:00.000,2007-01-04T00:00:00.000,2007-01-04T00:00:00.000,2008-01-04T00:00:00.000Z,42525,42525,office,office,2,3,Financial District/South Beach,94111,"{'latitude': '37.792962974036634', 'longitude': '-122.39950975756949', 'human_address': '{""address"": """", ""city"": """", ""state"": """", ""zip"": """"}'}",1.08E+11,,14,14,0,0,1,constr type 1,1,constr type 1,2007-06-14T00:00:00.000,,,,,
5ea2077ac2aeecdcc61c5a33,2.01E+11,3,additions alterations or repairs,2007-01-04T00:00:00.000,7139,3,2950,San Jose,Av,"chevron station reimage consisting of replacing signs, replace (e) canopy fascia with new caanopy fascia, adding l.e.d. lighting with valance and paint the exterior of building earth tones.",issued,2007-08-23T00:00:00.000,2007-01-04T00:00:00.000,2007-08-23T00:00:00.000,2008-02-23T00:00:00.000Z,24000,24000,filling/service stn,filling/service stn,2,11,Oceanview/Merced/Ingleside,94112,"{'latitude': '37.711831232818334', 'longitude': '-122.45560794584307', 'human_address': '{""address"": """", ""city"": """", ""state"": """", ""zip"": """"}'}",1.08E+12,,1,1,0,0,5,wood frame (5),5,wood frame (5),,,,,,
5ea2077ac2aeecdcc61c5a34,2.01E+11,8,otc alterations permit,2007-01-04T00:00:00.000,839,18,350,Laguna,St,remodel (e) unit#14. relocate kitchen & create bedrm. @ (e) kit. location-modify (e0 window for egress (top hinge) same profile.,complete,2007-03-08T00:00:00.000,2007-01-04T00:00:00.000,2007-01-04T00:00:00.000,2007-07-04T00:00:00.000Z,8000,8000,apartments,apartments,2,5,Hayes Valley,94102,"{'latitude': '37.774366694408016', 'longitude': '-122.42565945414714', 'human_address': '{""address"": """", ""city"": """", ""state"": """", ""zip"": """"}'}",1.08E+11,,4,4,21,21,5,wood frame (5),5,wood frame (5),2007-03-08T00:00:00.000,,,,,
5ea2077ac2aeecdcc61c5a35,2.01E+11,8,otc alterations permit,2007-01-04T00:00:00.000,262,13,255,California,St,"oti-1, 4th floor, suite #a, el, ls, sp",complete,2008-02-21T00:00:00.000,2007-01-04T00:00:00.000,2007-01-04T00:00:00.000,2008-01-04T00:00:00.000Z,95300,95300,office,office,2,3,Financial District/South Beach,94111,"{'latitude': '37.792962974036634', 'longitude': '-122.39950975756949', 'human_address': '{""address"": """", ""city"": """", ""state"": """", ""zip"": """"}'}",1.08E+11,,14,14,0,0,1,constr type 1,1,constr type 1,2008-02-21T00:00:00.000,,,,,
5ea2077ac2aeecdcc61c5a36,2.01E+11,3,additions alterations or repairs,2007-01-04T00:00:00.000,495,6,1790,Lombard,St,"chevron station reimage consisting of replacing new canopy signs, replacing existing canopy fascia, adding led down lighting with valance and paint exterior of building earth tones.",issued,2007-08-17T00:00:00.000,2007-01-04T00:00:00.000,2007-08-17T00:00:00.000,2008-08-17T00:00:00.000Z,28000,35000,filling/service stn,filling/service stn,2,2,Marina,94123,"{'latitude': '37.80075774469952', 'longitude': '-122.43091096966963', 'human_address': '{""address"": """", ""city"": """", ""state"": """", ""zip"": """"}'}",1.08E+11,,1,1,0,0,5,wood frame (5),5,wood frame (5),,,,,,
5ea2077ac2aeecdcc61c5a37,M52902,8,otc alterations permit,2007-01-04T00:00:00.000,813,6,1390,Market,St,sidewalk repair,issued,2007-01-04T00:00:00.000,2007-01-04T00:00:00.000,2007-01-04T00:00:00.000,,,0,,,,6,Tenderloin,94102,"{'latitude': '37.777142649690035', 'longitude': '-122.41722112719671', 'human_address': '{""address"": """", ""city"": """", ""state"": """", ""zip"": """"}'}",1.08E+12,,,,,,,,,,,,,,,
5ea2077ac2aeecdcc61c5a38,2.01E+11,8,otc alterations permit,2007-01-04T00:00:00.000,1271,13,22,Parnassus,Av,remodel of guest bathroom. demo of walls making. room larger new plmg fixture and finishes new lighting and electric 1st floor bathroom all lights on motion detector switches,complete,2007-05-09T00:00:00.000,2007-01-04T00:00:00.000,2007-01-04T00:00:00.000,2007-07-04T00:00:00.000Z,18000,18000,1 family dwelling,1 family dwelling,2,5,Haight Ashbury,94117,"{'latitude': '37.7653434920996', 'longitude': '-122.4482783675009', 'human_address': '{""address"": """", ""city"": """", ""state"": """", ""zip"": """"}'}",1.08E+11,,2,2,1,1,5,wood frame (5),5,wood frame (5),2007-05-09T00:00:00.000,,,,,
5ea2077ac2aeecdcc61c5a39,2.01E+11,3,additions alterations or repairs,2007-01-04T00:00:00.000,310,15,100,Grant,Av,"interior non structural tenant improvement of (e) retail store, no exterior work. sprinkler under separate permit.",complete,2007-12-04T00:00:00.000,2007-01-04T00:00:00.000,2007-02-13T00:00:00.000,2008-02-13T00:00:00.000Z,150000,150000,retail sales,retail sales,2,3,Financial District/South Beach,94108,"{'latitude': '37.788050582493206', 'longitude': '-122.4048761520152', 'human_address': '{""address"": """", ""city"": """", ""state"": """", ""zip"": """"}'}",1.08E+11,,6,6,0,0,3,constr type 3,3,constr type 3,2007-12-04T00:00:00.000,,,,,
5ea2077ac2aeecdcc61c5a3a,2.01E+11,8,otc alterations permit,2007-01-04T00:00:00.000,1009,0,390,Laurel,St,interior ti changing layout of a dental office into a new one separate paermit submitted at the same time for restrooms upgrade.,complete,2007-05-16T00:00:00.000,2007-01-04T00:00:00.000,2007-01-04T00:00:00.000,2008-01-04T00:00:00.000Z,69920,70000,office,office,2,,,,,1.08E+12,,3,3,0,0,5,wood frame (5),5,wood frame (5),2007-05-16T00:00:00.000,,,,,
5ea2077ac2aeecdcc61c5a3b,2.01E+11,4,sign - erect,2007-01-04T00:00:00.000,7139,10,2950,San Jose,Av,"sign permit - ground, electric, single faced.",issued,2007-08-03T00:00:00.000,2007-01-04T00:00:00.000,2007-08-03T00:00:00.000,2007-12-03T00:00:00.000Z,4000,4000,filling/service stn,,2,11,Oceanview/Merced/Ingleside,94112,"{'latitude': '37.711656081933135', 'longitude': '-122.45569061848774', 'human_address': '{""address"": """", ""city"": """", ""state"": """", ""zip"": """"}'}",1.08E+12,,1,,0,,5,wood frame (5),,,,,,,,
5ea2077ac2aeecdcc61c5a3c,2.01E+11,3,additions alterations or repairs,2007-01-04T00:00:00.000,690,46,1,Daniel Burnham,Ct,"tenant finish out of 6200 sf, new r.r hvac & electrical. interior finishes, carpet, walls, paint & ceiling.",cancelled,2007-08-13T00:00:00.000,2007-01-04T00:00:00.000,,,345000,,retail sales,retail sales,2,2,Western Addition,94109,"{'latitude': '37.78675523065996', 'longitude': '-122.42249080636066', 'human_address': '{""address"": """", ""city"": """", ""state"": """", ""zip"": """"}'}",1.08E+11,205,1,1,239,239,1,constr type 1,1,constr type 1,,,,,,
5ea2077ac2aeecdcc61c5a3d,2.01E+11,3,additions alterations or repairs,2007-01-04T00:00:00.000,26,019A,875,North Point,St,shoring & underpining as a result of adjacent new construction appl #200603106437s (889 north point.),complete,2008-02-15T00:00:00.000,2007-01-04T00:00:00.000,2007-08-23T00:00:00.000,2008-02-23T00:00:00.000Z,10000,10000,1 family dwelling,1 family dwelling,2,2,Russian Hill,94109,"{'latitude': '37.80528894938244', 'longitude': '-122.42150615619767', 'human_address': '{""address"": """", ""city"": """", ""state"": """", ""zip"": """"}'}",1.08E+11,,2,2,1,1,5,wood frame (5),5,wood frame (5),2008-02-15T00:00:00.000,,,,,
5ea2077ac2aeecdcc61c5a3e,2.01E+11,4,sign - erect,2007-01-04T00:00:00.000,7139,10,2950,San Jose,Av,"sign permit - electric, wall, single faced.",issued,2007-08-03T00:00:00.000,2007-01-04T00:00:00.000,2007-08-03T00:00:00.000,2007-12-03T00:00:00.000Z,3000,3000,filling/service stn,,2,11,Oceanview/Merced/Ingleside,94112,"{'latitude': '37.711656081933135', 'longitude': '-122.45569061848774', 'human_address': '{""address"": """", ""city"": """", ""state"": """", ""zip"": """"}'}",1.08E+12,,1,,0,,5,wood frame (5),,,,,,,,
5ea2077ac2aeecdcc61c5a3f,2.01E+11,4,sign - erect,2007-01-04T00:00:00.000,1732,22,1734,Irving,St,"sign permit - electric, wall, single faced.",complete,2007-10-02T00:00:00.000,2007-01-04T00:00:00.000,2007-08-17T00:00:00.000,2007-12-17T00:00:00.000Z,3000,3000,filling/service stn,,2,4,Inner Sunset,94122,"{'latitude': '37.76382590584381', 'longitude': '-122.4768061142036', 'human_address': '{""address"": """", ""city"": """", ""state"": """", ""zip"": """"}'}",1.08E+12,,1,,0,,5,wood frame (5),,,2007-10-02T00:00:00.000,,,,,
5ea2077ac2aeecdcc61c5a40,2.01E+11,3,additions alterations or repairs,2007-01-04T00:00:00.000,1732,22,1734,Irving,St,"chevron station remiage consisting of replacing signs, replacing (e) canoy fasio with new canopy fascia adding l.e.d. down listing with valance and paint extension of boilding earth tones.",complete,2007-10-02T00:00:00.000,2007-01-04T00:00:00.000,2007-08-17T00:00:00.000,2008-08-17T00:00:00.000Z,25000,35000,filling/service stn,filling/service stn,2,4,Inner Sunset,94122,"{'latitude': '37.76382590584381', 'longitude': '-122.4768061142036', 'human_address': '{""address"": """", ""city"": """", ""state"": """", ""zip"": """"}'}",1.08E+12,,1,1,0,0,5,wood frame (5),5,wood frame (5),2007-10-02T00:00:00.000,,,,,
5ea2077ac2aeecdcc61c5a41,2.01E+11,3,additions alterations or repairs,2007-01-04T00:00:00.000,830,23,559,Fell,St,legalize basement unit by adding apt to basement. add shower and kitchen.,complete,2007-10-11T00:00:00.000,2007-01-04T00:00:00.000,2007-03-30T00:00:00.000,2008-03-30T00:00:00.000Z,10000,50000,1 family dwelling,2 family dwelling,2,5,Hayes Valley,94102,"{'latitude': '37.77515782054806', 'longitude': '-122.42695537836877', 'human_address': '{""address"": """", ""city"": """", ""state"": """", ""zip"": """"}'}",1.08E+11,,2,2,1,2,5,wood frame (5),5,wood frame (5),2007-10-11T00:00:00.000,,,,,
5ea2077ac2aeecdcc61c5a42,2.01E+11,4,sign - erect,2007-01-04T00:00:00.000,1732,22,1734,Irving,St,"sign permit - electric, ground, double faced.",complete,2007-10-02T00:00:00.000,2007-01-04T00:00:00.000,2007-08-17T00:00:00.000,2007-12-17T00:00:00.000Z,4000,4000,filling/service stn,,2,4,Inner Sunset,94122,"{'latitude': '37.76382590584381', 'longitude': '-122.4768061142036', 'human_address': '{""address"": """", ""city"": """", ""state"": """", ""zip"": """"}'}",1.08E+12,,1,,0,,5,wood frame (5),,,2007-10-02T00:00:00.000,,,,,
5ea2077bc2aeecdcc61c5a43,2.01E+11,8,otc alterations permit,2007-01-05T00:00:00.000,2750,4,308,Diamond,St,"leak repair of roof, deck & wall at north side of master bedroom including (e) doors. side two french doors. repair in kind, no structural changes. minimal dry rot repair.",complete,2007-09-19T00:00:00.000,2007-01-05T00:00:00.000,2007-01-05T00:00:00.000,2007-05-05T00:00:00.000Z,4800,4800,1 family dwelling,1 family dwelling,2,8,Castro/Upper Market,94114,"{'latitude': '37.757012197525405', 'longitude': '-122.4371587601304', 'human_address': '{""address"": """", ""city"": """", ""state"": """", ""zip"": """"}'}",1.08E+12,,2,2,1,1,5,wood frame (5),5,wood frame (5),2007-09-19T00:00:00.000,,,,,
5ea2077bc2aeecdcc61c5a44,M52922,8,otc alterations permit,2007-01-05T00:00:00.000,305,36,620,Jones,St,street space,issued,2007-01-05T00:00:00.000,2007-01-05T00:00:00.000,2007-01-05T00:00:00.000,,,0,,,,3,Tenderloin,94102,"{'latitude': '37.78716029095172', 'longitude': '-122.41288961192863', 'human_address': '{""address"": """", ""city"": """", ""state"": """", ""zip"": """"}'}",1.08E+12,,,,,,,,,,,,,,,
5ea2077bc2aeecdcc61c5a45,2.01E+11,8,otc alterations permit,2007-01-05T00:00:00.000,0438A,4,3769,Fillmore,St,reroofing,complete,2007-02-08T00:00:00.000,2007-01-05T00:00:00.000,2007-01-05T00:00:00.000,2007-07-05T00:00:00.000Z,12500,12500,2 family dwelling,2 family dwelling,0,2,Marina,94123,"{'latitude': '37.80552683684263', 'longitude': '-122.4376542472322', 'human_address': '{""address"": """", ""city"": """", ""state"": """", ""zip"": """"}'}",1.08E+11,,,,,,,,,,2007-02-08T00:00:00.000,,,,,
5ea2077bc2aeecdcc61c5a46,2.01E+11,8,otc alterations permit,2007-01-05T00:00:00.000,7205,002A,2929,21st,Av,reroofing,issued,2007-01-05T00:00:00.000,2007-01-05T00:00:00.000,2007-01-05T00:00:00.000,2007-07-05T00:00:00.000Z,9380,9380,1 family dwelling,1 family dwelling,0,7,Sunset/Parkside,94132,"{'latitude': '37.73391130441957', 'longitude': '-122.47730430716531', 'human_address': '{""address"": """", ""city"": """", ""state"": """", ""zip"": """"}'}",1.08E+12,,,,,,,,,,,,,,,
5ea2077bc2aeecdcc61c5a47,2.01E+11,8,otc alterations permit,2007-01-05T00:00:00.000,2989B,15,1486,Portola,Dr,install new kitchen countertop no structural changed.,complete,2007-01-26T00:00:00.000,2007-01-05T00:00:00.000,2007-01-05T00:00:00.000,2007-05-05T00:00:00.000Z,4324,4324,1 family dwelling,1 family dwelling,0,7,West of Twin Peaks,94127,"{'latitude': '37.73786749934623', 'longitude': '-122.46823300539053', 'human_address': '{""address"": """", ""city"": """", ""state"": """", ""zip"": """"}'}",1.08E+12,,2,2,1,1,5,wood frame (5),5,wood frame (5),2007-01-26T00:00:00.000,,,,,
5ea2077bc2aeecdcc61c5a48,2.01E+11,8,otc alterations permit,2007-01-05T00:00:00.000,1673,27,5450,Fulton,St,reroofing,issued,2007-01-05T00:00:00.000,2007-01-05T00:00:00.000,2007-01-05T00:00:00.000,2007-07-05T00:00:00.000Z,6500,6500,1 family dwelling,1 family dwelling,0,1,Outer Richmond,94121,"{'latitude': '37.77247248892203', 'longitude': '-122.49036417862972', 'human_address': '{""address"": """", ""city"": """", ""state"": """", ""zip"": """"}'}",1.08E+12,,,,,,,,,,,,,,,
5ea2077bc2aeecdcc61c5a49,2.01E+11,8,otc alterations permit,2007-01-05T00:00:00.000,0438A,4,3771,Fillmore,St,reroofing,complete,2007-02-08T00:00:00.000,2007-01-05T00:00:00.000,2007-01-05T00:00:00.000,2007-07-05T00:00:00.000Z,12500,12500,2 family dwelling,2 family dwelling,0,2,Marina,94123,"{'latitude': '37.80552683684263', 'longitude': '-122.4376542472322', 'human_address': '{""address"": """", ""city"": """", ""state"": """", ""zip"": """"}'}",1.08E+12,,,,,,,,,,2007-02-08T00:00:00.000,,,,,
5ea2077bc2aeecdcc61c5a4a,2.01E+11,3,additions alterations or repairs,2007-01-05T00:00:00.000,254,24,1075,California,St,"upgrade 3 bathrooms to full accessibility including roll in shower in guest room 709 and accessible tubs in guest rooms 305 and 1101. work includes partitions, plumbing fixtures, electrical fixtures & finishes.",complete,2008-10-08T00:00:00.000,2007-01-05T00:00:00.000,2007-06-20T00:00:00.000,2008-06-20T00:00:00.000Z,60000,60000,tourist hotel/motel,tourist hotel/motel,2,3,Nob Hill,94108,"{'latitude': '37.79136899616078', 'longitude': '-122.41204913750134', 'human_address': '{""address"": """", ""city"": """", ""state"": """", ""zip"": """"}'}",1.08E+12,0,12,12,147,147,1,constr type 1,1,constr type 1,2008-10-08T00:00:00.000,,,,,
5ea2077bc2aeecdcc61c5a4b,2.01E+11,8,otc alterations permit,2007-01-05T00:00:00.000,3721,4,100,01st,St,renew pa# 2006/06/29/5325 & pa# 2006/06/20/4471 for final inspection only.,complete,2007-01-10T00:00:00.000,2007-01-05T00:00:00.000,2007-01-05T00:00:00.000,2007-05-05T00:00:00.000Z,1,1,office,office,0,6,Financial District/South Beach,94105,"{'latitude': '37.78933252407226', 'longitude': '-122.39739978578936', 'human_address': '{""address"": """", ""city"": """", ""state"": """", ""zip"": """"}'}",1.08E+12,,27,27,0,0,1,constr type 1,1,constr type 1,2007-01-10T00:00:00.000,,,,,
5ea2077bc2aeecdcc61c5a4c,2.01E+11,3,additions alterations or repairs,2007-01-05T00:00:00.000,3711,12,77,Beale,St,"oti-1, 32nd floor, pg & e, el, ls, sp",expired,2010-10-20T00:00:00.000,2007-01-05T00:00:00.000,2007-04-25T00:00:00.000,2009-04-25T00:00:00.000Z,337000,337000,office,office,2,6,Financial District/South Beach,94105,"{'latitude': '37.791484026022516', 'longitude': '-122.39591566843751', 'human_address': '{""address"": """", ""city"": """", ""state"": """", ""zip"": """"}'}",1.08E+12,,32,32,0,0,1,constr type 1,1,constr type 1,,,,,,
5ea2077bc2aeecdcc61c5a4d,2.01E+11,8,otc alterations permit,2007-01-05T00:00:00.000,496,001A,3035,Gough,St,remove & replace existing retaining wall @ side yard (south) walkway and add conc. grade beam @ southern side hallway & portion of existing garage area.,complete,2008-02-21T00:00:00.000,2007-01-05T00:00:00.000,2007-01-05T00:00:00.000,2007-07-05T00:00:00.000Z,15000,15000,apartments,apartments,2,2,Marina,94123,"{'latitude': '37.80140526510581', 'longitude': '-122.42828027621671', 'human_address': '{""address"": """", ""city"": """", ""state"": """", ""zip"": """"}'}",1.08E+12,0,4,4,12,12,5,wood frame (5),5,wood frame (5),2008-02-21T00:00:00.000,,,,,
5ea2077bc2aeecdcc61c5a4e,2.01E+11,3,additions alterations or repairs,2007-01-05T00:00:00.000,231,23,2,Embarcadero Center,,"oti-1, boston consulting grp, 25th/fl el,ls, sp, me",complete,2007-07-27T00:00:00.000,2007-01-05T00:00:00.000,2007-01-30T00:00:00.000,2008-01-30T00:00:00.000Z,180000,230608,office,office,2,3,Financial District/South Beach,94111,"{'latitude': '37.79479859387513', 'longitude': '-122.39847275186533', 'human_address': '{""address"": """", ""city"": """", ""state"": """", ""zip"": """"}'}",1.08E+11,,28,28,0,0,1,constr type 1,1,constr type 1,2007-07-27T00:00:00.000,,,,,
5ea2077bc2aeecdcc61c5a4f,2.01E+11,8,otc alterations permit,2007-01-05T00:00:00.000,3740,34,221,Main,St,oti-1 15th floor el me ls sp,complete,2007-07-05T00:00:00.000,2007-01-05T00:00:00.000,2007-01-05T00:00:00.000,2008-01-05T00:00:00.000Z,140000,140000,office,office,2,6,Financial District/South Beach,94105,"{'latitude': '37.79034577603179', 'longitude': '-122.39223862434201', 'human_address': '{""address"": """", ""city"": """", ""state"": """", ""zip"": """"}'}",1.08E+12,,16,16,0,0,1,constr type 1,1,constr type 1,2007-07-05T00:00:00.000,,,,,
5ea2077bc2aeecdcc61c5a50,2.01E+11,8,otc alterations permit,2007-01-05T00:00:00.000,682,12,2000,Post,St,renew 200307189864 for final inspection.,complete,2007-01-12T00:00:00.000,2007-01-05T00:00:00.000,2007-01-05T00:00:00.000,2007-05-05T00:00:00.000Z,1,1,apartments,apartments,0,5,Japantown,94115,"{'latitude': '37.78543513780336', 'longitude': '-122.43614202260812', 'human_address': '{""address"": """", ""city"": """", ""state"": """", ""zip"": """"}'}",1.08E+12,,4,4,304,304,5,wood frame (5),5,wood frame (5),2007-01-12T00:00:00.000,,,,,
5ea2077bc2aeecdcc61c5a51,2.01E+11,8,otc alterations permit,2007-01-05T00:00:00.000,4087,15,878,York,St,reroofing,complete,2007-01-22T00:00:00.000,2007-01-05T00:00:00.000,2007-01-05T00:00:00.000,2007-07-05T00:00:00.000Z,13500,13500,1 family dwelling,1 family dwelling,0,9,Mission,94110,"{'latitude': '37.75808578914124', 'longitude': '-122.40896988126467', 'human_address': '{""address"": """", ""city"": """", ""state"": """", ""zip"": """"}'}",1.08E+12,,,,,,,,,,2007-01-22T00:00:00.000,,,,,
5ea2077bc2aeecdcc61c5a52,2.01E+11,8,otc alterations permit,2007-01-05T00:00:00.000,254,24,1075,California,St,upgrade on guestroom bathroom to full accessibility with roll-in shower (room 401). revision to pa# 200510185811 for work in guest room 401 only. note: this project already permitted. this is a revised application which removes 1 bathroom (room 305) from scope.,issued,2007-01-05T00:00:00.000,2007-01-05T00:00:00.000,2007-01-05T00:00:00.000,2007-05-05T00:00:00.000Z,1,1,tourist hotel/motel,tourist hotel/motel,2,3,Nob Hill,94108,"{'latitude': '37.79136899616078', 'longitude': '-122.41204913750134', 'human_address': '{""address"": """", ""city"": """", ""state"": """", ""zip"": """"}'}",1.08E+12,0,12,12,147,147,1,constr type 1,1,constr type 1,,,,,,
5ea2077bc2aeecdcc61c5a53,2.01E+11,8,otc alterations permit,2007-01-05T00:00:00.000,2048,10,411,Noriega,St,"minor renovation of non bearing walls on first floor, move opening in bearing wall, add stl c-channel in floor below to reduce deflection, renovate extg kchn",complete,2007-06-28T00:00:00.000,2007-01-05T00:00:00.000,2007-01-05T00:00:00.000,2007-07-05T00:00:00.000Z,20000,20000,1 family dwelling,1 family dwelling,2,7,Inner Sunset,94122,"{'latitude': '37.75450278285374', 'longitude': '-122.46820338134366', 'human_address': '{""address"": """", ""city"": """", ""state"": """", ""zip"": """"}'}",1.08E+12,,2,2,1,1,5,wood frame (5),5,wood frame (5),2007-06-28T00:00:00.000,,,,,
5ea2077bc2aeecdcc61c5a54,2.01E+11,8,otc alterations permit,2007-01-05T00:00:00.000,5673,8,370,Coleridge,St,<50% rear deck repair. (2x decking) work in kind. approx 30 sf of rear fence repair due to dry rot.,expired,2010-06-09T00:00:00.000,2007-01-05T00:00:00.000,2007-01-05T00:00:00.000,2007-05-05T00:00:00.000Z,150,150,1 family dwelling,1 family dwelling,0,9,Bernal Heights,94110,"{'latitude': '37.741100842998094', 'longitude': '-122.42171177887877', 'human_address': '{""address"": """", ""city"": """", ""state"": """", ""zip"": """"}'}",1.08E+12,,3,3,1,1,5,wood frame (5),5,wood frame (5),,,,,,
5ea2077bc2aeecdcc61c5a55,M52944,8,otc alterations permit,2007-01-05T00:00:00.000,6665,023C,91,Miguel,St,street space,issued,2007-01-05T00:00:00.000,2007-01-05T00:00:00.000,2007-01-05T00:00:00.000,,,0,,,,8,Glen Park,94131,"{'latitude': '37.73882848237491', 'longitude': '-122.4287384570472', 'human_address': '{""address"": """", ""city"": """", ""state"": """", ""zip"": """"}'}",1.08E+12,,,,,,,,,,,,,,,
5ea2077bc2aeecdcc61c5a56,M52943,8,otc alterations permit,2007-01-05T00:00:00.000,3514,48,1645,Mission,St,verification and additional address,issued,2007-01-05T00:00:00.000,2007-01-05T00:00:00.000,2007-01-05T00:00:00.000,,,0,,,,6,Mission,94103,"{'latitude': '37.77158216475411', 'longitude': '-122.41882498334044', 'human_address': '{""address"": """", ""city"": """", ""state"": """", ""zip"": """"}'}",1.08E+12,0,,,,,,,,,,,,,,
5ea2077bc2aeecdcc61c5a57,M52943,8,otc alterations permit,2007-01-05T00:00:00.000,3514,48,1647,Mission,St,verification and additional address,issued,2007-01-05T00:00:00.000,2007-01-05T00:00:00.000,2007-01-05T00:00:00.000,,,0,,,,6,Mission,94103,"{'latitude': '37.77158216475411', 'longitude': '-122.41882498334044', 'human_address': '{""address"": """", ""city"": """", ""state"": """", ""zip"": """"}'}",1.08E+12,,,,,,,,,,,,,,,
5ea2077bc2aeecdcc61c5a58,M52943,8,otc alterations permit,2007-01-05T00:00:00.000,3514,48,1649,Mission,St,verification and additional address,issued,2007-01-05T00:00:00.000,2007-01-05T00:00:00.000,2007-01-05T00:00:00.000,,,0,,,,6,Mission,94103,"{'latitude': '37.77158216475411', 'longitude': '-122.41882498334044', 'human_address': '{""address"": """", ""city"": """", ""state"": """", ""zip"": """"}'}",1.08E+12,,,,,,,,,,,,,,,
5ea2077bc2aeecdcc61c5a59,2.01E+11,3,additions alterations or repairs,2007-01-05T00:00:00.000,2954A,37,150,Marietta,Dr,change of use. small family day care.,withdrawn,2007-02-01T00:00:00.000,2007-01-05T00:00:00.000,,,1,,1 family dwelling,1 family dwelling,2,7,West of Twin Peaks,94127,"{'latitude': '37.74037437193816', 'longitude': '-122.44775040189734', 'human_address': '{""address"": """", ""city"": """", ""state"": """", ""zip"": """"}'}",1.08E+12,,2,2,1,1,5,wood frame (5),5,wood frame (5),,,,,,
5ea2077bc2aeecdcc61c5a5a,M52945,8,otc alterations permit,2007-01-05T00:00:00.000,4098,036E,617,Wisconsin,St,sidewalk,issued,2007-01-05T00:00:00.000,2007-01-05T00:00:00.000,2007-01-05T00:00:00.000,,,0,,,,10,Potrero Hill,94107,"{'latitude': '37.759272752381015', 'longitude': '-122.39881437729044', 'human_address': '{""address"": """", ""city"": """", ""state"": """", ""zip"": """"}'}",1.08E+12,,,,,,,,,,,,,,,
5ea2077bc2aeecdcc61c5a5b,M52946,8,otc alterations permit,2007-01-05T00:00:00.000,143,14,1052,Montgomery,St,street space,issued,2007-01-05T00:00:00.000,2007-01-05T00:00:00.000,2007-01-05T00:00:00.000,,,0,,,,3,North Beach,94133,"{'latitude': '37.7989842049657', 'longitude': '-122.40380426431781', 'human_address': '{""address"": """", ""city"": """", ""state"": """", ""zip"": """"}'}",1.08E+12,0,,,,,,,,,,,,,,
5ea2077bc2aeecdcc61c5a5c,M52946,8,otc alterations permit,2007-01-05T00:00:00.000,143,14,1054,Montgomery,St,street space,issued,2007-01-05T00:00:00.000,2007-01-05T00:00:00.000,2007-01-05T00:00:00.000,,,0,,,,3,North Beach,94133,"{'latitude': '37.7989842049657', 'longitude': '-122.40380426431781', 'human_address': '{""address"": """", ""city"": """", ""state"": """", ""zip"": """"}'}",1.08E+12,,,,,,,,,,,,,,,
5ea2077bc2aeecdcc61c5a5d,2.01E+11,8,otc alterations permit,2007-01-05T00:00:00.000,819,13,580,Fell,St,"repair as per h.r. wellington report# 874836, item# 4b. (see attached termite report) less than 50% of structure.",complete,2007-01-18T00:00:00.000,2007-01-05T00:00:00.000,2007-01-05T00:00:00.000,2007-05-05T00:00:00.000Z,4000,4000,2 family dwelling,2 family dwelling,0,5,Hayes Valley,94102,"{'latitude': '37.77554725925998', 'longitude': '-122.42739447315483', 'human_address': '{""address"": """", ""city"": """", ""state"": """", ""zip"": """"}'}",1.08E+11,,1,1,2,2,5,wood frame (5),5,wood frame (5),2007-01-18T00:00:00.000,,,,,
5ea2077bc2aeecdcc61c5a5e,2.01E+11,8,otc alterations permit,2007-01-05T00:00:00.000,819,13,582,Fell,St,"repair as per h.r. wellington report# 874836, item# 4b. (see attached termite report) less than 50% of structure.",complete,2007-01-18T00:00:00.000,2007-01-05T00:00:00.000,2007-01-05T00:00:00.000,2007-05-05T00:00:00.000Z,4000,4000,2 family dwelling,2 family dwelling,0,5,Hayes Valley,94102,"{'latitude': '37.77554725925998', 'longitude': '-122.42739447315483', 'human_address': '{""address"": """", ""city"": """", ""state"": """", ""zip"": """"}'}",1.08E+12,,1,1,2,2,5,wood frame (5),5,wood frame (5),2007-01-18T00:00:00.000,,,,,
5ea2077bc2aeecdcc61c5a5f,2.01E+11,8,otc alterations permit,2007-01-05T00:00:00.000,7005,48,505,Garfield,St,"repair as per h.r. wellington report# 874947, item# 1b, 1c, 1d, 1e, 1g, 1h, 3a, 4a & 11b. (see attached termite report)",complete,2007-01-09T00:00:00.000,2007-01-05T00:00:00.000,2007-01-05T00:00:00.000,2007-05-05T00:00:00.000Z,1500,1500,1 family dwelling,1 family dwelling,0,11,Oceanview/Merced/Ingleside,94132,"{'latitude': '37.719466301527994', 'longitude': '-122.46738826049216', 'human_address': '{""address"": """", ""city"": """", ""state"": """", ""zip"": """"}'}",1.08E+12,,1,1,1,1,5,wood frame (5),5,wood frame (5),2007-01-09T00:00:00.000,,,,,
5ea2077bc2aeecdcc61c5a60,2.01E+11,8,otc alterations permit,2007-01-05T00:00:00.000,3710,19,45,Fremont,St,oti-2 b el me,complete,2007-09-05T00:00:00.000,2007-01-05T00:00:00.000,2007-01-05T00:00:00.000,2008-01-05T00:00:00.000Z,27603,27603,office,office,2,6,Financial District/South Beach,94105,"{'latitude': '37.791242409176604', 'longitude': '-122.39713339753926', 'human_address': '{""address"": """", ""city"": """", ""state"": """", ""zip"": """"}'}",1.08E+12,,36,36,0,0,1,constr type 1,1,constr type 1,2007-09-05T00:00:00.000,,,,,
5ea2077bc2aeecdcc61c5a61,2.01E+11,8,otc alterations permit,2007-01-05T00:00:00.000,3533,73,45,Brosnan,St,to renew  building permit pa#200410055932.,complete,2007-04-04T00:00:00.000,2007-01-05T00:00:00.000,2007-01-05T00:00:00.000,2007-07-05T00:00:00.000Z,8000,8000,apartments,apartments,0,8,Mission,94103,"{'latitude': '37.76855043225975', 'longitude': '-122.42331806825595', 'human_address': '{""address"": """", ""city"": """", ""state"": """", ""zip"": """"}'}",1.08E+12,,3,3,12,12,5,wood frame (5),5,wood frame (5),2007-04-04T00:00:00.000,,,,,
5ea2077bc2aeecdcc61c5a62,2.01E+11,8,otc alterations permit,2007-01-05T00:00:00.000,127,32,999,Green,St,kitchen finishes and fixtures upgrade. electrical and plumbing upgrade. removal of (e) non structural partition wall. no structural work to be done.,complete,2008-01-03T00:00:00.000,2007-01-05T00:00:00.000,2007-01-05T00:00:00.000,2008-01-05T00:00:00.000Z,60000,60000,apartments,apartments,2,3,Nob Hill,94133,"{'latitude': '37.79845073717453', 'longitude': '-122.41521861153946', 'human_address': '{""address"": """", ""city"": """", ""state"": """", ""zip"": """"}'}",1.08E+11,904,31,31,106,106,1,constr type 1,1,constr type 1,2008-01-03T00:00:00.000,,,,,
5ea2077bc2aeecdcc61c5a63,2.01E+11,8,otc alterations permit,2007-01-05T00:00:00.000,2882,17,436,Castenada,Av,renewal of pa# 2006/04/21/9597 for final inspection.,complete,2007-01-23T00:00:00.000,2007-01-05T00:00:00.000,2007-01-05T00:00:00.000,2007-05-05T00:00:00.000Z,1,1,1 family dwelling,1 family dwelling,0,7,West of Twin Peaks,94116,"{'latitude': '37.74585067463113', 'longitude': '-122.46660499890821', 'human_address': '{""address"": """", ""city"": """", ""state"": """", ""zip"": """"}'}",1.08E+12,,2,2,1,1,5,wood frame (5),5,wood frame (5),2007-01-23T00:00:00.000,,,,,
5ea2077bc2aeecdcc61c5a64,2.01E+11,8,otc alterations permit,2007-01-05T00:00:00.000,3538,115,30,Walter,St,bathroom remodel @ 1st floor unit.,complete,2007-05-03T00:00:00.000,2007-01-05T00:00:00.000,2007-01-05T00:00:00.000,2007-07-05T00:00:00.000Z,15000,15000,2 family dwelling,2 family dwelling,0,8,Castro/Upper Market,94114,"{'latitude': '37.76862771114598', 'longitude': '-122.43268225647348', 'human_address': '{""address"": """", ""city"": """", ""state"": """", ""zip"": """"}'}",1.08E+12,0,2,2,2,2,5,wood frame (5),5,wood frame (5),2007-05-03T00:00:00.000,,,,,
5ea2077bc2aeecdcc61c5a65,2.01E+11,8,otc alterations permit,2007-01-05T00:00:00.000,3710,19,45,Fremont,St,oti-1 rev. b,complete,2007-09-24T00:00:00.000,2007-01-05T00:00:00.000,2007-01-05T00:00:00.000,2007-05-05T00:00:00.000Z,2000,2000,office,office,2,6,Financial District/South Beach,94105,"{'latitude': '37.791242409176604', 'longitude': '-122.39713339753926', 'human_address': '{""address"": """", ""city"": """", ""state"": """", ""zip"": """"}'}",1.08E+12,,36,36,0,0,1,constr type 1,1,constr type 1,2007-09-24T00:00:00.000,,,,,
5ea2077bc2aeecdcc61c5a66,2.01E+11,8,otc alterations permit,2007-01-05T00:00:00.000,0436C,3,1434,Jefferson,St,"2 bathrooms remodel. new cabinets, tile, shower / tub, toilet, sink, fixtures. (2 baths in one unit) non structural work.",complete,2007-04-09T00:00:00.000,2007-01-05T00:00:00.000,2007-01-05T00:00:00.000,2007-07-05T00:00:00.000Z,20000,20000,2 family dwelling,2 family dwelling,0,2,Marina,94123,"{'latitude': '37.80588809963626', 'longitude': '-122.43622750063143', 'human_address': '{""address"": """", ""city"": """", ""state"": """", ""zip"": """"}'}",1.08E+12,0,2,2,2,2,5,wood frame (5),5,wood frame (5),2007-04-09T00:00:00.000,,,,,
5ea2077bc2aeecdcc61c5a67,M52962,8,otc alterations permit,2007-01-05T00:00:00.000,3702,56,1160,Mission,St,street space,issued,2007-01-05T00:00:00.000,2007-01-05T00:00:00.000,2007-01-05T00:00:00.000,,,0,,,,6,South of Market,94103,"{'latitude': '37.778899602203325', 'longitude': '-122.41288383965127', 'human_address': '{""address"": """", ""city"": """", ""state"": """", ""zip"": """"}'}",1.08E+12,,,,,,,,,,,,,,,
5ea2077bc2aeecdcc61c5a68,2.01E+11,8,otc alterations permit,2007-01-05T00:00:00.000,684,42,1961,Sutter,St,reroofing,issued,2007-01-05T00:00:00.000,2007-01-05T00:00:00.000,2007-01-05T00:00:00.000,2007-07-05T00:00:00.000Z,22500,22500,apartments,apartments,0,5,Japantown,94115,"{'latitude': '37.78595688098948', 'longitude': '-122.4326170962357', 'human_address': '{""address"": """", ""city"": """", ""state"": """", ""zip"": """"}'}",1.08E+11,,,,,,,,,,,,,,,
5ea2077bc2aeecdcc61c5a69,2.01E+11,8,otc alterations permit,2007-01-05T00:00:00.000,684,42,1969,Sutter,St,reroofing,issued,2007-01-05T00:00:00.000,2007-01-05T00:00:00.000,2007-01-05T00:00:00.000,2007-07-05T00:00:00.000Z,22500,22500,apartments,apartments,0,5,Japantown,94115,"{'latitude': '37.78595688098948', 'longitude': '-122.4326170962357', 'human_address': '{""address"": """", ""city"": """", ""state"": """", ""zip"": """"}'}",1.08E+12,,,,,,,,,,,,,,,
5ea2077bc2aeecdcc61c5a6a,2.01E+11,8,otc alterations permit,2007-01-05T00:00:00.000,6520,16,2896,Folsom,St,reroofing.,issued,2007-01-05T00:00:00.000,2007-01-05T00:00:00.000,2007-01-05T00:00:00.000,2008-01-05T00:00:00.000Z,27000,27000,apartments,apartments,0,9,Mission,94110,"{'latitude': '37.75101965420707', 'longitude': '-122.41424546081164', 'human_address': '{""address"": """", ""city"": """", ""state"": """", ""zip"": """"}'}",1.08E+12,,,,,,,,,,,,,,,
5ea2077bc2aeecdcc61c5a6b,2.01E+11,8,otc alterations permit,2007-01-05T00:00:00.000,6520,16,2898,Folsom,St,reroofing.,issued,2007-01-05T00:00:00.000,2007-01-05T00:00:00.000,2007-01-05T00:00:00.000,2008-01-05T00:00:00.000Z,27000,27000,apartments,apartments,0,9,Mission,94110,"{'latitude': '37.75101965420707', 'longitude': '-122.41424546081164', 'human_address': '{""address"": """", ""city"": """", ""state"": """", ""zip"": """"}'}",1.08E+12,,,,,,,,,,,,,,,
5ea2077bc2aeecdcc61c5a6c,2.01E+11,8,otc alterations permit,2007-01-05T00:00:00.000,3588,77,45,Linda,St,repair rear stair case & landings. less than 50% repair in kind.,complete,2007-04-16T00:00:00.000,2007-01-05T00:00:00.000,2007-01-05T00:00:00.000,2007-05-05T00:00:00.000Z,4000,4000,2 family dwelling,2 family dwelling,0,8,Mission,94110,"{'latitude': '37.76099574957879', 'longitude': '-122.42280189332148', 'human_address': '{""address"": """", ""city"": """", ""state"": """", ""zip"": """"}'}",1.08E+12,,2,2,2,2,5,wood frame (5),5,wood frame (5),2007-04-16T00:00:00.000,,,,,
5ea2077bc2aeecdcc61c5a6d,M52963,8,otc alterations permit,2007-01-05T00:00:00.000,2648,25,73,Diamond,St,street space permit,issued,2007-01-05T00:00:00.000,2007-01-05T00:00:00.000,2007-01-05T00:00:00.000,,,0,,,,8,Castro/Upper Market,94114,"{'latitude': '37.76123884304633', 'longitude': '-122.43690897413354', 'human_address': '{""address"": """", ""city"": """", ""state"": """", ""zip"": """"}'}",1.08E+12,,,,,,,,,,,,,,,
5ea2077bc2aeecdcc61c5a6e,M52964,8,otc alterations permit,2007-01-05T00:00:00.000,2167,1,2001,47th,Av,street space permit,issued,2007-01-05T00:00:00.000,2007-01-05T00:00:00.000,2007-01-05T00:00:00.000,,,0,,,,4,Sunset/Parkside,94116,"{'latitude': '37.74903036693942', 'longitude': '-122.50646911882275', 'human_address': '{""address"": """", ""city"": """", ""state"": """", ""zip"": """"}'}",1.08E+12,,,,,,,,,,,,,,,
5ea2077bc2aeecdcc61c5a6f,M52965,8,otc alterations permit,2007-01-05T00:00:00.000,3273,21,725,Darien,Wy,street space & sidewalk permit only.,issued,2007-01-05T00:00:00.000,2007-01-05T00:00:00.000,2007-01-05T00:00:00.000,,,0,,,,7,West of Twin Peaks,94127,"{'latitude': '37.73065073549003', 'longitude': '-122.46401359060258', 'human_address': '{""address"": """", ""city"": """", ""state"": """", ""zip"": """"}'}",1.08E+12,,,,,,,,,,,,,,,
5ea2077bc2aeecdcc61c5a70,M52966,8,otc alterations permit,2007-01-05T00:00:00.000,6616,14,36,Valley,St,sidewalk permit only.,issued,2007-01-05T00:00:00.000,2007-01-05T00:00:00.000,2007-01-05T00:00:00.000,,,0,,,,8,Noe Valley,94110,"{'latitude': '37.74496395502768', 'longitude': '-122.42310235545759', 'human_address': '{""address"": """", ""city"": """", ""state"": """", ""zip"": """"}'}",1.08E+12,,,,,,,,,,,,,,,
5ea2077bc2aeecdcc61c5a71,2.01E+11,2,new construction wood frame,2007-01-05T00:00:00.000,6942,39,244,Granada,Av,"to erect a new 3-story, two units dwelling with no basement building.",issued,2008-10-09T00:00:00.000,2007-01-05T00:00:00.000,2008-10-09T00:00:00.000,2011-09-24T00:00:00.000Z,280000,437169,,2 family dwelling,2,7,Oceanview/Merced/Ingleside,94112,"{'latitude': '37.7228531780017', 'longitude': '-122.45684952547855', 'human_address': '{""address"": """", ""city"": """", ""state"": """", ""zip"": """"}'}",1.08E+12,,,3,,2,,,5,wood frame (5),,,Y,,2008-10-09T00:00:00.000,
5ea2077bc2aeecdcc61c5a72,2.01E+11,3,additions alterations or repairs,2007-01-05T00:00:00.000,1202,002J,616,Divisadero,St,removal of (e) area @fly loft and roof rear & sidewalls to 2nd eastern structural bay within (e) auditorm. new rear wall will be constructed @eastern side of bldg. new basement with parking garage & access to hayes st. permitting vehicle access. the western facade will have the blade and masonee sig,filed,2007-01-05T00:00:00.000,2007-01-05T00:00:00.000,,,400000,,church,office,2,5,Hayes Valley,94117,"{'latitude': '37.775313751422985', 'longitude': '-122.4374623861592', 'human_address': '{""address"": """", ""city"": """", ""state"": """", ""zip"": """"}'}",1.08E+11,,3,3,0,0,1,constr type 1,1,constr type 1,,,Y,,,
5ea2077bc2aeecdcc61c5a73,M52982,8,otc alterations permit,2007-01-05T00:00:00.000,4075,18,785,San Bruno,Av,street space,issued,2007-01-05T00:00:00.000,2007-01-05T00:00:00.000,2007-01-05T00:00:00.000,,,0,,,,10,Potrero Hill,94107,"{'latitude': '37.759713835202476', 'longitude': '-122.40468014636045', 'human_address': '{""address"": """", ""city"": """", ""state"": """", ""zip"": """"}'}",1.08E+12,,,,,,,,,,,,,,,
5ea2077bc2aeecdcc61c5a74,2.01E+11,5,grade or quarry or fill or excavate,2007-01-05T00:00:00.000,4228,10,1301,Indiana,St,dirt removal as required to level site for new construction #bpn 2002-12-24-4169s.,complete,2008-05-05T00:00:00.000,2007-01-05T00:00:00.000,2007-05-23T00:00:00.000,2008-05-23T00:00:00.000Z,67500,100000,,,2,10,Potrero Hill,94107,"{'latitude': '37.754173905047736', 'longitude': '-122.39034620596833', 'human_address': '{""address"": """", ""city"": """", ""state"": """", ""zip"": """"}'}",1.08E+12,,,,,,,,,,2008-05-05T00:00:00.000,,,,,
5ea2077bc2aeecdcc61c5a75,M52983,8,otc alterations permit,2007-01-05T00:00:00.000,39,7,2013,Grant,Av,street space,issued,2007-01-05T00:00:00.000,2007-01-05T00:00:00.000,2007-01-05T00:00:00.000,,,0,,,,3,North Beach,94133,"{'latitude': '37.80553541130805', 'longitude': '-122.40872356719942', 'human_address': '{""address"": """", ""city"": """", ""state"": """", ""zip"": """"}'}",1.08E+11,,,,,,,,,,,,,,,
5ea2077bc2aeecdcc61c5a76,M52984,8,otc alterations permit,2007-01-05T00:00:00.000,49,12,2444,Leavenworth,St,street space,issued,2007-01-05T00:00:00.000,2007-01-05T00:00:00.000,2007-01-05T00:00:00.000,,,0,,,,2,Russian Hill,94133,"{'latitude': '37.803782763131125', 'longitude': '-122.41796659180626', 'human_address': '{""address"": """", ""city"": """", ""state"": """", ""zip"": """"}'}",1.08E+12,,,,,,,,,,,,,,,
5ea2077bc2aeecdcc61c5a77,2.01E+11,5,grade or quarry or fill or excavate,2007-01-05T00:00:00.000,4228,10,1275,Indiana,St,dirt removal as required to level site for new construction #bpn 2002-12-24-4471.,complete,2008-05-05T00:00:00.000,2007-01-05T00:00:00.000,2007-05-23T00:00:00.000,2008-05-23T00:00:00.000Z,67500,100000,,,2,10,Potrero Hill,94107,"{'latitude': '37.754173905047736', 'longitude': '-122.39034620596833', 'human_address': '{""address"": """", ""city"": """", ""state"": """", ""zip"": """"}'}",1.08E+12,,,,,,,,,,2008-05-05T00:00:00.000,,,,,
5ea2077bc2aeecdcc61c5a78,M52985,8,otc alterations permit,2007-01-05T00:00:00.000,586,14,2513,Pacific,Av,street space,issued,2007-01-05T00:00:00.000,2007-01-05T00:00:00.000,2007-01-05T00:00:00.000,,,0,,,,2,Pacific Heights,94115,"{'latitude': '37.79276909001666', 'longitude': '-122.43714251683652', 'human_address': '{""address"": """", ""city"": """", ""state"": """", ""zip"": """"}'}",1.08E+12,0,,,,,,,,,,,,,,
5ea2077bc2aeecdcc61c5a79,M52986,8,otc alterations permit,2007-01-05T00:00:00.000,744,18,800,Turk,St,sidewalk repair,issued,2007-01-05T00:00:00.000,2007-01-05T00:00:00.000,2007-01-05T00:00:00.000,,,0,,,,5,Western Addition,94102,"{'latitude': '37.78190997723413', 'longitude': '-122.42266836945097', 'human_address': '{""address"": """", ""city"": """", ""state"": """", ""zip"": """"}'}",1.08E+11,,,,,,,,,,,,,,,
5ea2077bc2aeecdcc61c5a7a,2.01E+11,5,grade or quarry or fill or excavate,2007-01-05T00:00:00.000,279,14,1299,Bush,St,temporary shoring & underpinning as required for bpn# 2005-03-10-7166. work under this permit to be an underpinning piers & soldier beams except underpinning piers #27 to #31 as shown on street #sp1,complete,2009-10-16T00:00:00.000,2007-01-05T00:00:00.000,2008-03-13T00:00:00.000,2010-03-13T00:00:00.000Z,100000,432300,,,2,3,Nob Hill,94109,"{'latitude': '37.788708778323645', 'longitude': '-122.41839815030428', 'human_address': '{""address"": """", ""city"": """", ""state"": """", ""zip"": """"}'}",1.08E+12,0,,,,,,,,,2009-10-16T00:00:00.000,,,,,
5ea2077bc2aeecdcc61c5a7b,2.01E+11,8,otc alterations permit,2007-01-05T00:00:00.000,1762,26,1382,08th,Av,replace two windows in kind at front of house. alluminum to vinyl. .67 u factor min. comply with (his nov#200677707 & #200675397),complete,2007-02-01T00:00:00.000,2007-01-05T00:00:00.000,2007-01-05T00:00:00.000,2007-05-05T00:00:00.000Z,1200,1200,apartments,apartments,0,5,Inner Sunset,94122,"{'latitude': '37.762582967948525', 'longitude': '-122.46486983244503', 'human_address': '{""address"": """", ""city"": """", ""state"": """", ""zip"": """"}'}",1.08E+12,0,3,3,3,3,5,wood frame (5),5,wood frame (5),2007-02-01T00:00:00.000,,,,,
5ea2077bc2aeecdcc61c5a7c,2.01E+11,8,otc alterations permit,2007-01-05T00:00:00.000,2861,31,2238,09th,Av,remodel kitchen on level 'a' and refurbish existing stairway with open handrail,complete,2007-06-01T00:00:00.000,2007-01-05T00:00:00.000,2007-01-05T00:00:00.000,2007-07-05T00:00:00.000Z,25000,25000,1 family dwelling,1 family dwelling,2,7,West of Twin Peaks,94116,"{'latitude': '37.74732650535603', 'longitude': '-122.46555073484286', 'human_address': '{""address"": """", ""city"": """", ""state"": """", ""zip"": """"}'}",1.08E+12,,2,2,1,1,5,wood frame (5),5,wood frame (5),2007-06-01T00:00:00.000,,,,,
5ea2077bc2aeecdcc61c5a7d,2.01E+11,8,otc alterations permit,2007-01-05T00:00:00.000,321,32,765,Ofarrell,St,"total of 8 units. this is a  revision to pa# 2006/08/07/8815. repair wiring, plumbing, partial walls painting etc. for unit# 4, #7, #22, #31, #32, #37, #41 & #43. bath room, kitchen, 1 in each unit. minimum upgrade.",complete,2007-01-29T00:00:00.000,2007-01-05T00:00:00.000,2007-01-05T00:00:00.000,2007-05-05T00:00:00.000Z,1,1,apartments,apartments,0,6,Tenderloin,94109,"{'latitude': '37.784967277951175', 'longitude': '-122.41725672531369', 'human_address': '{""address"": """", ""city"": """", ""state"": """", ""zip"": """"}'}",1.08E+11,,4,4,33,33,5,wood frame (5),5,wood frame (5),2007-01-29T00:00:00.000,,,,,
5ea2077bc2aeecdcc61c5a7e,M53002,8,otc alterations permit,2007-01-05T00:00:00.000,7112,006A,20,Sadowa,St,street space & sidewalk,issued,2007-01-05T00:00:00.000,2007-01-05T00:00:00.000,2007-01-05T00:00:00.000,,,0,,,,11,Oceanview/Merced/Ingleside,94112,"{'latitude': '37.712578241446195', 'longitude': '-122.45502045341854', 'human_address': '{""address"": """", ""city"": """", ""state"": """", ""zip"": """"}'}",1.08E+12,,,,,,,,,,,,,,,
5ea2077bc2aeecdcc61c5a7f,2.01E+11,3,additions alterations or repairs,2007-01-05T00:00:00.000,279,15,1283,Bush,St,underpinning as required by adjacent. new construction 2005-03-10-7166s.,withdrawn,2007-11-05T00:00:00.000,2007-01-05T00:00:00.000,,,25000,252500,apartments,apartments,2,3,Nob Hill,94109,"{'latitude': '37.78872703093541', 'longitude': '-122.41825701981622', 'human_address': '{""address"": """", ""city"": """", ""state"": """", ""zip"": """"}'}",1.08E+12,0,4,4,8,8,5,wood frame (5),5,wood frame (5),,,,,,
5ea2077bc2aeecdcc61c5a80,2.01E+11,4,sign - erect,2007-01-05T00:00:00.000,3705,42,865,Market,St,to erect electrical sign,issued,2007-01-05T00:00:00.000,2007-01-05T00:00:00.000,2007-01-05T00:00:00.000,2007-05-05T00:00:00.000Z,,4000,retail sales,,2,6,South of Market,94103,"{'latitude': '37.78394695457302', 'longitude': '-122.40715830829208', 'human_address': '{""address"": """", ""city"": """", ""state"": """", ""zip"": """"}'}",1.08E+12,,6,,0,,3,constr type 3,,,,,,,,
5ea2077bc2aeecdcc61c5a81,M53003,8,otc alterations permit,2007-01-05T00:00:00.000,1232,23,1567,Page,St,street space,issued,2007-01-05T00:00:00.000,2007-01-05T00:00:00.000,2007-01-05T00:00:00.000,,,0,,,,5,Haight Ashbury,94117,"{'latitude': '37.77077091593777', 'longitude': '-122.44660871824203', 'human_address': '{""address"": """", ""city"": """", ""state"": """", ""zip"": """"}'}",1.08E+12,,,,,,,,,,,,,,,
5ea2077bc2aeecdcc61c5a82,M53004,8,otc alterations permit,2007-01-05T00:00:00.000,5685,18,355,Banks,St,street space,issued,2007-01-05T00:00:00.000,2007-01-05T00:00:00.000,2007-01-05T00:00:00.000,,,0,,,,9,Bernal Heights,94110,"{'latitude': '37.73864515727059', 'longitude': '-122.41252448699053', 'human_address': '{""address"": """", ""city"": """", ""state"": """", ""zip"": """"}'}",1.08E+12,,,,,,,,,,,,,,,
5ea2077bc2aeecdcc61c5a83,2.01E+11,3,additions alterations or repairs,2007-01-05T00:00:00.000,279,12,1144,Larkin,St,underpinning as required by adjacent new construction 2005-03-10-7166s.,complete,2009-10-16T00:00:00.000,2007-01-05T00:00:00.000,2008-02-27T00:00:00.000,2009-02-27T00:00:00.000Z,10000,43000,apartments,apartments,2,3,Nob Hill,94109,"{'latitude': '37.788527586779594', 'longitude': '-122.41831373627939', 'human_address': '{""address"": """", ""city"": """", ""state"": """", ""zip"": """"}'}",1.08E+11,,3,3,16,16,5,wood frame (5),5,wood frame (5),2009-10-16T00:00:00.000,,,,,
5ea2077bc2aeecdcc61c5a84,2.01E+11,8,otc alterations permit,2007-01-05T00:00:00.000,4150,15,2868,23rd,St,complaint 3200681897. stairs repair less than 50% of structure.,complete,2007-03-07T00:00:00.000,2007-01-05T00:00:00.000,2007-01-05T00:00:00.000,2007-05-05T00:00:00.000Z,500,500,apartments,apartments,0,9,Mission,94110,"{'latitude': '37.75459529763203', 'longitude': '-122.40973764782687', 'human_address': '{""address"": """", ""city"": """", ""state"": """", ""zip"": """"}'}",1.08E+12,0,2,2,4,4,5,wood frame (5),5,wood frame (5),2007-03-07T00:00:00.000,,,,,
5ea2077bc2aeecdcc61c5a85,2.01E+11,8,otc alterations permit,2007-01-05T00:00:00.000,2984,14,45,Allston,Wy,reenforce bay window section at rear of house (n) partitions at garage to create (n) storage rooms (two) voluntary strengthen garage wall. no calcs no spec insp.,issued,2007-01-05T00:00:00.000,2007-01-05T00:00:00.000,2007-01-05T00:00:00.000,2007-07-05T00:00:00.000Z,8000,8000,1 family dwelling,1 family dwelling,2,7,West of Twin Peaks,94127,"{'latitude': '37.74144783654101', 'longitude': '-122.46266408986418', 'human_address': '{""address"": """", ""city"": """", ""state"": """", ""zip"": """"}'}",1.08E+12,,2,2,1,1,5,wood frame (5),5,wood frame (5),,,,,,
5ea2077bc2aeecdcc61c5a86,2.01E+11,6,demolitions,2007-01-05T00:00:00.000,3776,92,246,Ritch,St,to demolish 1 story storage building,withdrawn,2010-12-01T00:00:00.000,2007-01-05T00:00:00.000,,,,,"warehouse,no frnitur",,0,6,South of Market,94107,"{'latitude': '37.780218861178675', 'longitude': '-122.39581632031391', 'human_address': '{""address"": """", ""city"": """", ""state"": """", ""zip"": """"}'}",1.08E+12,,1,,0,,5,wood frame (5),,,,,,,,
5ea2077bc2aeecdcc61c5a87,2.01E+11,8,otc alterations permit,2007-01-05T00:00:00.000,94,5,1100,Filbert,St,reactivate job permit#200509132712. seismic improvement work to complete.,expired,2014-08-19T00:00:00.000,2007-01-05T00:00:00.000,2007-01-05T00:00:00.000,2007-07-05T00:00:00.000Z,15000,15000,apartments,apartments,0,2,Russian Hill,94109,"{'latitude': '37.80045478404231', 'longitude': '-122.41788437239934', 'human_address': '{""address"": """", ""city"": """", ""state"": """", ""zip"": """"}'}",1.08E+12,0,3,3,3,3,5,wood frame (5),5,wood frame (5),,,,,,
5ea2077bc2aeecdcc61c5a88,2.01E+11,8,otc alterations permit,2007-01-05T00:00:00.000,94,5,1112,Filbert,St,reactivate job permit#200509132712. seismic improvement work to complete.,expired,2014-08-19T00:00:00.000,2007-01-05T00:00:00.000,2007-01-05T00:00:00.000,2007-07-05T00:00:00.000Z,15000,15000,apartments,apartments,0,2,Russian Hill,94109,"{'latitude': '37.80045478404231', 'longitude': '-122.41788437239934', 'human_address': '{""address"": """", ""city"": """", ""state"": """", ""zip"": """"}'}",1.08E+12,,3,3,3,3,5,wood frame (5),5,wood frame (5),,,,,,
5ea2077bc2aeecdcc61c5a89,2.01E+11,8,otc alterations permit,2007-01-05T00:00:00.000,5612,32,91,Winfield,St,reroofing.,complete,2007-05-23T00:00:00.000,2007-01-05T00:00:00.000,2007-01-05T00:00:00.000,2007-07-05T00:00:00.000Z,7940,7940,1 family dwelling,1 family dwelling,0,9,Bernal Heights,94110,"{'latitude': '37.74366476902927', 'longitude': '-122.41761907508271', 'human_address': '{""address"": """", ""city"": """", ""state"": """", ""zip"": """"}'}",1.08E+12,,,,,,,,,,2007-05-23T00:00:00.000,,,,,
5ea2077bc2aeecdcc61c5a8a,2.01E+11,2,new construction wood frame,2007-01-05T00:00:00.000,3776,92,246,Ritch,St,to erect a new 5 story 19 dwelling unit,complete,2014-02-06T00:00:00.000,2007-01-05T00:00:00.000,2012-04-20T00:00:00.000,2015-04-05T00:00:00.000Z,1800000,1891285,,apartments,2,6,South of Market,94107,"{'latitude': '37.780218861178675', 'longitude': '-122.39581632031391', 'human_address': '{""address"": """", ""city"": """", ""state"": """", ""zip"": """"}'}",1.08E+12,,,5,,19,,,5,wood frame (5),2014-02-06T00:00:00.000,,Y,,2012-08-14T00:00:00.000,
5ea2077bc2aeecdcc61c5a8b,2.01E+11,3,additions alterations or repairs,2007-01-05T00:00:00.000,266,9,1,Front,St,"oti-1, aetna, 6/fl, el,, me, ls, sp.",complete,2007-06-22T00:00:00.000,2007-01-05T00:00:00.000,2007-01-29T00:00:00.000,2009-01-29T00:00:00.000Z,308000,308000,office,office,2,3,Financial District/South Beach,94111,"{'latitude': '37.79175821447036', 'longitude': '-122.39891194475122', 'human_address': '{""address"": """", ""city"": """", ""state"": """", ""zip"": """"}'}",1.08E+12,,38,38,0,0,1,constr type 1,1,constr type 1,2007-06-22T00:00:00.000,,,,,
5ea2077bc2aeecdcc61c5a8c,2.01E+11,8,otc alterations permit,2007-01-05T00:00:00.000,2199,003C,2147,18th,Av,reroofing.,issued,2007-01-05T00:00:00.000,2007-01-05T00:00:00.000,2007-01-05T00:00:00.000,2007-05-05T00:00:00.000Z,4800,4800,1 family dwelling,1 family dwelling,0,7,West of Twin Peaks,94116,"{'latitude': '37.74778375279827', 'longitude': '-122.47524676987994', 'human_address': '{""address"": """", ""city"": """", ""state"": """", ""zip"": """"}'}",1.08E+12,,,,,,,,,,,,,,,
5ea2077bc2aeecdcc61c5a8d,2.01E+11,8,otc alterations permit,2007-01-05T00:00:00.000,1662,45,754,20th,Av,reroofing.,issued,2007-01-05T00:00:00.000,2007-01-05T00:00:00.000,2007-01-05T00:00:00.000,2007-05-05T00:00:00.000Z,4800,4800,2 family dwelling,2 family dwelling,0,1,Outer Richmond,94121,"{'latitude': '37.773661165865164', 'longitude': '-122.4785658160331', 'human_address': '{""address"": """", ""city"": """", ""state"": """", ""zip"": """"}'}",1.08E+12,,,,,,,,,,,,,,,
5ea2077bc2aeecdcc61c5a8e,2.01E+11,3,additions alterations or repairs,2007-01-05T00:00:00.000,266,9,1,Front,St,"oti-2, aetna, 6/fl, el, me, ls.",complete,2007-06-22T00:00:00.000,2007-01-05T00:00:00.000,2007-02-12T00:00:00.000,2008-02-12T00:00:00.000Z,80000,100000,office,office,2,3,Financial District/South Beach,94111,"{'latitude': '37.79175821447036', 'longitude': '-122.39891194475122', 'human_address': '{""address"": """", ""city"": """", ""state"": """", ""zip"": """"}'}",1.08E+12,,33,33,0,0,1,constr type 1,1,constr type 1,2007-06-22T00:00:00.000,,,,,
5ea2077bc2aeecdcc61c5a8f,2.01E+11,8,otc alterations permit,2007-01-05T00:00:00.000,0026T,289A,2655,Hyde,St,"remove & replace exterior cement plaster approx 2400 sqft, interior gypsum board around window and sliding glass doors. 26 windows and 4 sliding glass doors (same size, same location), & water damaged framing and sheating at the south wall units#107,106,105,104,207,206,205,204,307,306,305,304. 12 un",complete,2007-03-29T00:00:00.000,2007-01-05T00:00:00.000,2007-01-05T00:00:00.000,2008-01-05T00:00:00.000Z,75000,75000,apartments,apartments,2,2,Russian Hill,94109,"{'latitude': '37.8054734094747', 'longitude': '-122.42059704496393', 'human_address': '{""address"": """", ""city"": """", ""state"": """", ""zip"": """"}'}",1.08E+12,0,3,3,24,24,5,wood frame (5),5,wood frame (5),2007-03-29T00:00:00.000,,,,,0
5ea2077bc2aeecdcc61c5a90,2.01E+11,8,otc alterations permit,2007-01-05T00:00:00.000,1662,45,756,20th,Av,reroofing.,issued,2007-01-05T00:00:00.000,2007-01-05T00:00:00.000,2007-01-05T00:00:00.000,2007-05-05T00:00:00.000Z,4800,4800,2 family dwelling,2 family dwelling,0,1,Outer Richmond,94121,"{'latitude': '37.773661165865164', 'longitude': '-122.4785658160331', 'human_address': '{""address"": """", ""city"": """", ""state"": """", ""zip"": """"}'}",1.08E+12,,,,,,,,,,,,,,,
5ea2077bc2aeecdcc61c5a91,2.01E+11,8,otc alterations permit,2007-01-05T00:00:00.000,268,6,220,Bush,St,"oti-1   8th floor el, l/s, sp",complete,2007-06-19T00:00:00.000,2007-01-05T00:00:00.000,2007-01-05T00:00:00.000,2008-01-05T00:00:00.000Z,80000,80000,office,office,2,3,Financial District/South Beach,94104,"{'latitude': '37.79139224704139', 'longitude': '-122.40130698499809', 'human_address': '{""address"": """", ""city"": """", ""state"": """", ""zip"": """"}'}",1.08E+11,,22,22,0,0,1,constr type 1,1,constr type 1,2007-06-19T00:00:00.000,,,,,
5ea2077bc2aeecdcc61c5a92,M53022,8,otc alterations permit,2007-01-05T00:00:00.000,961,4,2515,Scott,St,street space,issued,2007-01-05T00:00:00.000,2007-01-05T00:00:00.000,2007-01-05T00:00:00.000,,,0,,,,2,Pacific Heights,94115,"{'latitude': '37.79307710747633', 'longitude': '-122.44006974346662', 'human_address': '{""address"": """", ""city"": """", ""state"": """", ""zip"": """"}'}",1.08E+11,,,,,,,,,,,,,,,
5ea2077bc2aeecdcc61c5a93,2.01E+11,8,otc alterations permit,2007-01-05T00:00:00.000,2704,56,381,Corbett,Av,demo and remodel: kitchen and bathroom at ground level,expired,2007-07-30T00:00:00.000,2007-01-05T00:00:00.000,2007-01-05T00:00:00.000,2007-07-05T00:00:00.000Z,10000,10000,apartments,apartments,0,8,Castro/Upper Market,94114,"{'latitude': '37.7593171602773', 'longitude': '-122.44561879010135', 'human_address': '{""address"": """", ""city"": """", ""state"": """", ""zip"": """"}'}",1.08E+12,0,3,3,3,3,5,wood frame (5),5,wood frame (5),,,,,,
5ea2077bc2aeecdcc61c5a94,2.01E+11,8,otc alterations permit,2007-01-05T00:00:00.000,3251,6,250,San Fernando,Wy,reroofing,complete,2007-01-17T00:00:00.000,2007-01-05T00:00:00.000,2007-01-05T00:00:00.000,2007-07-05T00:00:00.000Z,18527,18527,1 family dwelling,1 family dwelling,0,7,West of Twin Peaks,94127,"{'latitude': '37.7324148199799', 'longitude': '-122.4698654023569', 'human_address': '{""address"": """", ""city"": """", ""state"": """", ""zip"": """"}'}",1.08E+12,,,,,,,,,,2007-01-17T00:00:00.000,,,,,
5ea2077bc2aeecdcc61c5a95,2.01E+11,8,otc alterations permit,2007-01-05T00:00:00.000,1114,8,45,Encanto,Av,reroofing,complete,2007-01-17T00:00:00.000,2007-01-05T00:00:00.000,2007-01-05T00:00:00.000,2007-07-05T00:00:00.000Z,13674,13674,1 family dwelling,1 family dwelling,0,2,Lone Mountain/USF,94115,"{'latitude': '37.780403040504375', 'longitude': '-122.44386520813573', 'human_address': '{""address"": """", ""city"": """", ""state"": """", ""zip"": """"}'}",1.08E+11,,,,,,,,,,2007-01-17T00:00:00.000,,,,,
5ea2077bc2aeecdcc61c5a96,2.01E+11,3,additions alterations or repairs,2007-01-05T00:00:00.000,3729,74,1269,Howard,St,"revise pa# 200610195527-install wheel chair lift, provide structural details for installation skylight.",issued,2007-02-13T00:00:00.000,2007-01-05T00:00:00.000,2007-02-13T00:00:00.000,2008-02-13T00:00:00.000Z,35000,35000,office,office,2,6,South of Market,94103,"{'latitude': '37.775158468223474', 'longitude': '-122.41238465243752', 'human_address': '{""address"": """", ""city"": """", ""state"": """", ""zip"": """"}'}",1.08E+12,,2,2,0,0,5,wood frame (5),5,wood frame (5),,,,,,
5ea2077bc2aeecdcc61c5a97,2.01E+11,8,otc alterations permit,2007-01-05T00:00:00.000,678,126,2295,Bush,St,"1 at 11' 2"" wide x 3' projection x 4' drop and 1 corner at 12' wide, 8' wide corner panel, 12' wide x 3' projection x 4 4' drop",issued,2007-01-05T00:00:00.000,2007-01-05T00:00:00.000,2007-01-05T00:00:00.000,,,0,,,2,5,Pacific Heights,94115,"{'latitude': '37.786572696599826', 'longitude': '-122.4347131457043', 'human_address': '{""address"": """", ""city"": """", ""state"": """", ""zip"": """"}'}",1.08E+12,0,,,,,,,,,,,,,,
5ea2077bc2aeecdcc61c5a98,2.01E+11,8,otc alterations permit,2007-01-05T00:00:00.000,59,121,150,Lombard,St,"remodel one kitchen w/new appliance & cabinets/countertops, retile bathroom new vanity &* bath tub - no stuctrual work in kind",complete,2007-03-02T00:00:00.000,2007-01-05T00:00:00.000,2007-01-05T00:00:00.000,2007-07-05T00:00:00.000Z,10000,10000,apartments,apartments,0,3,Financial District/South Beach,94111,"{'latitude': '37.80442696445743', 'longitude': '-122.40426517628732', 'human_address': '{""address"": """", ""city"": """", ""state"": """", ""zip"": """"}'}",1.08E+11,509,9,9,72,72,2,constr type 2,2,constr type 2,2007-03-02T00:00:00.000,,,,,
5ea2077bc2aeecdcc61c5a99,M53042,8,otc alterations permit,2007-01-05T00:00:00.000,3584,32,3976,19th,St,street space permit,issued,2007-01-05T00:00:00.000,2007-01-05T00:00:00.000,2007-01-05T00:00:00.000,,,0,,,,8,Castro/Upper Market,94114,"{'latitude': '37.75970572983867', 'longitude': '-122.43202607528404', 'human_address': '{""address"": """", ""city"": """", ""state"": """", ""zip"": """"}'}",1.08E+12,,,,,,,,,,,,,,,
5ea2077bc2aeecdcc61c5a9a,2.01E+11,3,additions alterations or repairs,2007-01-05T00:00:00.000,6546,38,4239,25th,St,front horizontal addition & new front entry (one story) addition to an (e) single family structure. remodel (2) bedrooms & family room & entry.,complete,2008-03-24T00:00:00.000,2007-01-05T00:00:00.000,2007-07-17T00:00:00.000,2008-07-17T00:00:00.000Z,75000,75000,1 family dwelling,1 family dwelling,2,8,Noe Valley,94114,"{'latitude': '37.74938468025206', 'longitude': '-122.43501167737475', 'human_address': '{""address"": """", ""city"": """", ""state"": """", ""zip"": """"}'}",1.08E+12,,2,2,1,1,5,wood frame (5),5,wood frame (5),2008-03-24T00:00:00.000,Y,Y,,2007-07-17T00:00:00.000,
5ea2077bc2aeecdcc61c5a9b,2.01E+11,8,otc alterations permit,2007-01-05T00:00:00.000,4104,35,545,Pennsylvania,Av,reroofing,complete,2007-01-10T00:00:00.000,2007-01-05T00:00:00.000,2007-01-05T00:00:00.000,2007-07-05T00:00:00.000Z,7400,7400,2 family dwelling,2 family dwelling,0,10,Potrero Hill,94107,"{'latitude': '37.75961804522055', 'longitude': '-122.39297877811363', 'human_address': '{""address"": """", ""city"": """", ""state"": """", ""zip"": """"}'}",1.08E+12,,,,,,,,,,2007-01-10T00:00:00.000,,,,,
5ea2077bc2aeecdcc61c5a9c,2.01E+11,8,otc alterations permit,2007-01-05T00:00:00.000,4104,36,547,Pennsylvania,Av,reroofing,complete,2007-01-10T00:00:00.000,2007-01-05T00:00:00.000,2007-01-05T00:00:00.000,2007-07-05T00:00:00.000Z,7400,7400,2 family dwelling,2 family dwelling,0,10,Potrero Hill,94107,"{'latitude': '37.75961804522055', 'longitude': '-122.39297877811363', 'human_address': '{""address"": """", ""city"": """", ""state"": """", ""zip"": """"}'}",1.08E+12,547,,,,,,,,,2007-01-10T00:00:00.000,,,,,
5ea2077bc2aeecdcc61c5a9d,2.01E+11,8,otc alterations permit,2007-01-05T00:00:00.000,4145,9,2320,Bryant,St,rvision to appl #200611298674. add 2 skylight at dinining room and playroom area. 2x4 size,complete,2007-01-08T00:00:00.000,2007-01-05T00:00:00.000,2007-01-05T00:00:00.000,2007-05-05T00:00:00.000Z,1,1,1 family dwelling,1 family dwelling,0,9,Mission,94110,"{'latitude': '37.75687802305521', 'longitude': '-122.4098382298529', 'human_address': '{""address"": """", ""city"": """", ""state"": """", ""zip"": """"}'}",1.08E+12,,2,2,1,1,5,wood frame (5),5,wood frame (5),2007-01-08T00:00:00.000,,,,,
5ea2077bc2aeecdcc61c5a9e,2.01E+11,8,otc alterations permit,2007-01-05T00:00:00.000,1840,014B,1483,Funston,Av,reroofing,complete,2007-02-14T00:00:00.000,2007-01-05T00:00:00.000,2007-01-05T00:00:00.000,2007-07-05T00:00:00.000Z,14000,14000,1 family dwelling,1 family dwelling,0,7,Inner Sunset,94122,"{'latitude': '37.760457517817436', 'longitude': '-122.47068810136602', 'human_address': '{""address"": """", ""city"": """", ""state"": """", ""zip"": """"}'}",1.08E+12,,,,,,,,,,2007-02-14T00:00:00.000,,,,,
5ea2077bc2aeecdcc61c5a9f,2.01E+11,8,otc alterations permit,2007-01-05T00:00:00.000,818,1,449,Octavia,St,"fabricate and install 1 awning, free hanging valance and awning will not extend passed window opening",expired,2008-11-17T00:00:00.000,2007-01-05T00:00:00.000,2007-01-05T00:00:00.000,2007-05-05T00:00:00.000Z,700,700,retail sales,retail sales,2,5,Hayes Valley,94102,"{'latitude': '37.77639338632711', 'longitude': '-122.42475605739483', 'human_address': '{""address"": """", ""city"": """", ""state"": """", ""zip"": """"}'}",1.08E+12,,3,3,14,14,5,wood frame (5),5,wood frame (5),,,,,,
5ea2077bc2aeecdcc61c5aa0,2.01E+11,8,otc alterations permit,2007-01-05T00:00:00.000,5523,14,3264,Folsom,St,reroofing,complete,2007-02-07T00:00:00.000,2007-01-05T00:00:00.000,2007-01-05T00:00:00.000,2007-07-05T00:00:00.000Z,15000,15000,1 family dwelling,1 family dwelling,0,9,Bernal Heights,94110,"{'latitude': '37.745819643396594', 'longitude': '-122.41372275692359', 'human_address': '{""address"": """", ""city"": """", ""state"": """", ""zip"": """"}'}",1.08E+12,,,,,,,,,,2007-02-07T00:00:00.000,,,,,
5ea2077bc2aeecdcc61c5aa1,2.01E+11,8,otc alterations permit,2007-01-05T00:00:00.000,693,10,946,Geary,St,reroofing,expired,2011-02-25T00:00:00.000,2007-01-05T00:00:00.000,2007-01-05T00:00:00.000,2007-07-05T00:00:00.000Z,6000,6000,apartments,apartments,0,6,Tenderloin,94109,"{'latitude': '37.78626385389539', 'longitude': '-122.41887130268813', 'human_address': '{""address"": """", ""city"": """", ""state"": """", ""zip"": """"}'}",1.08E+12,,,,,,,,,,,,,,,
5ea2077bc2aeecdcc61c5aa2,2.01E+11,8,otc alterations permit,2007-01-05T00:00:00.000,6112,23,681,University,St,to renew expired permit #200603086256 for final inpsecition only,issued,2007-01-05T00:00:00.000,2007-01-05T00:00:00.000,2007-01-05T00:00:00.000,2007-05-05T00:00:00.000Z,1,1,1 family dwelling,1 family dwelling,0,9,Portola,94134,"{'latitude': '37.72175511446843', 'longitude': '-122.41185922545053', 'human_address': '{""address"": """", ""city"": """", ""state"": """", ""zip"": """"}'}",1.08E+12,,2,2,1,1,5,wood frame (5),5,wood frame (5),2007-01-05T00:00:00.000,,,,,
5ea2077bc2aeecdcc61c5aa3,M53062,8,otc alterations permit,2007-01-05T00:00:00.000,1619,006F,767,25th,Av,street space permit,issued,2007-01-05T00:00:00.000,2007-01-05T00:00:00.000,2007-01-05T00:00:00.000,,,0,,,,1,Outer Richmond,94121,"{'latitude': '37.774976854610216', 'longitude': '-122.48469510504466', 'human_address': '{""address"": """", ""city"": """", ""state"": """", ""zip"": """"}'}",1.08E+12,,,,,,,,,,,,,,,
5ea2077bc2aeecdcc61c5aa4,2.01E+11,8,otc alterations permit,2007-01-05T00:00:00.000,2610,42,105,Alpine,Tr,"legalize ""habitable space"" at 1st floor and provide full bathroom. remodel kitchen. fill in 2 lightwells at 3rd floor. add new bathrooms. add steel beam at garage. remodel 3rd floor bathroom. new vanity at 2nd floor.",complete,2008-03-19T00:00:00.000,2007-01-05T00:00:00.000,2007-01-05T00:00:00.000,2008-01-05T00:00:00.000Z,99000,99000,1 family dwelling,1 family dwelling,2,8,Castro/Upper Market,94117,"{'latitude': '37.7688781735904', 'longitude': '-122.43728491404069', 'human_address': '{""address"": """", ""city"": """", ""state"": """", ""zip"": """"}'}",1.08E+12,,3,3,1,1,5,wood frame (5),5,wood frame (5),2008-03-19T00:00:00.000,Y,,,,
5ea2077bc2aeecdcc61c5aa5,M53063,8,otc alterations permit,2007-01-05T00:00:00.000,5719,15,105,Richland,Av,street space permit only.,issued,2007-01-05T00:00:00.000,2007-01-05T00:00:00.000,2007-01-05T00:00:00.000,,,0,,,,9,Bernal Heights,94110,"{'latitude': '37.736149628078195', 'longitude': '-122.42410384857304', 'human_address': '{""address"": """", ""city"": """", ""state"": """", ""zip"": """"}'}",1.08E+12,,,,,,,,,,,,,,,
5ea2077bc2aeecdcc61c5aa6,2.01E+11,8,otc alterations permit,2007-01-05T00:00:00.000,2359,1,2301,30th,Av,reroofing.,issued,2007-01-05T00:00:00.000,2007-01-05T00:00:00.000,2007-01-05T00:00:00.000,2007-07-05T00:00:00.000Z,7500,7500,1 family dwelling,1 family dwelling,0,4,Sunset/Parkside,94116,"{'latitude': '37.744239662427184', 'longitude': '-122.48788151268484', 'human_address': '{""address"": """", ""city"": """", ""state"": """", ""zip"": """"}'}",1.08E+12,,,,,,,,,,,,,,,
5ea2077bc2aeecdcc61c5aa7,M53082,8,otc alterations permit,2007-01-05T00:00:00.000,1245,1,1501,Haight,St,sidewalk permit only.,issued,2007-01-05T00:00:00.000,2007-01-05T00:00:00.000,2007-01-05T00:00:00.000,,,0,,,,5,Haight Ashbury,94117,"{'latitude': '37.76976308868339', 'longitude': '-122.4471153332011', 'human_address': '{""address"": """", ""city"": """", ""state"": """", ""zip"": """"}'}",1.08E+11,,,,,,,,,,,,,,,
5ea2077bc2aeecdcc61c5aa8,M53082,8,otc alterations permit,2007-01-05T00:00:00.000,1245,1,1509,Haight,St,sidewalk permit only.,issued,2007-01-05T00:00:00.000,2007-01-05T00:00:00.000,2007-01-05T00:00:00.000,,,0,,,,5,Haight Ashbury,94117,"{'latitude': '37.76976308868339', 'longitude': '-122.4471153332011', 'human_address': '{""address"": """", ""city"": """", ""state"": """", ""zip"": """"}'}",1.08E+12,,,,,,,,,,,,,,,
5ea2077bc2aeecdcc61c5aa9,2.01E+11,8,otc alterations permit,2007-01-05T00:00:00.000,315,3,201,Powell,St,renew for final 200104197205,complete,2007-01-30T00:00:00.000,2007-01-05T00:00:00.000,2007-01-05T00:00:00.000,2007-05-05T00:00:00.000Z,1,1,tourist hotel/motel,tourist hotel/motel,0,3,Tenderloin,94102,"{'latitude': '37.78675094386961', 'longitude': '-122.40846710769029', 'human_address': '{""address"": """", ""city"": """", ""state"": """", ""zip"": """"}'}",1.08E+11,,7,7,183,183,2,constr type 2,2,constr type 2,2007-01-30T00:00:00.000,,,,,
5ea2077bc2aeecdcc61c5aaa,2.01E+11,8,otc alterations permit,2007-01-05T00:00:00.000,1222,19,1484,Page,St,kitchen remodel. replace kitchen cabinets & flooring. (no structural work) up date plumbing & electrical seperate permits. 50% or more lighting will be fluorscent.,complete,2007-04-16T00:00:00.000,2007-01-05T00:00:00.000,2007-01-05T00:00:00.000,2008-01-05T00:00:00.000Z,60000,60000,1 family dwelling,1 family dwelling,0,5,Haight Ashbury,94117,"{'latitude': '37.77140195873266', 'longitude': '-122.44534195749844', 'human_address': '{""address"": """", ""city"": """", ""state"": """", ""zip"": """"}'}",1.08E+12,,2,2,1,1,5,wood frame (5),5,wood frame (5),2007-04-16T00:00:00.000,,,,,
5ea2077bc2aeecdcc61c5aab,M52942,8,otc alterations permit,2007-01-05T00:00:00.000,495,3,3127,Octavia,St,street space permit only.,issued,2007-01-05T00:00:00.000,2007-01-05T00:00:00.000,2007-01-05T00:00:00.000,,,0,,,,2,Marina,94123,"{'latitude': '37.801040654033585', 'longitude': '-122.42984918010609', 'human_address': '{""address"": """", ""city"": """", ""state"": """", ""zip"": """"}'}",1.08E+11,,,,,,,,,,,,,,,
5ea2077bc2aeecdcc61c5aac,2.01E+11,8,otc alterations permit,2007-01-05T00:00:00.000,74,7,850,Greenwich,St,work @ 852 & 854 only. replace roof deck railing with a stainless steel post & wire railing system. remove & replace deteriorated deck boards. less than 50%. remodel kitchen & bathroom in (852 greenwich) install new kitchen counter tops & gas range in 854 greenwich.,complete,2007-11-06T00:00:00.000,2007-01-05T00:00:00.000,2007-01-05T00:00:00.000,2007-07-05T00:00:00.000Z,20000,20000,2 family dwelling,2 family dwelling,0,3,Russian Hill,94133,"{'latitude': '37.801937270905064', 'longitude': '-122.41381004222117', 'human_address': '{""address"": """", ""city"": """", ""state"": """", ""zip"": """"}'}",1.08E+11,,4,4,2,2,5,wood frame (5),5,wood frame (5),2007-11-06T00:00:00.000,,,,,
5ea2077bc2aeecdcc61c5aad,2.01E+11,8,otc alterations permit,2007-01-05T00:00:00.000,74,7,852,Greenwich,St,work @ 852 & 854 only. replace roof deck railing with a stainless steel post & wire railing system. remove & replace deteriorated deck boards. less than 50%. remodel kitchen & bathroom in (852 greenwich) install new kitchen counter tops & gas range in 854 greenwich.,complete,2007-11-06T00:00:00.000,2007-01-05T00:00:00.000,2007-01-05T00:00:00.000,2007-07-05T00:00:00.000Z,20000,20000,2 family dwelling,2 family dwelling,0,3,Russian Hill,94133,"{'latitude': '37.801937270905064', 'longitude': '-122.41381004222117', 'human_address': '{""address"": """", ""city"": """", ""state"": """", ""zip"": """"}'}",1.08E+12,,4,4,2,2,5,wood frame (5),5,wood frame (5),2007-11-06T00:00:00.000,,,,,
5ea2077bc2aeecdcc61c5aae,2.01E+11,8,otc alterations permit,2007-01-05T00:00:00.000,74,7,854,Greenwich,St,work @ 852 & 854 only. replace roof deck railing with a stainless steel post & wire railing system. remove & replace deteriorated deck boards. less than 50%. remodel kitchen & bathroom in (852 greenwich) install new kitchen counter tops & gas range in 854 greenwich.,complete,2007-11-06T00:00:00.000,2007-01-05T00:00:00.000,2007-01-05T00:00:00.000,2007-07-05T00:00:00.000Z,20000,20000,2 family dwelling,2 family dwelling,0,3,Russian Hill,94133,"{'latitude': '37.801937270905064', 'longitude': '-122.41381004222117', 'human_address': '{""address"": """", ""city"": """", ""state"": """", ""zip"": """"}'}",1.08E+12,,4,4,2,2,5,wood frame (5),5,wood frame (5),2007-11-06T00:00:00.000,,,,,
5ea2077bc2aeecdcc61c5aaf,2.01E+11,8,otc alterations permit,2007-01-05T00:00:00.000,5377,22,174,Elmira,St,"to add 2 bedroom, 2 full bath room, 2 storage, laundry room on extg ground floor per plan. foundation work per plans.",complete,2007-05-22T00:00:00.000,2007-01-05T00:00:00.000,2007-01-05T00:00:00.000,2008-01-05T00:00:00.000Z,26000,26000,1 family dwelling,1 family dwelling,2,10,Bayview Hunters Point,94124,"{'latitude': '37.7349111578019', 'longitude': '-122.40390369599608', 'human_address': '{""address"": """", ""city"": """", ""state"": """", ""zip"": """"}'}",1.08E+12,,2,2,1,1,5,wood frame (5),5,wood frame (5),2007-05-22T00:00:00.000,,,,,
5ea2077bc2aeecdcc61c5ab0,2.01E+11,8,otc alterations permit,2007-01-05T00:00:00.000,233,44,4,Embarcadero Center,,renewal of p# 2006/04/17/9159 & pa# 2006/04/13/8881 for final inspection only.,complete,2007-02-12T00:00:00.000,2007-01-05T00:00:00.000,2007-01-05T00:00:00.000,2007-05-05T00:00:00.000Z,1,1,office,office,0,3,Financial District/South Beach,94111,"{'latitude': '37.79506002552974', 'longitude': '-122.39593224461805', 'human_address': '{""address"": """", ""city"": """", ""state"": """", ""zip"": """"}'}",1.08E+11,,40,40,0,0,1,constr type 1,1,constr type 1,2007-02-12T00:00:00.000,,,,,
5ea2077bc2aeecdcc61c5ab1,2.01E+11,8,otc alterations permit,2007-01-05T00:00:00.000,6407,001C,920,Madrid,St,"to add 2 bed room, one full bth room, 2 storage and laundry room on extg ground floor per plan",complete,2007-08-01T00:00:00.000,2007-01-05T00:00:00.000,2007-01-05T00:00:00.000,2007-07-05T00:00:00.000Z,20000,20000,1 family dwelling,1 family dwelling,2,11,Excelsior,94112,"{'latitude': '37.71580857859612', 'longitude': '-122.4375267484772', 'human_address': '{""address"": """", ""city"": """", ""state"": """", ""zip"": """"}'}",1.08E+12,,2,2,1,1,5,wood frame (5),5,wood frame (5),2007-08-01T00:00:00.000,,,,,
5ea2077bc2aeecdcc61c5ab2,2.01E+11,8,otc alterations permit,2007-01-05T00:00:00.000,3095,030A,236,Ridgewood,Av,renovate in place (e) bedroom. relocate (e) lower floor bathroom and laundry room. relocate (e) forced air unit & hot water heater. replace finishes and relocate window at upper floor bathroom. three new skylights.,complete,2007-12-12T00:00:00.000,2007-01-05T00:00:00.000,2007-01-05T00:00:00.000,2008-01-05T00:00:00.000Z,70000,70000,1 family dwelling,1 family dwelling,2,7,West of Twin Peaks,94127,"{'latitude': '37.73210755654028', 'longitude': '-122.45317830408335', 'human_address': '{""address"": """", ""city"": """", ""state"": """", ""zip"": """"}'}",1.08E+12,,2,2,1,1,5,wood frame (5),5,wood frame (5),2007-12-12T00:00:00.000,,,,,
5ea2077bc2aeecdcc61c5ab3,2.01E+11,8,otc alterations permit,2007-01-05T00:00:00.000,1881,27,1584,36th,Av,"remodeling existing bathroom (change tiles, repainting only)",issued,2007-01-05T00:00:00.000,2007-01-05T00:00:00.000,2007-01-05T00:00:00.000,2007-05-05T00:00:00.000Z,600,600,1 family dwelling,1 family dwelling,0,4,Sunset/Parkside,94122,"{'latitude': '37.75749719100628', 'longitude': '-122.49468862714257', 'human_address': '{""address"": """", ""city"": """", ""state"": """", ""zip"": """"}'}",1.08E+12,,3,3,1,1,5,wood frame (5),5,wood frame (5),,,,,,
5ea2077bc2aeecdcc61c5ab4,2.01E+11,8,otc alterations permit,2007-01-05T00:00:00.000,4005,7,1555,Mariposa,St,renew expired pa#200408131528,issued,2007-01-05T00:00:00.000,2007-01-05T00:00:00.000,2007-01-05T00:00:00.000,2007-05-05T00:00:00.000Z,1,1,school,school,0,10,Potrero Hill,94107,"{'latitude': '37.76345787869204', 'longitude': '-122.39942687367368', 'human_address': '{""address"": """", ""city"": """", ""state"": """", ""zip"": """"}'}",1.08E+12,0,3,3,0,0,5,wood frame (5),5,wood frame (5),,,,,,
5ea2077bc2aeecdcc61c5ab5,2.01E+11,8,otc alterations permit,2007-01-05T00:00:00.000,2024,44,1722,26th,Av,reroofing.,complete,2007-01-26T00:00:00.000,2007-01-05T00:00:00.000,2007-01-05T00:00:00.000,2007-05-05T00:00:00.000Z,5000,5000,1 family dwelling,1 family dwelling,0,4,Sunset/Parkside,94122,"{'latitude': '37.75530918479115', 'longitude': '-122.48374235585807', 'human_address': '{""address"": """", ""city"": """", ""state"": """", ""zip"": """"}'}",1.08E+12,,,,,,,,,,2007-01-26T00:00:00.000,,,,,
5ea2077bc2aeecdcc61c5ab6,2.01E+11,8,otc alterations permit,2007-01-05T00:00:00.000,2607,56,45,Upper,Tr,renew app #9724503/9802096/20000201715 for final inspection,complete,2007-01-16T00:00:00.000,2007-01-05T00:00:00.000,2007-01-05T00:00:00.000,2007-05-05T00:00:00.000Z,1,1,1 family dwelling,1 family dwelling,0,8,Castro/Upper Market,94117,"{'latitude': '37.76551260498125', 'longitude': '-122.44308504626758', 'human_address': '{""address"": """", ""city"": """", ""state"": """", ""zip"": """"}'}",1.08E+12,,3,3,1,1,5,wood frame (5),5,wood frame (5),2007-01-16T00:00:00.000,,,,,
5ea2077bc2aeecdcc61c5ab7,2.01E+11,8,otc alterations permit,2007-01-05T00:00:00.000,5411,35,37,Thornton,Av,"renew pa3200212193945,3200511087637 for final inspection.",complete,2007-04-23T00:00:00.000,2007-01-05T00:00:00.000,2007-01-05T00:00:00.000,2007-05-05T00:00:00.000Z,1,1,1 family dwelling,1 family dwelling,0,10,Bayview Hunters Point,94124,"{'latitude': '37.73056293141833', 'longitude': '-122.39307178891697', 'human_address': '{""address"": """", ""city"": """", ""state"": """", ""zip"": """"}'}",1.08E+12,,2,2,1,1,5,wood frame (5),5,wood frame (5),2007-04-23T00:00:00.000,,,,,
5ea2077bc2aeecdcc61c5ab8,2.01E+11,8,otc alterations permit,2007-01-05T00:00:00.000,4969,35,1071,Ingerson,Av,"renew application #2005102266545, 200601122056 for final inpsection (permt#1076576)",complete,2007-02-12T00:00:00.000,2007-01-05T00:00:00.000,2007-01-05T00:00:00.000,2007-05-05T00:00:00.000Z,1,1,1 family dwelling,1 family dwelling,0,10,Bayview Hunters Point,94124,"{'latitude': '37.71964505897376', 'longitude': '-122.39449852111072', 'human_address': '{""address"": """", ""city"": """", ""state"": """", ""zip"": """"}'}",1.08E+12,,2,2,1,1,5,wood frame (5),5,wood frame (5),2007-02-12T00:00:00.000,,,,,
5ea2077bc2aeecdcc61c5ab9,M53103,8,otc alterations permit,2007-01-05T00:00:00.000,6074,11,945,Persia,Av,street space & sidewalk permit only.,issued,2007-01-05T00:00:00.000,2007-01-05T00:00:00.000,2007-01-05T00:00:00.000,,,0,,,,11,Excelsior,94112,"{'latitude': '37.719579817616456', 'longitude': '-122.42798920948817', 'human_address': '{""address"": """", ""city"": """", ""state"": """", ""zip"": """"}'}",1.08E+12,,,,,,,,,,,,,,,
5ea2077bc2aeecdcc61c5aba,2.01E+11,8,otc alterations permit,2007-01-05T00:00:00.000,6051,1,500,Brussels,St,revise to 200605192076 to remove storage rooms.,issued,2007-01-05T00:00:00.000,2007-01-05T00:00:00.000,2007-01-05T00:00:00.000,2007-05-05T00:00:00.000Z,1,1,1 family dwelling,1 family dwelling,2,9,Portola,94134,"{'latitude': '37.72570764767235', 'longitude': '-122.40527246632894', 'human_address': '{""address"": """", ""city"": """", ""state"": """", ""zip"": """"}'}",1.08E+12,,2,2,1,1,5,wood frame (5),5,wood frame (5),,,,,,
5ea2077bc2aeecdcc61c5abb,2.01E+11,8,otc alterations permit,2007-01-05T00:00:00.000,1363,24,4132,California,St,front stairs re-construction. install railings in all appropriate place where required.,complete,2007-03-05T00:00:00.000,2007-01-05T00:00:00.000,2007-01-05T00:00:00.000,2007-05-05T00:00:00.000Z,5000,5000,2 family dwelling,2 family dwelling,2,2,Inner Richmond,94118,"{'latitude': '37.78557942491377', 'longitude': '-122.46201496440175', 'human_address': '{""address"": """", ""city"": """", ""state"": """", ""zip"": """"}'}",1.08E+11,,2,2,2,2,5,wood frame (5),5,wood frame (5),2007-03-05T00:00:00.000,,,,,
5ea2077bc2aeecdcc61c5abc,2.01E+11,8,otc alterations permit,2007-01-05T00:00:00.000,1363,24,4134,California,St,front stairs re-construction. install railings in all appropriate place where required.,complete,2007-03-05T00:00:00.000,2007-01-05T00:00:00.000,2007-01-05T00:00:00.000,2007-05-05T00:00:00.000Z,5000,5000,2 family dwelling,2 family dwelling,2,2,Inner Richmond,94118,"{'latitude': '37.78557942491377', 'longitude': '-122.46201496440175', 'human_address': '{""address"": """", ""city"": """", ""state"": """", ""zip"": """"}'}",1.08E+12,,2,2,2,2,5,wood frame (5),5,wood frame (5),2007-03-05T00:00:00.000,,,,,
5ea2077bc2aeecdcc61c5abd,2.01E+11,8,otc alterations permit,2007-01-05T00:00:00.000,6052,20,521,Somerset,St,convert ground floor into a laundry room family and bathroom,expired,2008-10-01T00:00:00.000,2007-01-05T00:00:00.000,2007-01-05T00:00:00.000,2008-01-05T00:00:00.000Z,26000,26000,1 family dwelling,1 family dwelling,2,9,Portola,94134,"{'latitude': '37.72515486608263', 'longitude': '-122.40669461829215', 'human_address': '{""address"": """", ""city"": """", ""state"": """", ""zip"": """"}'}",1.08E+12,,2,2,1,1,5,wood frame (5),5,wood frame (5),,,,,,
5ea2077bc2aeecdcc61c5abe,2.01E+11,3,additions alterations or repairs,2007-01-05T00:00:00.000,3705,42,865,Market,St,revision to original app #200607318139.,complete,2007-03-06T00:00:00.000,2007-01-05T00:00:00.000,2007-02-14T00:00:00.000,2007-08-14T00:00:00.000Z,10000,10000,retail sales,retail sales,2,6,South of Market,94103,"{'latitude': '37.78394695457302', 'longitude': '-122.40715830829208', 'human_address': '{""address"": """", ""city"": """", ""state"": """", ""zip"": """"}'}",1.08E+12,,8,8,0,0,1,constr type 1,1,constr type 1,2007-03-06T00:00:00.000,,,,,
5ea2077bc2aeecdcc61c5abf,2.01E+11,8,otc alterations permit,2007-01-05T00:00:00.000,6753,50,9,Lyell,St,remodelilng basement  adding onemaster suite  one excersise room & a bath at basement  as per plans,complete,2007-06-27T00:00:00.000,2007-01-05T00:00:00.000,2007-01-05T00:00:00.000,2008-01-05T00:00:00.000Z,35000,35000,1 family dwelling,1 family dwelling,2,8,Outer Mission,94112,"{'latitude': '37.73283270447031', 'longitude': '-122.4316863834413', 'human_address': '{""address"": """", ""city"": """", ""state"": """", ""zip"": """"}'}",1.08E+12,,2,2,1,1,5,wood frame (5),5,wood frame (5),2007-06-27T00:00:00.000,,,,,
5ea2077bc2aeecdcc61c5ac0,M53104,8,otc alterations permit,2007-01-05T00:00:00.000,339,17,217,Eddy,St,street space & sidewalk,issued,2007-01-05T00:00:00.000,2007-01-05T00:00:00.000,2007-01-05T00:00:00.000,,,0,,,,6,Tenderloin,94102,"{'latitude': '37.78391561505234', 'longitude': '-122.41126882680521', 'human_address': '{""address"": """", ""city"": """", ""state"": """", ""zip"": """"}'}",1.08E+12,,,,,,,,,,,,,,,
5ea2077bc2aeecdcc61c5ac1,M53105,8,otc alterations permit,2007-01-05T00:00:00.000,3603,54,526,Liberty,St,street space permit only.,issued,2007-01-05T00:00:00.000,2007-01-05T00:00:00.000,2007-01-05T00:00:00.000,,,0,,,,8,Castro/Upper Market,94114,"{'latitude': '37.7572272184635', 'longitude': '-122.43304304185777', 'human_address': '{""address"": """", ""city"": """", ""state"": """", ""zip"": """"}'}",1.08E+12,,,,,,,,,,,,,,,
5ea2077bc2aeecdcc61c5ac2,2.01E+11,8,otc alterations permit,2007-01-05T00:00:00.000,4710,60,1550,La Salle,Av,"basement expansion 494 ft - (n) ret. wall & slab at basement, (n) electrical/plumbing with bathroom to comply with n.o.v. #200685916",complete,2007-08-21T00:00:00.000,2007-01-05T00:00:00.000,2007-01-05T00:00:00.000,2008-01-05T00:00:00.000Z,30000,30000,1 family dwelling,1 family dwelling,2,10,Bayview Hunters Point,94124,"{'latitude': '37.73614514857685', 'longitude': '-122.38759205712786', 'human_address': '{""address"": """", ""city"": """", ""state"": """", ""zip"": """"}'}",1.08E+12,,2,2,1,1,5,wood frame (5),5,wood frame (5),2007-08-21T00:00:00.000,,,,,
5ea2077bc2aeecdcc61c5ac3,M53106,8,otc alterations permit,2007-01-05T00:00:00.000,1229,13,1786,Haight,St,sidewalk,issued,2007-01-05T00:00:00.000,2007-01-05T00:00:00.000,2007-01-05T00:00:00.000,,,0,,,,5,Haight Ashbury,94117,"{'latitude': '37.76964459338371', 'longitude': '-122.4516276281377', 'human_address': '{""address"": """", ""city"": """", ""state"": """", ""zip"": """"}'}",1.08E+12,,,,,,,,,,,,,,,
5ea2077bc2aeecdcc61c5ac4,M53106,8,otc alterations permit,2007-01-05T00:00:00.000,1229,13,1790,Haight,St,sidewalk,issued,2007-01-05T00:00:00.000,2007-01-05T00:00:00.000,2007-01-05T00:00:00.000,,,0,,,,5,Haight Ashbury,94117,"{'latitude': '37.76964459338371', 'longitude': '-122.4516276281377', 'human_address': '{""address"": """", ""city"": """", ""state"": """", ""zip"": """"}'}",1.08E+12,,,,,,,,,,,,,,,
5ea2077bc2aeecdcc61c5ac5,2.01E+11,8,otc alterations permit,2007-01-05T00:00:00.000,2928,7,134,Taraval,St,"revision to pa 200611178035, move two bathrms toward bedrm & replace a 6x12 beam @ liv rm/din rm area.",complete,2007-02-27T00:00:00.000,2007-01-05T00:00:00.000,2007-01-05T00:00:00.000,2007-05-05T00:00:00.000Z,600,600,1 family dwelling,1 family dwelling,2,7,West of Twin Peaks,94116,"{'latitude': '37.74374305845112', 'longitude': '-122.46679352682838', 'human_address': '{""address"": """", ""city"": """", ""state"": """", ""zip"": """"}'}",1.08E+12,0,3,3,1,1,5,wood frame (5),5,wood frame (5),2007-02-27T00:00:00.000,,,,,
5ea2077bc2aeecdcc61c5ac6,2.01E+11,8,otc alterations permit,2007-01-05T00:00:00.000,3713,7,1,Market,St,"25th floor - demolistion of non-structural partitions, ceilings finishes in prep for t.i. buildout.",issued,2007-01-05T00:00:00.000,2007-01-05T00:00:00.000,2007-01-05T00:00:00.000,2008-01-05T00:00:00.000Z,41000,41000,office,office,2,6,Financial District/South Beach,94105,"{'latitude': '37.79335913762533', 'longitude': '-122.39421238195644', 'human_address': '{""address"": """", ""city"": """", ""state"": """", ""zip"": """"}'}",1.08E+12,,30,30,0,0,1,constr type 1,1,constr type 1,,,,,,
5ea2077bc2aeecdcc61c5ac7,2.01E+11,8,otc alterations permit,2007-01-05T00:00:00.000,2149,001I,2039,29th,Av,"first fl, relocate existing kitchen & remodel bathrm, ground fl, relocate/remodel bathrm, re-arrange stair to first fl & upgrade foundation, comply with nov 200343728",complete,2007-10-25T00:00:00.000,2007-01-05T00:00:00.000,2007-01-05T00:00:00.000,2008-01-05T00:00:00.000Z,30000,30000,1 family dwelling,1 family dwelling,2,4,Sunset/Parkside,94116,"{'latitude': '37.74926187552728', 'longitude': '-122.48719935847359', 'human_address': '{""address"": """", ""city"": """", ""state"": """", ""zip"": """"}'}",1.08E+12,,2,2,1,1,5,wood frame (5),5,wood frame (5),2007-10-25T00:00:00.000,,,,,
5ea2077bc2aeecdcc61c5ac8,2.01E+11,8,otc alterations permit,2007-01-05T00:00:00.000,1913,21,2432,Moraga,St,remodeling basement adding a new study with exercise oom & new bath at basemet converting existisng family room to new master suite at basement as per plan.,complete,2007-04-26T00:00:00.000,2007-01-05T00:00:00.000,2007-01-05T00:00:00.000,2008-01-05T00:00:00.000Z,35000,35000,1 family dwelling,1 family dwelling,2,4,Sunset/Parkside,94122,"{'latitude': '37.75580835844543', 'longitude': '-122.48902582537832', 'human_address': '{""address"": """", ""city"": """", ""state"": """", ""zip"": """"}'}",1.08E+12,,2,2,1,1,5,wood frame (5),5,wood frame (5),2007-04-26T00:00:00.000,,,,,
5ea2077bc2aeecdcc61c5ac9,2.01E+11,8,otc alterations permit,2007-01-05T00:00:00.000,6015,25,277,London,St,demolition and replacement of section of foundation which has failed,expired,2008-12-16T00:00:00.000,2007-01-05T00:00:00.000,2007-01-05T00:00:00.000,2007-07-05T00:00:00.000Z,6500,6500,1 family dwelling,1 family dwelling,2,11,Excelsior,94112,"{'latitude': '37.7245315854452', 'longitude': '-122.43352406897762', 'human_address': '{""address"": """", ""city"": """", ""state"": """", ""zip"": """"}'}",1.08E+12,,1,1,1,1,5,wood frame (5),5,wood frame (5),,,,,,
5ea2077bc2aeecdcc61c5aca,M53122,8,otc alterations permit,2007-01-05T00:00:00.000,3656,15,4050,24th,St,sidewalk permit only.,issued,2007-01-05T00:00:00.000,2007-01-05T00:00:00.000,2007-01-05T00:00:00.000,,,0,,,,8,Noe Valley,94114,"{'latitude': '37.751604375538356', 'longitude': '-122.43300116657886', 'human_address': '{""address"": """", ""city"": """", ""state"": """", ""zip"": """"}'}",1.08E+12,,,,,,,,,,,,,,,
5ea2077bc2aeecdcc61c5acb,2.01E+11,8,otc alterations permit,2007-01-05T00:00:00.000,2183,10,2422,Rivera,St,"remodel 2nd floor kitchen, a new bedroom and a new bathroom, a family room on 1st floor.",complete,2008-09-22T00:00:00.000,2007-01-05T00:00:00.000,2007-01-05T00:00:00.000,2008-01-05T00:00:00.000Z,30000,30000,1 family dwelling,1 family dwelling,2,4,Sunset/Parkside,94116,"{'latitude': '37.74629859533029', 'longitude': '-122.49249347819057', 'human_address': '{""address"": """", ""city"": """", ""state"": """", ""zip"": """"}'}",1.08E+12,,2,2,1,1,5,wood frame (5),5,wood frame (5),2008-09-22T00:00:00.000,,,,,
5ea2077bc2aeecdcc61c5acc,2.01E+11,8,otc alterations permit,2007-01-05T00:00:00.000,1153,3,1045,Divisadero,St,"renew pa#200606265068,pa#200412232036,#200512190623 to continue work.",complete,2007-06-26T00:00:00.000,2007-01-05T00:00:00.000,2007-01-05T00:00:00.000,2007-07-05T00:00:00.000Z,20000,20000,apartments,apartments,0,5,Western Addition,94115,"{'latitude': '37.7792447829728', 'longitude': '-122.43902116409453', 'human_address': '{""address"": """", ""city"": """", ""state"": """", ""zip"": """"}'}",1.08E+11,,2,2,3,3,5,wood frame (5),5,wood frame (5),2007-06-26T00:00:00.000,,,,,
5ea2077bc2aeecdcc61c5acd,2.01E+11,3,additions alterations or repairs,2007-01-05T00:00:00.000,2378,46,3721,Taraval,St,"rear addition  & remodel, add bay windows @ front",cancelled,2020-01-17T00:00:00.000,2007-01-05T00:00:00.000,,,100000,,1 family dwelling,1 family dwelling,2,4,Sunset/Parkside,94116,"{'latitude': '37.74153017778559', 'longitude': '-122.50608484191203', 'human_address': '{""address"": """", ""city"": """", ""state"": """", ""zip"": """"}'}",1.08E+12,,2,2,1,1,5,wood frame (5),5,wood frame (5),,Y,Y,,,
5ea2077bc2aeecdcc61c5ace,2.01E+11,8,otc alterations permit,2007-01-05T00:00:00.000,451,58,1000,North Point,St,"replace kitchen/bath fixtures, kitchen 50% lighting must be fluorescent, bathroom fluorescent or controlled by motion sensors (no structural in kind)",complete,2007-07-05T00:00:00.000,2007-01-05T00:00:00.000,2007-01-05T00:00:00.000,2007-07-05T00:00:00.000Z,18000,18000,apartments,apartments,0,2,Russian Hill,94109,"{'latitude': '37.80550991810889', 'longitude': '-122.42415736860318', 'human_address': '{""address"": """", ""city"": """", ""state"": """", ""zip"": """"}'}",1.08E+11,804,19,19,258,258,5,wood frame (5),5,wood frame (5),2007-07-05T00:00:00.000,,,,,
5ea2077dc2aeecdcc61c5acf,2.01E+11,8,otc alterations permit,2007-01-08T00:00:00.000,530,7,1800,Union,St,reroofing,cancelled,2007-07-18T00:00:00.000,2007-01-08T00:00:00.000,2007-01-08T00:00:00.000,2008-01-08T00:00:00.000Z,34460,34460,2 family dwelling,2 family dwelling,0,2,Marina,94123,"{'latitude': '37.79810645483765', 'longitude': '-122.42911776935273', 'human_address': '{""address"": """", ""city"": """", ""state"": """", ""zip"": """"}'}",1.08E+12,0,3,3,2,2,5,wood frame (5),5,wood frame (5),,,,,,
5ea2077dc2aeecdcc61c5ad0,2.01E+11,8,otc alterations permit,2007-01-08T00:00:00.000,229,18,450,Sansome,St,"oti-2, 12th floor, el, me",complete,2007-04-27T00:00:00.000,2007-01-08T00:00:00.000,2007-01-08T00:00:00.000,2008-01-08T00:00:00.000Z,93938,93938,office,office,2,3,Chinatown,94111,"{'latitude': '37.79464307306962', 'longitude': '-122.40114430265209', 'human_address': '{""address"": """", ""city"": """", ""state"": """", ""zip"": """"}'}",1.08E+12,0,16,16,0,0,2,constr type 2,2,constr type 2,2007-04-27T00:00:00.000,,,,,
5ea2077dc2aeecdcc61c5ad1,2.01E+11,8,otc alterations permit,2007-01-08T00:00:00.000,2075,003B,1831,38th,Av,kitchen remodel only in kind. no structural changes. sink faucet dishwasher. no door or window work,complete,2007-02-28T00:00:00.000,2007-01-08T00:00:00.000,2007-01-08T00:00:00.000,2007-07-08T00:00:00.000Z,5000,7300,1 family dwelling,1 family dwelling,0,4,Sunset/Parkside,94122,"{'latitude': '37.752705724032964', 'longitude': '-122.49711837855976', 'human_address': '{""address"": """", ""city"": """", ""state"": """", ""zip"": """"}'}",1.08E+12,,2,2,1,1,5,wood frame (5),5,wood frame (5),2007-02-28T00:00:00.000,,,,,
5ea2077dc2aeecdcc61c5ad2,2.01E+11,8,otc alterations permit,2007-01-08T00:00:00.000,6981,11,143,Brighton,Av,reroofing.,expired,2011-01-27T00:00:00.000,2007-01-08T00:00:00.000,2007-01-08T00:00:00.000,2007-07-08T00:00:00.000Z,9880,9880,2 family dwelling,2 family dwelling,0,11,Oceanview/Merced/Ingleside,94112,"{'latitude': '37.72083870612274', 'longitude': '-122.45543284322557', 'human_address': '{""address"": """", ""city"": """", ""state"": """", ""zip"": """"}'}",1.08E+12,,,,,,,,,,,,,,,
5ea2077dc2aeecdcc61c5ad3,2.01E+11,8,otc alterations permit,2007-01-08T00:00:00.000,618,4,1890,Clay,St,unit#1104. kitchen/bath remodel in kind. no structural changes sinks faucets shower value & electrical code upgrades no window or door work.,complete,2007-09-05T00:00:00.000,2007-01-08T00:00:00.000,2007-01-08T00:00:00.000,2007-07-08T00:00:00.000Z,10000,10000,apartments,apartments,0,2,Pacific Heights,94109,"{'latitude': '37.792189466278046', 'longitude': '-122.42402443478369', 'human_address': '{""address"": """", ""city"": """", ""state"": """", ""zip"": """"}'}",1.08E+11,,13,13,74,74,1,constr type 1,1,constr type 1,2007-09-05T00:00:00.000,,,,,
5ea2077dc2aeecdcc61c5ad4,2.01E+11,8,otc alterations permit,2007-01-08T00:00:00.000,2406,27,2446,20th,Av,reroofing.,complete,2007-01-24T00:00:00.000,2007-01-08T00:00:00.000,2007-01-08T00:00:00.000,2007-07-08T00:00:00.000Z,9680,9680,2 family dwelling,2 family dwelling,0,4,Sunset/Parkside,94116,"{'latitude': '37.74212884927921', 'longitude': '-122.47637050139886', 'human_address': '{""address"": """", ""city"": """", ""state"": """", ""zip"": """"}'}",1.08E+12,,,,,,,,,,2007-01-24T00:00:00.000,,,,,
5ea2077dc2aeecdcc61c5ad5,2.01E+11,8,otc alterations permit,2007-01-08T00:00:00.000,1679,001F,814,37th,Av,install new counter top in kind. no structural changes. hook up sink & faucet.,expired,2017-05-31T00:00:00.000,2007-01-08T00:00:00.000,2007-01-08T00:00:00.000,2007-07-08T00:00:00.000Z,6837,6837,1 family dwelling,1 family dwelling,0,1,Outer Richmond,94121,"{'latitude': '37.77351521662464', 'longitude': '-122.49689855735637', 'human_address': '{""address"": """", ""city"": """", ""state"": """", ""zip"": """"}'}",1.08E+12,,2,2,1,1,5,wood frame (5),5,wood frame (5),,,,,,
5ea2077dc2aeecdcc61c5ad6,2.01E+11,8,otc alterations permit,2007-01-08T00:00:00.000,6251,4,48,Peabody,St,reroofing,complete,2007-01-19T00:00:00.000,2007-01-08T00:00:00.000,2007-01-08T00:00:00.000,2007-05-08T00:00:00.000Z,4000,4000,1 family dwelling,1 family dwelling,0,10,Visitacion Valley,94134,"{'latitude': '37.71179665298588', 'longitude': '-122.4070588578092', 'human_address': '{""address"": """", ""city"": """", ""state"": """", ""zip"": """"}'}",1.08E+12,,,,,,,,,,2007-01-19T00:00:00.000,,,,,
5ea2077dc2aeecdcc61c5ad7,2.01E+11,8,otc alterations permit,2007-01-08T00:00:00.000,6324,22,45,Esquina,Dr,"retrofit 3 windows in kind, 2 visable from street. no structural changes, white vinyl.",expired,2007-11-16T00:00:00.000,2007-01-08T00:00:00.000,2007-01-08T00:00:00.000,2007-05-08T00:00:00.000Z,2000,2000,1 family dwelling,1 family dwelling,0,10,Visitacion Valley,94134,"{'latitude': '37.70945359008236', 'longitude': '-122.42107771093524', 'human_address': '{""address"": """", ""city"": """", ""state"": """", ""zip"": """"}'}",1.08E+12,,2,2,1,1,5,wood frame (5),5,wood frame (5),,,,,,
5ea2077dc2aeecdcc61c5ad8,M53142,8,otc alterations permit,2007-01-08T00:00:00.000,605,1,2315,Jackson,St,street space,issued,2007-01-08T00:00:00.000,2007-01-08T00:00:00.000,2007-01-08T00:00:00.000,,,0,,,,2,Pacific Heights,94115,"{'latitude': '37.7925191786814', 'longitude': '-122.43315667082581', 'human_address': '{""address"": """", ""city"": """", ""state"": """", ""zip"": """"}'}",1.08E+12,,,,,,,,,,,,,,,
5ea2077dc2aeecdcc61c5ad9,M53142,8,otc alterations permit,2007-01-08T00:00:00.000,605,1,2317,Jackson,St,street space,issued,2007-01-08T00:00:00.000,2007-01-08T00:00:00.000,2007-01-08T00:00:00.000,,,0,,,,2,Pacific Heights,94115,"{'latitude': '37.7925191786814', 'longitude': '-122.43315667082581', 'human_address': '{""address"": """", ""city"": """", ""state"": """", ""zip"": """"}'}",1.08E+12,0,,,,,,,,,,,,,,
5ea2077dc2aeecdcc61c5ada,2.01E+11,8,otc alterations permit,2007-01-08T00:00:00.000,4038,3,328,Mississippi,St,reroofing.,expired,2010-05-26T00:00:00.000,2007-01-08T00:00:00.000,2007-01-08T00:00:00.000,2007-05-08T00:00:00.000Z,3500,3500,1 family dwelling,1 family dwelling,0,10,Potrero Hill,94107,"{'latitude': '37.762207942049535', 'longitude': '-122.39485879979074', 'human_address': '{""address"": """", ""city"": """", ""state"": """", ""zip"": """"}'}",1.08E+12,,,,,,,,,,,,,,,
5ea2077dc2aeecdcc61c5adb,2.01E+11,8,otc alterations permit,2007-01-08T00:00:00.000,3190,19,174,Southwood,Dr,reroofing,expired,2007-08-08T00:00:00.000,2007-01-08T00:00:00.000,2007-01-08T00:00:00.000,2007-07-08T00:00:00.000Z,9000,9000,1 family dwelling,1 family dwelling,0,7,West of Twin Peaks,94112,"{'latitude': '37.72576766795124', 'longitude': '-122.45943005571719', 'human_address': '{""address"": """", ""city"": """", ""state"": """", ""zip"": """"}'}",1.08E+12,,,,,,,,,,,,,,,
5ea2077dc2aeecdcc61c5adc,2.01E+11,8,otc alterations permit,2007-01-08T00:00:00.000,2202,20,2106,16th,Av,reroofing.,expired,2007-12-27T00:00:00.000,2007-01-08T00:00:00.000,2007-01-08T00:00:00.000,2007-07-08T00:00:00.000Z,7000,7000,1 family dwelling,1 family dwelling,0,7,West of Twin Peaks,94116,"{'latitude': '37.7485448073237', 'longitude': '-122.4725649247247', 'human_address': '{""address"": """", ""city"": """", ""state"": """", ""zip"": """"}'}",1.08E+12,,,,,,,,,,,,,,,
5ea2077dc2aeecdcc61c5add,2.01E+11,8,otc alterations permit,2007-01-08T00:00:00.000,1392,37,7070,California,St,"new 10'-1-"" high modular  walls in existing open officd space revision to approved buildling permit 200606063342",complete,2007-03-22T00:00:00.000,2007-01-08T00:00:00.000,2007-01-08T00:00:00.000,2007-07-08T00:00:00.000Z,23956,23956,office,office,2,2,Seacliff,94121,"{'latitude': '37.78501580391795', 'longitude': '-122.49317726948173', 'human_address': '{""address"": """", ""city"": """", ""state"": """", ""zip"": """"}'}",1.08E+12,,1,1,0,0,5,wood frame (5),5,wood frame (5),2007-03-22T00:00:00.000,,,,,
5ea2077dc2aeecdcc61c5ade,2.01E+11,8,otc alterations permit,2007-01-08T00:00:00.000,6619,32,382,29th,St,reroofing,expired,2007-08-24T00:00:00.000,2007-01-08T00:00:00.000,2007-01-08T00:00:00.000,2007-07-08T00:00:00.000Z,8000,8000,2 family dwelling,2 family dwelling,0,8,Noe Valley,94131,"{'latitude': '37.74374865837039', 'longitude': '-122.42845710342003', 'human_address': '{""address"": """", ""city"": """", ""state"": """", ""zip"": """"}'}",1.08E+12,,,,,,,,,,,,,,,
5ea2077dc2aeecdcc61c5adf,M53143,8,otc alterations permit,2007-01-08T00:00:00.000,3703,62,1073,Market,St,street space permit only.,issued,2007-01-08T00:00:00.000,2007-01-08T00:00:00.000,2007-01-08T00:00:00.000,,,0,,,,6,South of Market,94103,"{'latitude': '37.780644163573946', 'longitude': '-122.41161526145584', 'human_address': '{""address"": """", ""city"": """", ""state"": """", ""zip"": """"}'}",1.08E+12,,,,,,,,,,,,,,,
5ea2077dc2aeecdcc61c5ae0,M53143,8,otc alterations permit,2007-01-08T00:00:00.000,3703,62,1079,Market,St,street space permit only.,issued,2007-01-08T00:00:00.000,2007-01-08T00:00:00.000,2007-01-08T00:00:00.000,,,0,,,,6,South of Market,94103,"{'latitude': '37.780644163573946', 'longitude': '-122.41161526145584', 'human_address': '{""address"": """", ""city"": """", ""state"": """", ""zip"": """"}'}",1.08E+12,,,,,,,,,,,,,,,
5ea2077dc2aeecdcc61c5ae1,2.01E+11,8,otc alterations permit,2007-01-08T00:00:00.000,7344,1,331,Font,Bl,reroofing,expired,2010-03-19T00:00:00.000,2007-01-08T00:00:00.000,2007-01-08T00:00:00.000,2007-07-08T00:00:00.000Z,5040,5040,1 family dwelling,1 family dwelling,0,7,Lakeshore,94132,"{'latitude': '37.71678918173822', 'longitude': '-122.47688406461731', 'human_address': '{""address"": """", ""city"": """", ""state"": """", ""zip"": """"}'}",1.08E+12,,2,2,1,1,5,wood frame (5),5,wood frame (5),,,,,,
5ea2077dc2aeecdcc61c5ae2,2.01E+11,8,otc alterations permit,2007-01-08T00:00:00.000,282,13,969,Bush,St,"remodel 1 kitchen unit 305. new cabinets, countertop,sink",complete,2007-02-28T00:00:00.000,2007-01-08T00:00:00.000,2007-01-08T00:00:00.000,2007-07-08T00:00:00.000Z,10000,10000,apartments,apartments,0,3,Nob Hill,94109,"{'latitude': '37.78932537765852', 'longitude': '-122.41307932544825', 'human_address': '{""address"": """", ""city"": """", ""state"": """", ""zip"": """"}'}",1.08E+11,,5,5,29,29,5,wood frame (5),5,wood frame (5),2007-02-28T00:00:00.000,,,,,
5ea2077dc2aeecdcc61c5ae3,2.01E+11,8,otc alterations permit,2007-01-08T00:00:00.000,1011,17,332,Spruce,St,work @ unit# 334 only. kitchen remodel. remove (e) cabinets & appliances. upgrade electrical. replace the d/h windows in kind. not visable from street. install new cabients & appliances. no structural alterations. lighting over 50% flourescent.,complete,2007-03-28T00:00:00.000,2007-01-08T00:00:00.000,2007-01-08T00:00:00.000,2007-07-08T00:00:00.000Z,19000,19000,2 family dwelling,2 family dwelling,0,2,Presidio Heights,94118,"{'latitude': '37.78777683346362', 'longitude': '-122.4533611154876', 'human_address': '{""address"": """", ""city"": """", ""state"": """", ""zip"": """"}'}",1.08E+11,,2,2,2,2,5,wood frame (5),5,wood frame (5),2007-03-28T00:00:00.000,,,,,
5ea2077dc2aeecdcc61c5ae4,2.01E+11,8,otc alterations permit,2007-01-08T00:00:00.000,1011,17,334,Spruce,St,work @ unit# 334 only. kitchen remodel. remove (e) cabinets & appliances. upgrade electrical. replace the d/h windows in kind. not visable from street. install new cabients & appliances. no structural alterations. lighting over 50% flourescent.,complete,2007-03-28T00:00:00.000,2007-01-08T00:00:00.000,2007-01-08T00:00:00.000,2007-07-08T00:00:00.000Z,19000,19000,2 family dwelling,2 family dwelling,0,2,Presidio Heights,94118,"{'latitude': '37.78777683346362', 'longitude': '-122.4533611154876', 'human_address': '{""address"": """", ""city"": """", ""state"": """", ""zip"": """"}'}",1.08E+12,,2,2,2,2,5,wood frame (5),5,wood frame (5),2007-03-28T00:00:00.000,,,,,
5ea2077dc2aeecdcc61c5ae5,2.01E+11,8,otc alterations permit,2007-01-08T00:00:00.000,804,1,699,Webster,St,renew appl#200607247328 for final only.,expired,2008-03-11T00:00:00.000,2007-01-08T00:00:00.000,2007-01-08T00:00:00.000,2007-05-08T00:00:00.000Z,1,1,1 family dwelling,1 family dwelling,0,5,Hayes Valley,94117,"{'latitude': '37.77681862505499', 'longitude': '-122.4299170395994', 'human_address': '{""address"": """", ""city"": """", ""state"": """", ""zip"": """"}'}",1.08E+11,,2,2,1,1,5,wood frame (5),5,wood frame (5),,,,,,
5ea2077dc2aeecdcc61c5ae6,2.01E+11,8,otc alterations permit,2007-01-08T00:00:00.000,319,18,500,Hyde,St,apt3208 (1) kitchen and (1) bathroom remodel. apt#604 (1) bathroom remodel (1) kitchen floor tile-electrical work counter. no structural. no lighting changes.,expired,2008-02-07T00:00:00.000,2007-01-08T00:00:00.000,2007-01-08T00:00:00.000,2007-07-08T00:00:00.000Z,20000,20000,apartments,apartments,0,6,Tenderloin,94109,"{'latitude': '37.78562397670944', 'longitude': '-122.41607623686672', 'human_address': '{""address"": """", ""city"": """", ""state"": """", ""zip"": """"}'}",1.08E+11,,6,6,50,50,1,constr type 1,1,constr type 1,,,,,,
5ea2077dc2aeecdcc61c5ae7,2.01E+11,8,otc alterations permit,2007-01-08T00:00:00.000,2749,012A,358,Eureka,St,"alteration to (e) bsmt laundry &mech rooms to create in-home office area.1/2 bath to be install, furnace to be relocated.laundry equip to be relocated, deteriorated 2 windows & (2) doors to be replaced, 162 sq ft of (n) slab flooring, (n) lighting fixtures.",complete,2007-05-10T00:00:00.000,2007-01-08T00:00:00.000,2007-01-08T00:00:00.000,2008-01-08T00:00:00.000Z,28000,28000,2 family dwelling,2 family dwelling,2,8,Castro/Upper Market,94114,"{'latitude': '37.75632465987269', 'longitude': '-122.43817547476425', 'human_address': '{""address"": """", ""city"": """", ""state"": """", ""zip"": """"}'}",1.08E+12,,2,2,2,2,5,wood frame (5),5,wood frame (5),2007-05-10T00:00:00.000,,,,,
5ea2077dc2aeecdcc61c5ae8,2.01E+11,8,otc alterations permit,2007-01-08T00:00:00.000,277,7,1126,Bush,St,apt#304 (1) kitchen and (1) bathroom remodel. no structural no lighting work.,complete,2007-05-09T00:00:00.000,2007-01-08T00:00:00.000,2007-01-08T00:00:00.000,2007-07-08T00:00:00.000Z,15000,15000,apartments,apartments,0,3,Nob Hill,94109,"{'latitude': '37.7894864810893', 'longitude': '-122.41591765235897', 'human_address': '{""address"": """", ""city"": """", ""state"": """", ""zip"": """"}'}",1.08E+12,,6,6,33,33,5,wood frame (5),5,wood frame (5),2007-05-09T00:00:00.000,,,,,
5ea2077dc2aeecdcc61c5ae9,2.01E+11,8,otc alterations permit,2007-01-08T00:00:00.000,2087,22,4326,Pacheco,St,renew pa# 2006/02/22/5093 to complete work.,issued,2007-01-08T00:00:00.000,2007-01-08T00:00:00.000,2007-01-08T00:00:00.000,2007-05-08T00:00:00.000Z,5000,5000,1 family dwelling,1 family dwelling,0,4,Sunset/Parkside,94116,"{'latitude': '37.74941084547781', 'longitude': '-122.5067610514356', 'human_address': '{""address"": """", ""city"": """", ""state"": """", ""zip"": """"}'}",1.08E+12,,2,2,1,1,5,wood frame (5),5,wood frame (5),,,,,,
5ea2077dc2aeecdcc61c5aea,2.01E+11,8,otc alterations permit,2007-01-08T00:00:00.000,1644,41,847,Arguello,Bl,"bathroom (2( replace floor, tub, toilet (w/low flush), vanity + countertop, sink appliances. no structural work-finishes only.",complete,2007-04-04T00:00:00.000,2007-01-08T00:00:00.000,2007-01-08T00:00:00.000,2007-07-08T00:00:00.000Z,7500,7500,apartments,apartments,0,1,Inner Richmond,94118,"{'latitude': '37.77496359776053', 'longitude': '-122.4588062110226', 'human_address': '{""address"": """", ""city"": """", ""state"": """", ""zip"": """"}'}",1.08E+12,1,4,4,6,6,5,wood frame (5),5,wood frame (5),2007-04-04T00:00:00.000,,,,,
5ea2077dc2aeecdcc61c5aeb,2.01E+11,8,otc alterations permit,2007-01-08T00:00:00.000,1599,035A,722,46th,Av,revised drawings per building inspectors correction notice dated 11-29-06 to show complete ground floor plan that includes full bath including fixtures and stall,complete,2007-02-15T00:00:00.000,2007-01-08T00:00:00.000,2007-01-08T00:00:00.000,2007-05-08T00:00:00.000Z,1,1,1 family dwelling,1 family dwelling,2,1,Outer Richmond,94121,"{'latitude': '37.77479966502466', 'longitude': '-122.5065935591276', 'human_address': '{""address"": """", ""city"": """", ""state"": """", ""zip"": """"}'}",1.08E+12,,2,2,1,1,5,wood frame (5),5,wood frame (5),2007-02-15T00:00:00.000,,,,,
5ea2077dc2aeecdcc61c5aec,2.01E+11,8,otc alterations permit,2007-01-08T00:00:00.000,4095,65,811,Rhode Island,St,revision to pa# 2003/10/02/6442. replace approx 2000 sq. ft. of siding on north side of building with new siding sheer & membrance. visible from street. replacement siding in-kind. from wood to wood.,expired,2007-12-10T00:00:00.000,2007-01-08T00:00:00.000,2007-01-08T00:00:00.000,2007-05-08T00:00:00.000Z,5000,5000,1 family dwelling,2 family dwelling,0,10,Potrero Hill,94107,"{'latitude': '37.75945699817214', 'longitude': '-122.40174820426529', 'human_address': '{""address"": """", ""city"": """", ""state"": """", ""zip"": """"}'}",1.08E+12,,2,4,1,2,5,wood frame (5),5,wood frame (5),,,,,,
5ea2077dc2aeecdcc61c5aed,2.01E+11,8,otc alterations permit,2007-01-08T00:00:00.000,6655,54,21,Whitney,St,"revision to pa# 200510125373, deck dry rot repair exceeded 50% or less.",complete,2007-01-31T00:00:00.000,2007-01-08T00:00:00.000,2007-01-08T00:00:00.000,2007-05-08T00:00:00.000Z,1500,1500,1 family dwelling,1 family dwelling,2,8,Glen Park,94131,"{'latitude': '37.74143250338799', 'longitude': '-122.42752022467842', 'human_address': '{""address"": """", ""city"": """", ""state"": """", ""zip"": """"}'}",1.08E+12,,2,2,1,1,5,wood frame (5),5,wood frame (5),2007-01-31T00:00:00.000,Y,,,,
5ea2077dc2aeecdcc61c5aee,2.01E+11,8,otc alterations permit,2007-01-08T00:00:00.000,3590,054A,369,Capp,St,to renew for final only pa#200602235244.,complete,2007-01-09T00:00:00.000,2007-01-08T00:00:00.000,2007-01-08T00:00:00.000,2007-05-08T00:00:00.000Z,1,1,apartments,apartments,0,9,Mission,94110,"{'latitude': '37.760829832047804', 'longitude': '-122.41785168254937', 'human_address': '{""address"": """", ""city"": """", ""state"": """", ""zip"": """"}'}",1.08E+12,,3,3,4,4,5,wood frame (5),5,wood frame (5),2007-01-09T00:00:00.000,,,,,
5ea2077dc2aeecdcc61c5aef,2.01E+11,8,otc alterations permit,2007-01-08T00:00:00.000,3590,054A,371,Capp,St,to renew for final only pa#200602235244.,complete,2007-01-09T00:00:00.000,2007-01-08T00:00:00.000,2007-01-08T00:00:00.000,2007-05-08T00:00:00.000Z,1,1,apartments,apartments,0,9,Mission,94110,"{'latitude': '37.760829832047804', 'longitude': '-122.41785168254937', 'human_address': '{""address"": """", ""city"": """", ""state"": """", ""zip"": """"}'}",1.08E+12,,3,3,4,4,5,wood frame (5),5,wood frame (5),2007-01-09T00:00:00.000,,,,,
5ea2077dc2aeecdcc61c5af0,2.01E+11,8,otc alterations permit,2007-01-08T00:00:00.000,690,43,1,Daniel Burnham,Ct,demo of one office and closet/construction of demising wall,expired,2008-01-25T00:00:00.000,2007-01-08T00:00:00.000,2007-01-08T00:00:00.000,2007-07-08T00:00:00.000Z,8000,8000,office,office,2,2,Western Addition,94109,"{'latitude': '37.78675523065996', 'longitude': '-122.42249080636066', 'human_address': '{""address"": """", ""city"": """", ""state"": """", ""zip"": """"}'}",1.08E+12,,17,17,239,239,1,constr type 1,1,constr type 1,,,,,,
5ea2077dc2aeecdcc61c5af1,2.01E+11,8,otc alterations permit,2007-01-08T00:00:00.000,7555,101,305,Arbor,St,final inspection on pa# 200510216285.,complete,2007-01-25T00:00:00.000,2007-01-08T00:00:00.000,2007-01-09T00:00:00.000,2007-05-09T00:00:00.000Z,1,1,apartments,apartments,0,8,Glen Park,94131,"{'latitude': '37.737505895880645', 'longitude': '-122.43899380525221', 'human_address': '{""address"": """", ""city"": """", ""state"": """", ""zip"": """"}'}",1.08E+12,,2,2,6,6,5,wood frame (5),5,wood frame (5),2007-01-25T00:00:00.000,,,,,
5ea2077dc2aeecdcc61c5af2,2.01E+11,8,otc alterations permit,2007-01-08T00:00:00.000,7555,101,335,Arbor,St,final inspection on pa# 200510216285.,complete,2007-01-25T00:00:00.000,2007-01-08T00:00:00.000,2007-01-09T00:00:00.000,2007-05-09T00:00:00.000Z,1,1,apartments,apartments,0,8,Glen Park,94131,"{'latitude': '37.737505895880645', 'longitude': '-122.43899380525221', 'human_address': '{""address"": """", ""city"": """", ""state"": """", ""zip"": """"}'}",1.08E+12,,2,2,6,6,5,wood frame (5),5,wood frame (5),2007-01-25T00:00:00.000,,,,,
5ea2077dc2aeecdcc61c5af3,M53162,8,otc alterations permit,2007-01-08T00:00:00.000,270,40,555,Pine,St,street space permit only.,issued,2007-01-08T00:00:00.000,2007-01-08T00:00:00.000,2007-01-08T00:00:00.000,,,0,,,,3,Financial District/South Beach,94108,"{'latitude': '37.79130230111784', 'longitude': '-122.40501064822386', 'human_address': '{""address"": """", ""city"": """", ""state"": """", ""zip"": """"}'}",1.08E+12,,,,,,,,,,,,,,,
5ea2077dc2aeecdcc61c5af4,2.01E+11,8,otc alterations permit,2007-01-08T00:00:00.000,690,17,1,Daniel Burnham,Ct,demo of one office and closet/construction of demising wall,expired,2008-01-25T00:00:00.000,2007-01-08T00:00:00.000,2007-01-08T00:00:00.000,2007-07-08T00:00:00.000Z,8000,8000,office,office,2,2,Western Addition,94109,"{'latitude': '37.78675523065996', 'longitude': '-122.42249080636066', 'human_address': '{""address"": """", ""city"": """", ""state"": """", ""zip"": """"}'}",1.08E+11,1,17,17,239,239,1,constr type 1,1,constr type 1,,,,,,
5ea2077dc2aeecdcc61c5af5,2.01E+11,8,otc alterations permit,2007-01-08T00:00:00.000,228,38,475,Sansome,St,unit#530.non structural demo only.,complete,2007-05-22T00:00:00.000,2007-01-08T00:00:00.000,2007-01-08T00:00:00.000,2008-01-08T00:00:00.000Z,75000,75000,office,office,2,3,Chinatown,94111,"{'latitude': '37.794710133911494', 'longitude': '-122.40194964215002', 'human_address': '{""address"": """", ""city"": """", ""state"": """", ""zip"": """"}'}",1.08E+11,,21,21,0,0,1,constr type 1,1,constr type 1,2007-05-22T00:00:00.000,,,,,
5ea2077dc2aeecdcc61c5af6,2.01E+11,8,otc alterations permit,2007-01-08T00:00:00.000,7262,15,134,Clearfield,Dr,reroofing,expired,2011-01-31T00:00:00.000,2007-01-08T00:00:00.000,2007-01-08T00:00:00.000,2007-05-08T00:00:00.000Z,5000,5000,1 family dwelling,1 family dwelling,0,7,Sunset/Parkside,94132,"{'latitude': '37.731142968619075', 'longitude': '-122.49111657716674', 'human_address': '{""address"": """", ""city"": """", ""state"": """", ""zip"": """"}'}",1.08E+12,,,,,,,,,,,,,,,
5ea2077dc2aeecdcc61c5af7,M53182,8,otc alterations permit,2007-01-08T00:00:00.000,742,3,640,Turk,St,street space permit only.,issued,2007-01-08T00:00:00.000,2007-01-08T00:00:00.000,2007-01-08T00:00:00.000,,,0,,,,6,Tenderloin,94102,"{'latitude': '37.7823578813542', 'longitude': '-122.41977932878726', 'human_address': '{""address"": """", ""city"": """", ""state"": """", ""zip"": """"}'}",1.08E+11,,,,,,,,,,,,,,,
5ea2077dc2aeecdcc61c5af8,2.01E+11,3,additions alterations or repairs,2007-01-08T00:00:00.000,5644,18,249,Prospect,Av,add 2 dormer roofs to create additional bedroom. add rear stair.,complete,2008-10-10T00:00:00.000,2007-01-08T00:00:00.000,2008-01-15T00:00:00.000,2009-01-15T00:00:00.000Z,40000,40000,1 family dwelling,1 family dwelling,2,9,Bernal Heights,94110,"{'latitude': '37.741644790554936', 'longitude': '-122.41968356356871', 'human_address': '{""address"": """", ""city"": """", ""state"": """", ""zip"": """"}'}",1.08E+12,,2,2,1,1,5,wood frame (5),5,wood frame (5),2008-10-10T00:00:00.000,Y,Y,,2008-01-15T00:00:00.000,
5ea2077dc2aeecdcc61c5af9,2.01E+11,8,otc alterations permit,2007-01-08T00:00:00.000,1203,34,1225,Hayes,St,perform repairs as per lingruen assoc. termite report# 48924. item# 3a.,complete,2007-01-19T00:00:00.000,2007-01-08T00:00:00.000,2007-01-08T00:00:00.000,2007-05-08T00:00:00.000Z,2500,2500,2 family dwelling,2 family dwelling,0,5,Hayes Valley,94117,"{'latitude': '37.77486170611278', 'longitude': '-122.4365764423386', 'human_address': '{""address"": """", ""city"": """", ""state"": """", ""zip"": """"}'}",1.08E+11,,2,2,2,2,5,wood frame (5),5,wood frame (5),2007-01-19T00:00:00.000,,,,,
5ea2077dc2aeecdcc61c5afa,2.01E+11,8,otc alterations permit,2007-01-08T00:00:00.000,6532,20,3662,26th,St,renew app #200608301020,expired,2009-09-10T00:00:00.000,2007-01-08T00:00:00.000,2007-01-08T00:00:00.000,2007-05-08T00:00:00.000Z,1,1,1 family dwelling,1 family dwelling,0,8,Mission,94110,"{'latitude': '37.74901708455152', 'longitude': '-122.42228648879625', 'human_address': '{""address"": """", ""city"": """", ""state"": """", ""zip"": """"}'}",1.08E+12,,1,1,1,1,5,wood frame (5),5,wood frame (5),2007-01-09T00:00:00.000,,,,,
5ea2077dc2aeecdcc61c5afb,2.01E+11,8,otc alterations permit,2007-01-08T00:00:00.000,1203,34,1227,Hayes,St,perform repairs as per lingruen assoc. termite report# 48924. item# 3a.,complete,2007-01-19T00:00:00.000,2007-01-08T00:00:00.000,2007-01-08T00:00:00.000,2007-05-08T00:00:00.000Z,2500,2500,2 family dwelling,2 family dwelling,0,5,Hayes Valley,94117,"{'latitude': '37.77486170611278', 'longitude': '-122.4365764423386', 'human_address': '{""address"": """", ""city"": """", ""state"": """", ""zip"": """"}'}",1.08E+12,,2,2,2,2,5,wood frame (5),5,wood frame (5),2007-01-19T00:00:00.000,,,,,
5ea2077dc2aeecdcc61c5afc,2.01E+11,8,otc alterations permit,2007-01-08T00:00:00.000,632,39,2595,Clay,St,reroofing,issued,2007-01-08T00:00:00.000,2007-01-08T00:00:00.000,2007-01-08T00:00:00.000,2007-07-08T00:00:00.000Z,24705,24705,1 family dwelling,1 family dwelling,0,2,Pacific Heights,94115,"{'latitude': '37.78988116693102', 'longitude': '-122.43892093230457', 'human_address': '{""address"": """", ""city"": """", ""state"": """", ""zip"": """"}'}",1.08E+12,,,,,,,,,,,,,,,
5ea2077dc2aeecdcc61c5afd,2.01E+11,8,otc alterations permit,2007-01-08T00:00:00.000,3273,25,775,Darien,Wy,replace stucco on south side of house approx 20'x30' . visible from street.,expired,2007-12-14T00:00:00.000,2007-01-08T00:00:00.000,2007-01-08T00:00:00.000,2007-07-08T00:00:00.000Z,6000,6000,1 family dwelling,1 family dwelling,0,7,West of Twin Peaks,94127,"{'latitude': '37.73024991634443', 'longitude': '-122.4636124295593', 'human_address': '{""address"": """", ""city"": """", ""state"": """", ""zip"": """"}'}",1.08E+12,,2,2,1,1,5,wood frame (5),5,wood frame (5),,,,,,
5ea2077dc2aeecdcc61c5afe,2.01E+11,8,otc alterations permit,2007-01-08T00:00:00.000,6728,20,554,Laidley,St,reroofing,complete,2007-02-08T00:00:00.000,2007-01-08T00:00:00.000,2007-01-08T00:00:00.000,2007-07-08T00:00:00.000Z,21950,21950,1 family dwelling,1 family dwelling,0,8,Glen Park,94131,"{'latitude': '37.73545746530039', 'longitude': '-122.43216555423922', 'human_address': '{""address"": """", ""city"": """", ""state"": """", ""zip"": """"}'}",1.08E+12,,,,,,,,,,2007-02-08T00:00:00.000,,,,,
5ea2077dc2aeecdcc61c5aff,M53183,8,otc alterations permit,2007-01-08T00:00:00.000,7548,1,212,Bemis,St,street space permit only.,issued,2007-01-08T00:00:00.000,2007-01-08T00:00:00.000,2007-01-08T00:00:00.000,,,0,,,,8,Glen Park,94131,"{'latitude': '37.73670924657093', 'longitude': '-122.43164686980317', 'human_address': '{""address"": """", ""city"": """", ""state"": """", ""zip"": """"}'}",1.08E+12,,,,,,,,,,,,,,,
5ea2077dc2aeecdcc61c5b00,2.01E+11,8,otc alterations permit,2007-01-08T00:00:00.000,716,8,965,Geary,St,install 30 feet of underpinning at west property line,issued,2007-01-08T00:00:00.000,2007-01-08T00:00:00.000,2007-01-08T00:00:00.000,2007-07-08T00:00:00.000Z,25000,25000,apartments,apartments,2,6,Tenderloin,94109,"{'latitude': '37.785719638825206', 'longitude': '-122.41906224628175', 'human_address': '{""address"": """", ""city"": """", ""state"": """", ""zip"": """"}'}",1.08E+11,,5,5,45,45,3,constr type 3,3,constr type 3,,,,,,
5ea2077dc2aeecdcc61c5b01,2.01E+11,2,new construction wood frame,2007-01-08T00:00:00.000,6634,15,1629,Dolores,St,to erect 3 dwelling units with 4 story new condominium bldg,complete,2012-03-28T00:00:00.000,2007-01-08T00:00:00.000,2010-07-19T00:00:00.000,2013-07-03T00:00:00.000Z,975000,975000,,apartments,2,8,Noe Valley,94110,"{'latitude': '37.74339221916862', 'longitude': '-122.42396223589145', 'human_address': '{""address"": """", ""city"": """", ""state"": """", ""zip"": """"}'}",1.08E+12,,,4,,3,,,5,wood frame (5),2012-03-28T00:00:00.000,,Y,,2010-07-07T00:00:00.000,
5ea2077dc2aeecdcc61c5b02,M53184,8,otc alterations permit,2007-01-08T00:00:00.000,819,2,517,Laguna,St,street space & sidewalk repair,issued,2007-01-08T00:00:00.000,2007-01-08T00:00:00.000,2007-01-08T00:00:00.000,,,0,,,,5,Hayes Valley,94102,"{'latitude': '37.77609581740966', 'longitude': '-122.4263606919171', 'human_address': '{""address"": """", ""city"": """", ""state"": """", ""zip"": """"}'}",1.08E+11,,,,,,,,,,,,,,,
5ea2077dc2aeecdcc61c5b03,M53184,8,otc alterations permit,2007-01-08T00:00:00.000,819,2,523,Laguna,St,street space & sidewalk repair,issued,2007-01-08T00:00:00.000,2007-01-08T00:00:00.000,2007-01-08T00:00:00.000,,,0,,,,5,Hayes Valley,94102,"{'latitude': '37.77609581740966', 'longitude': '-122.4263606919171', 'human_address': '{""address"": """", ""city"": """", ""state"": """", ""zip"": """"}'}",1.08E+12,,,,,,,,,,,,,,,
5ea2077dc2aeecdcc61c5b04,2.01E+11,8,otc alterations permit,2007-01-08T00:00:00.000,2040,5,1723,09th,Av,reroofing,expired,2007-10-24T00:00:00.000,2007-01-08T00:00:00.000,2007-01-08T00:00:00.000,2007-07-08T00:00:00.000Z,6800,6800,1 family dwelling,1 family dwelling,0,7,Inner Sunset,94122,"{'latitude': '37.75606489812163', 'longitude': '-122.46608363069605', 'human_address': '{""address"": """", ""city"": """", ""state"": """", ""zip"": """"}'}",1.08E+12,,,,,,,,,,,,,,,
5ea2077dc2aeecdcc61c5b05,2.01E+11,8,otc alterations permit,2007-01-08T00:00:00.000,5540,13,328,Rutledge,St,to compl with nov 200685913 revision to permit application 200401083651 partial removal o f damaged walls @ proptery line @ mnain level wall previously shown to remain replace,expired,2007-07-31T00:00:00.000,2007-01-08T00:00:00.000,2007-01-08T00:00:00.000,2007-05-08T00:00:00.000Z,1000,1000,1 family dwelling,1 family dwelling,2,9,Bernal Heights,94110,"{'latitude': '37.745125398688046', 'longitude': '-122.40989656046935', 'human_address': '{""address"": """", ""city"": """", ""state"": """", ""zip"": """"}'}",1.08E+12,,3,3,1,1,5,wood frame (5),5,wood frame (5),,,,,,
5ea2077dc2aeecdcc61c5b06,2.01E+11,6,demolitions,2007-01-08T00:00:00.000,6634,15,1629,Dolores,St,"to demolish 1 dwelling unit, tw0 story building.",complete,2012-03-26T00:00:00.000,2007-01-08T00:00:00.000,2010-07-19T00:00:00.000,2011-01-15T00:00:00.000Z,10000,10000,1 family dwelling,,2,8,Noe Valley,94110,"{'latitude': '37.74339221916862', 'longitude': '-122.42396223589145', 'human_address': '{""address"": """", ""city"": """", ""state"": """", ""zip"": """"}'}",1.08E+12,,2,,1,,5,wood frame (5),,,2012-03-26T00:00:00.000,,,,,
5ea2077dc2aeecdcc61c5b07,2.01E+11,3,additions alterations or repairs,2007-01-08T00:00:00.000,1047,4,1613,Baker,St,make all changes/corrections outlined in inspection report 3r-4334.,complete,2007-05-02T00:00:00.000,2007-01-08T00:00:00.000,2007-01-22T00:00:00.000,2007-05-22T00:00:00.000Z,5000,5000,2 family dwelling,2 family dwelling,0,2,Presidio Heights,94115,"{'latitude': '37.786301054447364', 'longitude': '-122.44376566457862', 'human_address': '{""address"": """", ""city"": """", ""state"": """", ""zip"": """"}'}",1.08E+11,,2,2,2,2,5,wood frame (5),5,wood frame (5),2007-05-02T00:00:00.000,,,,,
5ea2077dc2aeecdcc61c5b08,2.01E+11,8,otc alterations permit,2007-01-08T00:00:00.000,288,32,333,Bush,St,this permit is for the renewal of pa#200601182370  for final sign off only.,complete,2007-02-22T00:00:00.000,2007-01-08T00:00:00.000,2007-01-08T00:00:00.000,2007-05-08T00:00:00.000Z,1,1,office,office,0,3,Financial District/South Beach,94108,"{'latitude': '37.79057472898199', 'longitude': '-122.4031096060195', 'human_address': '{""address"": """", ""city"": """", ""state"": """", ""zip"": """"}'}",1.08E+12,,34,34,0,0,1,constr type 1,1,constr type 1,2007-02-22T00:00:00.000,,,,,
5ea2077dc2aeecdcc61c5b09,2.01E+11,8,otc alterations permit,2007-01-08T00:00:00.000,3740,34,221,Main,St,"oti-2, 13/fl el, me",expired,2009-02-09T00:00:00.000,2007-01-08T00:00:00.000,2007-01-08T00:00:00.000,2008-01-08T00:00:00.000Z,43200,43200,office,office,2,6,Financial District/South Beach,94105,"{'latitude': '37.79034577603179', 'longitude': '-122.39223862434201', 'human_address': '{""address"": """", ""city"": """", ""state"": """", ""zip"": """"}'}",1.08E+12,,16,16,0,0,1,constr type 1,1,constr type 1,,,,,,
5ea2077dc2aeecdcc61c5b0a,2.01E+11,8,otc alterations permit,2007-01-08T00:00:00.000,288,32,333,Bush,St,"this permit is for the renewal of pa#200601051574,#200512210802 and pa#200601051571  for final sign off only.",complete,2007-03-21T00:00:00.000,2007-01-08T00:00:00.000,2007-01-08T00:00:00.000,2007-05-08T00:00:00.000Z,1,1,office,office,0,3,Financial District/South Beach,94108,"{'latitude': '37.79057472898199', 'longitude': '-122.4031096060195', 'human_address': '{""address"": """", ""city"": """", ""state"": """", ""zip"": """"}'}",1.08E+12,,34,34,0,0,1,constr type 1,1,constr type 1,2007-03-21T00:00:00.000,,,,,
5ea2077dc2aeecdcc61c5b0b,2.01E+11,8,otc alterations permit,2007-01-08T00:00:00.000,1659,44,1545,Cabrillo,St,repalce6 windows - custom made - wood visible from street,complete,2007-03-02T00:00:00.000,2007-01-08T00:00:00.000,2007-01-08T00:00:00.000,2007-05-08T00:00:00.000Z,2900,2900,apartments,apartments,0,1,Outer Richmond,94118,"{'latitude': '37.77469581187435', 'longitude': '-122.47548312034465', 'human_address': '{""address"": """", ""city"": """", ""state"": """", ""zip"": """"}'}",1.08E+12,,3,3,4,4,5,wood frame (5),5,wood frame (5),2007-03-02T00:00:00.000,,,,,
5ea2077dc2aeecdcc61c5b0c,2.01E+11,8,otc alterations permit,2007-01-08T00:00:00.000,557,2,2737,Webster,St,"remodel kitchen- replace cabinet, sink, stove, lighting. 1 bathroom remodel- replace tile, shower pan, faucet, toilet, lighting and painting. non structural.",complete,2007-04-20T00:00:00.000,2007-01-08T00:00:00.000,2007-01-08T00:00:00.000,2007-07-08T00:00:00.000Z,22000,22000,apartments,apartments,0,2,Marina,94123,"{'latitude': '37.79590341630617', 'longitude': '-122.43387038171086', 'human_address': '{""address"": """", ""city"": """", ""state"": """", ""zip"": """"}'}",1.08E+12,,3,3,4,4,5,wood frame (5),5,wood frame (5),2007-04-20T00:00:00.000,,,,,
5ea2077dc2aeecdcc61c5b0d,2.01E+11,8,otc alterations permit,2007-01-08T00:00:00.000,1875,11,1555,29th,Av,reroofing,complete,2007-01-12T00:00:00.000,2007-01-08T00:00:00.000,2007-01-08T00:00:00.000,2007-07-08T00:00:00.000Z,6500,6500,1 family dwelling,1 family dwelling,0,4,Sunset/Parkside,94122,"{'latitude': '37.75831539596605', 'longitude': '-122.48783449070798', 'human_address': '{""address"": """", ""city"": """", ""state"": """", ""zip"": """"}'}",1.08E+12,,,,,,,,,,2007-01-12T00:00:00.000,,,,,
5ea2077dc2aeecdcc61c5b0e,2.01E+11,8,otc alterations permit,2007-01-08T00:00:00.000,6778,2,2,San Gabriel,Av,repair wood damage in exterior stairs 2 x 6 x 8 in damage (brick masonry some brick) tile some tile. repair 7' x 6' stucco is damage in plywood on the wall exterior close to stairs. repair in kind. repair 40% of job. visible from street.,complete,2007-03-20T00:00:00.000,2007-01-08T00:00:00.000,2007-01-08T00:00:00.000,2007-07-08T00:00:00.000Z,6000,6000,1 family dwelling,1 family dwelling,0,11,Outer Mission,94112,"{'latitude': '37.72938497352087', 'longitude': '-122.43803947488404', 'human_address': '{""address"": """", ""city"": """", ""state"": """", ""zip"": """"}'}",1.08E+12,,2,2,1,1,5,wood frame (5),5,wood frame (5),2007-03-20T00:00:00.000,,,,,
5ea2077dc2aeecdcc61c5b0f,M53202,8,otc alterations permit,2007-01-08T00:00:00.000,1652,19,766,10th,Av,street space,issued,2007-01-08T00:00:00.000,2007-01-08T00:00:00.000,2007-01-08T00:00:00.000,,,0,,,,1,Inner Richmond,94118,"{'latitude': '37.77393437890497', 'longitude': '-122.46773860907612', 'human_address': '{""address"": """", ""city"": """", ""state"": """", ""zip"": """"}'}",1.08E+12,,,,,,,,,,,,,,,
5ea2077dc2aeecdcc61c5b10,2.01E+11,8,otc alterations permit,2007-01-08T00:00:00.000,311,6,690,Market,St,revision to approved  00308051235's' delete roof hatch at stqir 1 per cbc 1003.3.3.12,expired,2008-06-30T00:00:00.000,2007-01-08T00:00:00.000,2007-01-08T00:00:00.000,2007-05-08T00:00:00.000Z,1,1,office,office,2,3,Financial District/South Beach,94104,"{'latitude': '37.788243570664264', 'longitude': '-122.4031986984264', 'human_address': '{""address"": """", ""city"": """", ""state"": """", ""zip"": """"}'}",1.08E+12,,25,25,101,101,1,constr type 1,1,constr type 1,,,,,,
5ea2077dc2aeecdcc61c5b11,M53203,8,otc alterations permit,2007-01-08T00:00:00.000,1652,20,762,10th,Av,street space & sidewalk,issued,2007-01-08T00:00:00.000,2007-01-08T00:00:00.000,2007-01-08T00:00:00.000,,,0,,,,1,Inner Richmond,94118,"{'latitude': '37.77400292452137', 'longitude': '-122.4677435712311', 'human_address': '{""address"": """", ""city"": """", ""state"": """", ""zip"": """"}'}",1.08E+12,,,,,,,,,,,,,,,
5ea2077dc2aeecdcc61c5b12,M53204,8,otc alterations permit,2007-01-08T00:00:00.000,6717,014A,470,Chenery,St,sidewalk permit only.,issued,2007-01-08T00:00:00.000,2007-01-08T00:00:00.000,2007-01-08T00:00:00.000,,,0,,,,8,Glen Park,94131,"{'latitude': '37.73598032343025', 'longitude': '-122.43000685287117', 'human_address': '{""address"": """", ""city"": """", ""state"": """", ""zip"": """"}'}",1.08E+12,,,,,,,,,,,,,,,
5ea2077dc2aeecdcc61c5b13,2.01E+11,8,otc alterations permit,2007-01-08T00:00:00.000,2618,38,409,Roosevelt,Wy,"in unit 409:minor bath remodel, remove existing cast iron tub, replace w new tub, demo ex plaster/lath walls, insulate ( sound proof) and rpelace w/drywall. relocate toilet approx 4'6' away from existing location. no structural changes",expired,2008-05-08T00:00:00.000,2007-01-08T00:00:00.000,2007-01-08T00:00:00.000,2007-05-08T00:00:00.000Z,4500,4500,apartments,apartments,0,8,Castro/Upper Market,94114,"{'latitude': '37.764537167509374', 'longitude': '-122.44292936635722', 'human_address': '{""address"": """", ""city"": """", ""state"": """", ""zip"": """"}'}",1.08E+12,,4,4,3,3,5,wood frame (5),5,wood frame (5),,,,,,
5ea2077dc2aeecdcc61c5b14,M53205,8,otc alterations permit,2007-01-08T00:00:00.000,515,3,3151,Fillmore,St,street space & sidewalk permit only.,issued,2007-01-08T00:00:00.000,2007-01-08T00:00:00.000,2007-01-08T00:00:00.000,,,0,,,,2,Marina,94123,"{'latitude': '37.798660663699174', 'longitude': '-122.43610322597983', 'human_address': '{""address"": """", ""city"": """", ""state"": """", ""zip"": """"}'}",1.08E+11,,,,,,,,,,,,,,,
5ea2077dc2aeecdcc61c5b15,M53205,8,otc alterations permit,2007-01-08T00:00:00.000,515,3,3155,Fillmore,St,street space & sidewalk permit only.,issued,2007-01-08T00:00:00.000,2007-01-08T00:00:00.000,2007-01-08T00:00:00.000,,,0,,,,2,Marina,94123,"{'latitude': '37.798660663699174', 'longitude': '-122.43610322597983', 'human_address': '{""address"": """", ""city"": """", ""state"": """", ""zip"": """"}'}",1.08E+12,,,,,,,,,,,,,,,
5ea2077dc2aeecdcc61c5b16,M53206,8,otc alterations permit,2007-01-08T00:00:00.000,1276,001F,1137,Shrader,St,street space,issued,2007-01-08T00:00:00.000,2007-01-08T00:00:00.000,2007-01-08T00:00:00.000,,,0,,,,,,,,1.08E+11,,,,,,,,,,,,,,,
5ea2077dc2aeecdcc61c5b17,2.01E+11,8,otc alterations permit,2007-01-08T00:00:00.000,491,21,3348,Steiner,St,"renew pa#200107204144,#200102132025,#98212425 for final inspection.",complete,2007-01-10T00:00:00.000,2007-01-08T00:00:00.000,2007-01-08T00:00:00.000,2007-05-08T00:00:00.000Z,1,1,food/beverage hndlng,food/beverage hndlng,0,2,Marina,94123,"{'latitude': '37.800380816885585', 'longitude': '-122.43754823981648', 'human_address': '{""address"": """", ""city"": """", ""state"": """", ""zip"": """"}'}",1.08E+11,,2,2,0,0,5,wood frame (5),5,wood frame (5),2007-01-10T00:00:00.000,,,,,
5ea2077dc2aeecdcc61c5b18,M53206,8,otc alterations permit,2007-01-08T00:00:00.000,1276,33,1139,Shrader,St,street space,issued,2007-01-08T00:00:00.000,2007-01-08T00:00:00.000,2007-01-08T00:00:00.000,,,0,,,,5,Haight Ashbury,94117,"{'latitude': '37.76412636852139', 'longitude': '-122.45138033022036', 'human_address': '{""address"": """", ""city"": """", ""state"": """", ""zip"": """"}'}",1.08E+12,,,,,,,,,,,,,,,
5ea2077dc2aeecdcc61c5b19,2.01E+11,8,otc alterations permit,2007-01-08T00:00:00.000,491,21,3348,Steiner,St,"renew pa#200507218280,#200303038678,#200110251696 for final inspection.",complete,2007-01-10T00:00:00.000,2007-01-08T00:00:00.000,2007-01-08T00:00:00.000,2007-05-08T00:00:00.000Z,1,1,food/beverage hndlng,food/beverage hndlng,0,2,Marina,94123,"{'latitude': '37.800380816885585', 'longitude': '-122.43754823981648', 'human_address': '{""address"": """", ""city"": """", ""state"": """", ""zip"": """"}'}",1.08E+11,,2,2,0,0,5,wood frame (5),5,wood frame (5),2007-01-10T00:00:00.000,,,,,
5ea2077dc2aeecdcc61c5b1a,2.01E+11,8,otc alterations permit,2007-01-08T00:00:00.000,1421,27,222,Funston,Av,"revision to appl#200601182355 of stairway from 2/f to 1/f on lower unit. change spiral stair to conventional stairs, relocate water heater.",expired,2007-11-28T00:00:00.000,2007-01-08T00:00:00.000,2007-01-08T00:00:00.000,2007-05-08T00:00:00.000Z,1,1,2 family dwelling,2 family dwelling,2,1,Inner Richmond,94118,"{'latitude': '37.78400543308157', 'longitude': '-122.47168792281715', 'human_address': '{""address"": """", ""city"": """", ""state"": """", ""zip"": """"}'}",1.08E+11,,3,3,2,2,5,wood frame (5),5,wood frame (5),,,,,,
5ea2077dc2aeecdcc61c5b1b,2.01E+11,8,otc alterations permit,2007-01-08T00:00:00.000,1421,27,224,Funston,Av,"revision to appl#200601182355 of stairway from 2/f to 1/f on lower unit. change spiral stair to conventional stairs, relocate water heater.",expired,2007-11-28T00:00:00.000,2007-01-08T00:00:00.000,2007-01-08T00:00:00.000,2007-05-08T00:00:00.000Z,1,1,2 family dwelling,2 family dwelling,2,1,Inner Richmond,94118,"{'latitude': '37.78400543308157', 'longitude': '-122.47168792281715', 'human_address': '{""address"": """", ""city"": """", ""state"": """", ""zip"": """"}'}",1.08E+12,,3,3,2,2,5,wood frame (5),5,wood frame (5),,,,,,
5ea2077dc2aeecdcc61c5b1c,2.01E+11,8,otc alterations permit,2007-01-08T00:00:00.000,2618,38,411,Roosevelt,Wy,"in unit 409:minor bath remodel, remove existing cast iron tub, replace w new tub, demo ex plaster/lath walls, insulate ( sound proof) and rpelace w/drywall. relocate toilet approx 4'6' away from existing location. no structural changes",expired,2008-05-08T00:00:00.000,2007-01-08T00:00:00.000,2007-01-08T00:00:00.000,2007-05-08T00:00:00.000Z,4500,4500,apartments,apartments,0,8,Castro/Upper Market,94114,"{'latitude': '37.764537167509374', 'longitude': '-122.44292936635722', 'human_address': '{""address"": """", ""city"": """", ""state"": """", ""zip"": """"}'}",1.08E+12,,4,4,3,3,5,wood frame (5),5,wood frame (5),,,,,,
5ea2077dc2aeecdcc61c5b1d,M53207,8,otc alterations permit,2007-01-08T00:00:00.000,294,13,340,Stockton,St,street space permit only.,issued,2007-01-08T00:00:00.000,2007-01-08T00:00:00.000,2007-01-08T00:00:00.000,,,0,,,,3,Financial District/South Beach,94108,"{'latitude': '37.78915819813288', 'longitude': '-122.4065562484993', 'human_address': '{""address"": """", ""city"": """", ""state"": """", ""zip"": """"}'}",1.08E+11,,,,,,,,,,,,,,,
5ea2077dc2aeecdcc61c5b1e,2.01E+11,3,additions alterations or repairs,2007-01-08T00:00:00.000,1047,4,1613,Baker,St,make all changes/corrections outlined in inspection report 3r-4334.,complete,2007-05-02T00:00:00.000,2007-01-08T00:00:00.000,2007-01-22T00:00:00.000,2007-05-22T00:00:00.000Z,5000,5000,2 family dwelling,2 family dwelling,0,2,Presidio Heights,94115,"{'latitude': '37.786301054447364', 'longitude': '-122.44376566457862', 'human_address': '{""address"": """", ""city"": """", ""state"": """", ""zip"": """"}'}",1.08E+12,,2,2,2,2,5,wood frame (5),5,wood frame (5),2007-05-02T00:00:00.000,,,A,,
5ea2077dc2aeecdcc61c5b1f,2.01E+11,8,otc alterations permit,2007-01-08T00:00:00.000,1774,1,1809,Irving,St,revision to appl#200612089473 work includes modification of existing ceiling and lighting and t24 energy compliance.,issued,2007-01-08T00:00:00.000,2007-01-08T00:00:00.000,2007-01-08T00:00:00.000,2007-07-08T00:00:00.000Z,13000,13000,office,office,2,4,Sunset/Parkside,94122,"{'latitude': '37.76337396397431', 'longitude': '-122.47738806135217', 'human_address': '{""address"": """", ""city"": """", ""state"": """", ""zip"": """"}'}",1.08E+12,,2,2,0,0,5,wood frame (5),5,wood frame (5),,,,,,
5ea2077dc2aeecdcc61c5b20,2.01E+11,8,otc alterations permit,2007-01-08T00:00:00.000,1774,1,1301,19th,Av,revision to appl#200612089473 work includes modification of existing ceiling and lighting and t24 energy compliance.,issued,2007-01-08T00:00:00.000,2007-01-08T00:00:00.000,2007-01-08T00:00:00.000,2007-07-08T00:00:00.000Z,13000,13000,office,office,2,4,Sunset/Parkside,94122,"{'latitude': '37.76337396397431', 'longitude': '-122.47738806135217', 'human_address': '{""address"": """", ""city"": """", ""state"": """", ""zip"": """"}'}",1.08E+12,,2,2,0,0,5,wood frame (5),5,wood frame (5),,,,,,
5ea2077dc2aeecdcc61c5b21,M53243,8,otc alterations permit,2007-01-08T00:00:00.000,6570,13,3019,Mission,St,sidewalk,issued,2007-01-08T00:00:00.000,2007-01-08T00:00:00.000,2007-01-08T00:00:00.000,,,0,,,,9,Mission,94110,"{'latitude': '37.74883212994004', 'longitude': '-122.41771864365369', 'human_address': '{""address"": """", ""city"": """", ""state"": """", ""zip"": """"}'}",1.08E+12,0,,,,,,,,,,,,,,
5ea2077dc2aeecdcc61c5b22,2.01E+11,8,otc alterations permit,2007-01-08T00:00:00.000,4099,50,553,Arkansas,St,add plywood walls to basement for voluntory improvement. 2 new foundation under shearwalls.,complete,2007-03-19T00:00:00.000,2007-01-08T00:00:00.000,2007-01-08T00:00:00.000,2007-07-08T00:00:00.000Z,25000,25000,1 family dwelling,1 family dwelling,2,10,Potrero Hill,94107,"{'latitude': '37.75915781779637', 'longitude': '-122.39783151478035', 'human_address': '{""address"": """", ""city"": """", ""state"": """", ""zip"": """"}'}",1.08E+12,,2,2,1,1,5,wood frame (5),5,wood frame (5),2007-03-19T00:00:00.000,,,,,
5ea2077dc2aeecdcc61c5b23,2.01E+11,8,otc alterations permit,2007-01-08T00:00:00.000,1845,32,1456,09th,Av,application review. board of apeals conditions. appeal no. 06-148.,expired,2011-04-20T00:00:00.000,2007-01-08T00:00:00.000,2007-01-08T00:00:00.000,2007-05-08T00:00:00.000Z,1,1,2 family dwelling,2 family dwelling,2,5,Inner Sunset,94122,"{'latitude': '37.76115540257781', 'longitude': '-122.46578019180727', 'human_address': '{""address"": """", ""city"": """", ""state"": """", ""zip"": """"}'}",1.08E+12,,2,2,2,2,5,wood frame (5),5,wood frame (5),,,,,,
5ea2077dc2aeecdcc61c5b24,2.01E+11,8,otc alterations permit,2007-01-08T00:00:00.000,251,1,1059,Leavenworth,St,complete work startion on pa# 2006/06/16/4213.,expired,2009-08-24T00:00:00.000,2007-01-08T00:00:00.000,2007-01-08T00:00:00.000,2007-07-08T00:00:00.000Z,7000,7000,apartments,apartments,0,3,Nob Hill,94109,"{'latitude': '37.7909824067472', 'longitude': '-122.41592972473308', 'human_address': '{""address"": """", ""city"": """", ""state"": """", ""zip"": """"}'}",1.08E+11,,4,4,21,21,5,wood frame (5),5,wood frame (5),,,,,,
5ea2077dc2aeecdcc61c5b25,2.01E+11,8,otc alterations permit,2007-01-08T00:00:00.000,85,27,237,Greenwich,St,voluntary strengthening and upgrade repiar work to extg crawl space and breeze way area. replace extg beams and posts as necess. add foundation section & footings. repair extg redwood decking & guard rail,complete,2007-06-07T00:00:00.000,2007-01-08T00:00:00.000,2007-01-08T00:00:00.000,2008-01-08T00:00:00.000Z,28000,28000,2 family dwelling,2 family dwelling,2,3,North Beach,94133,"{'latitude': '37.802771316048094', 'longitude': '-122.40410505438679', 'human_address': '{""address"": """", ""city"": """", ""state"": """", ""zip"": """"}'}",1.08E+12,,1,1,2,2,1,constr type 1,1,constr type 1,2007-06-07T00:00:00.000,,,E,,
5ea2077dc2aeecdcc61c5b26,M53222,8,otc alterations permit,2007-01-08T00:00:00.000,3750,87,611,Folsom,St,street space,issued,2007-01-08T00:00:00.000,2007-01-08T00:00:00.000,2007-01-08T00:00:00.000,,,0,,,,6,Financial District/South Beach,94107,"{'latitude': '37.78498001645395', 'longitude': '-122.3965361766369', 'human_address': '{""address"": """", ""city"": """", ""state"": """", ""zip"": """"}'}",1.08E+12,,,,,,,,,,,,,,,
5ea2077dc2aeecdcc61c5b27,M53223,8,otc alterations permit,2007-01-08T00:00:00.000,214,60,1260,Clay,St,street space permit only.,issued,2007-01-08T00:00:00.000,2007-01-08T00:00:00.000,2007-01-08T00:00:00.000,,,0,,,,3,Nob Hill,94108,"{'latitude': '37.7935746149532', 'longitude': '-122.41366496107814', 'human_address': '{""address"": """", ""city"": """", ""state"": """", ""zip"": """"}'}",1.08E+11,207,,,,,,,,,,,,,,
5ea2077dc2aeecdcc61c5b28,2.01E+11,8,otc alterations permit,2007-01-08T00:00:00.000,1563,006A,539,20th,Av,"revision for new concrete slab from appl#200612220453 concrete slab-on-grade at garage space, bathroom, family room, laundry, throughout ground floor.",complete,2007-03-12T00:00:00.000,2007-01-08T00:00:00.000,2007-01-08T00:00:00.000,2007-05-08T00:00:00.000Z,2500,2500,1 family dwelling,1 family dwelling,2,1,Outer Richmond,94121,"{'latitude': '37.777631077548484', 'longitude': '-122.47951102845883', 'human_address': '{""address"": """", ""city"": """", ""state"": """", ""zip"": """"}'}",1.08E+12,,3,3,1,1,5,wood frame (5),5,wood frame (5),2007-03-12T00:00:00.000,,,,,
5ea2077dc2aeecdcc61c5b29,2.01E+11,8,otc alterations permit,2007-01-08T00:00:00.000,5720,55,180,Park,St,renew pa# 200605101213 for final inspection.,complete,2007-01-22T00:00:00.000,2007-01-08T00:00:00.000,2007-01-08T00:00:00.000,2007-05-08T00:00:00.000Z,1,1,2 family dwelling,2 family dwelling,0,9,Bernal Heights,94110,"{'latitude': '37.7363382249143', 'longitude': '-122.42147670534932', 'human_address': '{""address"": """", ""city"": """", ""state"": """", ""zip"": """"}'}",1.08E+12,,3,3,2,2,5,wood frame (5),5,wood frame (5),2007-01-22T00:00:00.000,,,,,
5ea2077dc2aeecdcc61c5b2a,2.01E+11,8,otc alterations permit,2007-01-08T00:00:00.000,5720,55,182,Park,St,renew pa# 200605101213 for final inspection.,complete,2007-01-22T00:00:00.000,2007-01-08T00:00:00.000,2007-01-08T00:00:00.000,2007-05-08T00:00:00.000Z,1,1,2 family dwelling,2 family dwelling,0,9,Bernal Heights,94110,"{'latitude': '37.7363382249143', 'longitude': '-122.42147670534932', 'human_address': '{""address"": """", ""city"": """", ""state"": """", ""zip"": """"}'}",1.08E+12,,3,3,2,2,5,wood frame (5),5,wood frame (5),2007-01-22T00:00:00.000,,,,,
5ea2077dc2aeecdcc61c5b2b,2.01E+11,8,otc alterations permit,2007-01-08T00:00:00.000,5517,074A,190,Emmet,Ct,"need to replace jack, pest, rails caps, treacts on the stairs replacing to correction notice issued 12/15/06 by fergel chancy building inpsector.",complete,2007-03-06T00:00:00.000,2007-01-08T00:00:00.000,2007-01-08T00:00:00.000,2007-05-08T00:00:00.000Z,1400,1400,1 family dwelling,1 family dwelling,2,9,Bernal Heights,94110,"{'latitude': '37.74715286862838', 'longitude': '-122.4163009833183', 'human_address': '{""address"": """", ""city"": """", ""state"": """", ""zip"": """"}'}",1.08E+12,,2,2,1,1,5,wood frame (5),5,wood frame (5),2007-03-06T00:00:00.000,,,,,
5ea2077dc2aeecdcc61c5b2c,M53242,8,otc alterations permit,2007-01-08T00:00:00.000,2334B,34,2230,Cecilia,Av,street space,issued,2007-01-08T00:00:00.000,2007-01-08T00:00:00.000,2007-01-08T00:00:00.000,,,0,,,,7,West of Twin Peaks,94116,"{'latitude': '37.74630739609009', 'longitude': '-122.47179630278906', 'human_address': '{""address"": """", ""city"": """", ""state"": """", ""zip"": """"}'}",1.08E+12,,,,,,,,,,,,,,,
5ea2077dc2aeecdcc61c5b2d,M53243,8,otc alterations permit,2007-01-08T00:00:00.000,6570,13,3001,Mission,St,sidewalk,issued,2007-01-08T00:00:00.000,2007-01-08T00:00:00.000,2007-01-08T00:00:00.000,,,0,,,,9,Mission,94110,"{'latitude': '37.74883212994004', 'longitude': '-122.41771864365369', 'human_address': '{""address"": """", ""city"": """", ""state"": """", ""zip"": """"}'}",1.08E+12,,,,,,,,,,,,,,,
5ea2077dc2aeecdcc61c5b2e,M53244,8,otc alterations permit,2007-01-08T00:00:00.000,3283,195,1770,Ocean,Av,street space permit,issued,2007-01-08T00:00:00.000,2007-01-08T00:00:00.000,2007-01-08T00:00:00.000,,,0,,,,7,West of Twin Peaks,94112,"{'latitude': '37.72535418823769', 'longitude': '-122.46070792148413', 'human_address': '{""address"": """", ""city"": """", ""state"": """", ""zip"": """"}'}",1.08E+12,,,,,,,,,,,,,,,
5ea2077dc2aeecdcc61c5b2f,2.01E+11,8,otc alterations permit,2007-01-08T00:00:00.000,1288,13,4946,17th,St,"kit & 2 baths renovation, add rear new stairs, new windcows in existing openings, some @ front of home tot of 6 windows",complete,2007-05-25T00:00:00.000,2007-01-08T00:00:00.000,2007-01-08T00:00:00.000,2008-01-08T00:00:00.000Z,75000,75000,2 family dwelling,2 family dwelling,2,5,Haight Ashbury,94117,"{'latitude': '37.761754107557024', 'longitude': '-122.45140863771339', 'human_address': '{""address"": """", ""city"": """", ""state"": """", ""zip"": """"}'}",1.08E+12,,2,2,2,2,5,wood frame (5),5,wood frame (5),2007-05-25T00:00:00.000,,,,,
5ea2077dc2aeecdcc61c5b30,2.01E+11,8,otc alterations permit,2007-01-08T00:00:00.000,1038,40,3775,California,St,kitchen & bathroom remodel-upgrade electrical sub panel.,complete,2007-05-16T00:00:00.000,2007-01-08T00:00:00.000,2007-01-08T00:00:00.000,2007-07-08T00:00:00.000Z,25000,25000,apartments,apartments,0,2,Presidio Heights,94118,"{'latitude': '37.78577103690647', 'longitude': '-122.45638986225089', 'human_address': '{""address"": """", ""city"": """", ""state"": """", ""zip"": """"}'}",1.08E+12,0,4,4,9,9,5,wood frame (5),5,wood frame (5),2007-05-16T00:00:00.000,,,,,
5ea2077dc2aeecdcc61c5b31,2.01E+11,3,additions alterations or repairs,2007-01-08T00:00:00.000,6619,20,1557,Sanchez,St,remove non-confmming deck and in-law unit and replace with new master suite and roof deck.,issued,2007-12-28T00:00:00.000,2007-01-08T00:00:00.000,2007-12-28T00:00:00.000,2008-12-28T00:00:00.000Z,150000,150000,1 family dwelling,1 family dwelling,2,8,Noe Valley,94131,"{'latitude': '37.74418801520725', 'longitude': '-122.4286274335214', 'human_address': '{""address"": """", ""city"": """", ""state"": """", ""zip"": """"}'}",1.08E+12,,2,2,1,1,5,wood frame (5),5,wood frame (5),,Y,Y,,,
5ea2077dc2aeecdcc61c5b32,2.01E+11,8,otc alterations permit,2007-01-08T00:00:00.000,7546,102,121,Addison,St,renew for final 200605080943,complete,2007-01-24T00:00:00.000,2007-01-08T00:00:00.000,2007-01-09T00:00:00.000,2007-05-09T00:00:00.000Z,1,1,apartments,apartments,0,8,Glen Park,94131,"{'latitude': '37.73731250817515', 'longitude': '-122.4315896633941', 'human_address': '{""address"": """", ""city"": """", ""state"": """", ""zip"": """"}'}",1.08E+12,,2,2,10,10,5,wood frame (5),5,wood frame (5),2007-01-24T00:00:00.000,,,,,
5ea2077dc2aeecdcc61c5b33,2.01E+11,8,otc alterations permit,2007-01-08T00:00:00.000,7546,102,157,Addison,St,renew for final 200605080943,complete,2007-01-24T00:00:00.000,2007-01-08T00:00:00.000,2007-01-09T00:00:00.000,2007-05-09T00:00:00.000Z,1,1,apartments,apartments,0,8,Glen Park,94131,"{'latitude': '37.73731250817515', 'longitude': '-122.4315896633941', 'human_address': '{""address"": """", ""city"": """", ""state"": """", ""zip"": """"}'}",1.08E+12,0,2,2,10,10,5,wood frame (5),5,wood frame (5),2007-01-24T00:00:00.000,,,,,
5ea2077dc2aeecdcc61c5b34,2.01E+11,3,additions alterations or repairs,2007-01-08T00:00:00.000,480,6,1361,Francisco,St,"correction to 3r-report, 3r-4674.",complete,2007-02-01T00:00:00.000,2007-01-08T00:00:00.000,2007-01-23T00:00:00.000,2007-05-23T00:00:00.000Z,5000,5000,2 family dwelling,2 family dwelling,0,2,Marina,94123,"{'latitude': '37.80259515932845', 'longitude': '-122.42752391195023', 'human_address': '{""address"": """", ""city"": """", ""state"": """", ""zip"": """"}'}",1.08E+11,,3,3,2,2,5,wood frame (5),5,wood frame (5),2007-02-01T00:00:00.000,,,,,
5ea2077dc2aeecdcc61c5b35,2.01E+11,3,additions alterations or repairs,2007-01-08T00:00:00.000,480,6,1363,Francisco,St,"correction to 3r-report, 3r-4674.",complete,2007-02-01T00:00:00.000,2007-01-08T00:00:00.000,2007-01-23T00:00:00.000,2007-05-23T00:00:00.000Z,5000,5000,2 family dwelling,2 family dwelling,0,2,Marina,94123,"{'latitude': '37.80259515932845', 'longitude': '-122.42752391195023', 'human_address': '{""address"": """", ""city"": """", ""state"": """", ""zip"": """"}'}",1.08E+12,0,3,3,2,2,5,wood frame (5),5,wood frame (5),2007-02-01T00:00:00.000,,,,,
5ea2077dc2aeecdcc61c5b36,2.01E+11,3,additions alterations or repairs,2007-01-08T00:00:00.000,4912,1,2814,Jennings,St,"existing commercial units, 1st floor, to be brought up to code. new asda restrooms will be constructed. new elec, heating, electrical. residential work under separate permit",issued,2007-05-16T00:00:00.000,2007-01-08T00:00:00.000,2007-05-16T00:00:00.000,2008-05-16T00:00:00.000Z,45000,45000,office,office,2,10,Bayview Hunters Point,94124,"{'latitude': '37.722568832010346', 'longitude': '-122.39298549952167', 'human_address': '{""address"": """", ""city"": """", ""state"": """", ""zip"": """"}'}",1.08E+12,,2,2,3,3,5,wood frame (5),5,wood frame (5),,,,,,
5ea2077dc2aeecdcc61c5b37,2.01E+11,3,additions alterations or repairs,2007-01-08T00:00:00.000,4912,1,2824,Jennings,St,"existing commercial units, 1st floor, to be brought up to code. new asda restrooms will be constructed. new elec, heating, electrical. residential work under separate permit",issued,2007-05-16T00:00:00.000,2007-01-08T00:00:00.000,2007-05-16T00:00:00.000,2008-05-16T00:00:00.000Z,45000,45000,office,office,2,10,Bayview Hunters Point,94124,"{'latitude': '37.722568832010346', 'longitude': '-122.39298549952167', 'human_address': '{""address"": """", ""city"": """", ""state"": """", ""zip"": """"}'}",1.08E+12,,2,2,3,3,5,wood frame (5),5,wood frame (5),,,,,,
5ea2077dc2aeecdcc61c5b38,2.01E+11,8,otc alterations permit,2007-01-08T00:00:00.000,489,029A,2277,Chestnut,St,"remodel existing retail space to e nail salon on 1st floor level, to include new partitions for storage room, lighting & counter, up grades front entry for disabled access.-",complete,2007-05-02T00:00:00.000,2007-01-08T00:00:00.000,2007-01-08T00:00:00.000,2007-07-08T00:00:00.000Z,8000,8000,1 family dwelling,1 family dwelling,2,2,Marina,94123,"{'latitude': '37.80011750231024', 'longitude': '-122.44072797318022', 'human_address': '{""address"": """", ""city"": """", ""state"": """", ""zip"": """"}'}",1.08E+12,,3,3,1,1,5,wood frame (5),5,wood frame (5),2007-05-02T00:00:00.000,,,,,
5ea2077dc2aeecdcc61c5b39,M53245,8,otc alterations permit,2007-01-08T00:00:00.000,254,80,1001,California,St,street space permit,issued,2007-01-08T00:00:00.000,2007-01-08T00:00:00.000,2007-01-08T00:00:00.000,,,0,,,,3,Nob Hill,94108,"{'latitude': '37.79160553254836', 'longitude': '-122.41102551566422', 'human_address': '{""address"": """", ""city"": """", ""state"": """", ""zip"": """"}'}",1.08E+12,,,,,,,,,,,,,,,
5ea2077dc2aeecdcc61c5b3a,M53246,8,otc alterations permit,2007-01-08T00:00:00.000,5418,13,1777,Yosemite,Av,street space permit,issued,2007-01-08T00:00:00.000,2007-01-08T00:00:00.000,2007-01-08T00:00:00.000,,,0,,,,10,Bayview Hunters Point,94124,"{'latitude': '37.7282504190069', 'longitude': '-122.39496971444758', 'human_address': '{""address"": """", ""city"": """", ""state"": """", ""zip"": """"}'}",1.08E+12,,,,,,,,,,,,,,,
5ea2077dc2aeecdcc61c5b3b,2.01E+11,8,otc alterations permit,2007-01-08T00:00:00.000,6515,13,390,Bartlett,St,"repair rear stairs, stringers between 1st & 2nd floors. replace a few steps. less than 50% repair. to comply with nov# 200679868. same for same.",expired,2009-08-18T00:00:00.000,2007-01-08T00:00:00.000,2007-01-08T00:00:00.000,2007-05-08T00:00:00.000Z,1200,1200,apartments,apartments,0,9,Mission,94110,"{'latitude': '37.750825300159676', 'longitude': '-122.41959046386332', 'human_address': '{""address"": """", ""city"": """", ""state"": """", ""zip"": """"}'}",1.08E+12,,3,3,15,15,5,wood frame (5),5,wood frame (5),2007-01-19T00:00:00.000,,,,,
5ea2077dc2aeecdcc61c5b3c,2.01E+11,8,otc alterations permit,2007-01-08T00:00:00.000,2048,6,445,Noriega,St,"remodeling of 1 1/2 bathroom, kitchen & new 12 windows (vinyl). four picture windows and 2 casements on front facade.",expired,2008-02-13T00:00:00.000,2007-01-08T00:00:00.000,2007-01-08T00:00:00.000,2008-01-08T00:00:00.000Z,47500,47500,1 family dwelling,1 family dwelling,0,7,Inner Sunset,94122,"{'latitude': '37.754743642467155', 'longitude': '-122.46845033412708', 'human_address': '{""address"": """", ""city"": """", ""state"": """", ""zip"": """"}'}",1.08E+12,,3,3,1,1,5,wood frame (5),5,wood frame (5),,,,,,
5ea2077dc2aeecdcc61c5b3d,M53247,8,otc alterations permit,2007-01-08T00:00:00.000,469,1,1800,Chestnut,St,street space permit,issued,2007-01-08T00:00:00.000,2007-01-08T00:00:00.000,2007-01-08T00:00:00.000,,,0,,,,2,Marina,94123,"{'latitude': '37.802121382823614', 'longitude': '-122.43313669004674', 'human_address': '{""address"": """", ""city"": """", ""state"": """", ""zip"": """"}'}",1.08E+12,,,,,,,,,,,,,,,
5ea2077dc2aeecdcc61c5b3e,2.01E+11,8,otc alterations permit,2007-01-08T00:00:00.000,3706,74,50,03rd,St,"selective interior and exterior non structural demolition on floors 1,3,4,35,36. this is for demo only. elec,hvac,life safety,sprinklers, and plumbing on separate permit",expired,2008-08-21T00:00:00.000,2007-01-08T00:00:00.000,2007-01-08T00:00:00.000,2008-01-08T00:00:00.000Z,50000,50000,tourist hotel/motel,tourist hotel/motel,2,6,Financial District/South Beach,94103,"{'latitude': '37.78652508124445', 'longitude': '-122.40309239617214', 'human_address': '{""address"": """", ""city"": """", ""state"": """", ""zip"": """"}'}",1.08E+12,,36,36,669,669,1,constr type 1,1,constr type 1,,,,,,
5ea2077dc2aeecdcc61c5b3f,2.01E+11,3,additions alterations or repairs,2007-01-08T00:00:00.000,6728,12,538,Laidley,St,revision to approved shoring permit 20609081752. changes to shoring details as per plan.,cancelled,2007-05-09T00:00:00.000,2007-01-08T00:00:00.000,2007-04-24T00:00:00.000,2008-04-24T00:00:00.000Z,5000,111397,1 family dwelling,1 family dwelling,2,8,Glen Park,94131,"{'latitude': '37.73581058873477', 'longitude': '-122.43163572082717', 'human_address': '{""address"": """", ""city"": """", ""state"": """", ""zip"": """"}'}",1.08E+12,,2,2,1,1,5,wood frame (5),5,wood frame (5),,,,,,
5ea2077dc2aeecdcc61c5b40,2.01E+11,8,otc alterations permit,2007-01-08T00:00:00.000,5888,10,42,Stoneybrook,Av,"exploratory demolition, removal of sheetrock, kitchen cabinets, bathroom fixtures. no structural, plumbing or electrical work to be done. approx. 1000 sq ft affected.",expired,2007-08-09T00:00:00.000,2007-01-08T00:00:00.000,2007-01-08T00:00:00.000,2007-05-08T00:00:00.000Z,120,120,1 family dwelling,1 family dwelling,0,11,Excelsior,94112,"{'latitude': '37.73020279824909', 'longitude': '-122.4220399750276', 'human_address': '{""address"": """", ""city"": """", ""state"": """", ""zip"": """"}'}",1.08E+12,,1,1,1,1,5,wood frame (5),5,wood frame (5),,,,,,
5ea2077dc2aeecdcc61c5b41,M53262,8,otc alterations permit,2007-01-08T00:00:00.000,7138,40,151,Sadowa,St,sidewalk & street space permit,issued,2007-01-08T00:00:00.000,2007-01-08T00:00:00.000,2007-01-08T00:00:00.000,,,0,,,,11,Oceanview/Merced/Ingleside,94112,"{'latitude': '37.71204994300267', 'longitude': '-122.45757157981087', 'human_address': '{""address"": """", ""city"": """", ""state"": """", ""zip"": """"}'}",1.08E+12,,,,,,,,,,,,,,,
5ea2077dc2aeecdcc61c5b42,M53263,8,otc alterations permit,2007-01-08T00:00:00.000,1203,017A,500,Divisadero,St,street space permit only.,issued,2007-01-08T00:00:00.000,2007-01-08T00:00:00.000,2007-01-08T00:00:00.000,,,0,,,,5,Hayes Valley,94117,"{'latitude': '37.774221829873234', 'longitude': '-122.43736365601701', 'human_address': '{""address"": """", ""city"": """", ""state"": """", ""zip"": """"}'}",1.08E+11,,,,,,,,,,,,,,,
5ea2077dc2aeecdcc61c5b43,2.01E+11,8,otc alterations permit,2007-01-08T00:00:00.000,7278,26,251,Lakeshore,Dr,reroofing,expired,2011-01-27T00:00:00.000,2007-01-08T00:00:00.000,2007-01-08T00:00:00.000,2007-07-08T00:00:00.000Z,7800,7800,1 family dwelling,1 family dwelling,0,7,Sunset/Parkside,94132,"{'latitude': '37.73058769818603', 'longitude': '-122.49728919052485', 'human_address': '{""address"": """", ""city"": """", ""state"": """", ""zip"": """"}'}",1.08E+12,,2,2,1,1,5,wood frame (5),5,wood frame (5),,,,,,
5ea2077dc2aeecdcc61c5b44,M53264,8,otc alterations permit,2007-01-08T00:00:00.000,3588,12,3500,19th,St,street space permit,issued,2007-01-08T00:00:00.000,2007-01-08T00:00:00.000,2007-01-08T00:00:00.000,,,0,,,,8,Mission,94110,"{'latitude': '37.76030680163977', 'longitude': '-122.42176191224588', 'human_address': '{""address"": """", ""city"": """", ""state"": """", ""zip"": """"}'}",1.08E+12,,,,,,,,,,,,,V,,
5ea2077dc2aeecdcc61c5b45,2.01E+11,3,additions alterations or repairs,2007-01-08T00:00:00.000,3616,7,2554,Mission,St,seismic upgrade - umb retrofit on existing brick building no other work no exterior work. interior only,cancelled,2014-01-10T00:00:00.000,2007-01-08T00:00:00.000,,,50000,,theater,theater,2,9,Mission,94110,"{'latitude': '37.75602740244032', 'longitude': '-122.419384045785', 'human_address': '{""address"": """", ""city"": """", ""state"": """", ""zip"": """"}'}",1.08E+12,,1,1,0,0,1,constr type 1,1,constr type 1,,,Y,,,
5ea2077dc2aeecdcc61c5b46,2.01E+11,3,additions alterations or repairs,2007-01-08T00:00:00.000,1076,34,1635,Divisadero,St,"add 7 fire smoke dampers & associated duct smoke detector, add duct smoke detector for fcu-1 fan unit, add door holder.",complete,2007-02-12T00:00:00.000,2007-01-08T00:00:00.000,2007-02-09T00:00:00.000,2007-06-09T00:00:00.000Z,5000,5000,clinics-medic/dental,clinics-medic/dental,2,5,Japantown,94115,"{'latitude': '37.78473107445393', 'longitude': '-122.44038678313258', 'human_address': '{""address"": """", ""city"": """", ""state"": """", ""zip"": """"}'}",1.08E+11,,6,6,0,0,5,wood frame (5),5,wood frame (5),2007-02-12T00:00:00.000,,,,,
5ea2077dc2aeecdcc61c5b47,2.01E+11,8,otc alterations permit,2007-01-08T00:00:00.000,2141,4,2051,21st,Av,"1)remodel 2nd floor bathroom, 2)remodel first: 2 new bedroom a new bathroom.",complete,2007-07-16T00:00:00.000,2007-01-08T00:00:00.000,2007-01-08T00:00:00.000,2008-01-08T00:00:00.000Z,55000,55000,1 family dwelling,1 family dwelling,2,4,Sunset/Parkside,94116,"{'latitude': '37.74943449716588', 'longitude': '-122.47861469125525', 'human_address': '{""address"": """", ""city"": """", ""state"": """", ""zip"": """"}'}",1.08E+12,,2,2,1,1,5,wood frame (5),5,wood frame (5),2007-07-16T00:00:00.000,,,,,
5ea2077dc2aeecdcc61c5b48,2.01E+11,8,otc alterations permit,2007-01-08T00:00:00.000,1023,19,3066,California,St,provide continues handrail at rear stairs per nov# 200686611.,complete,2007-02-05T00:00:00.000,2007-01-08T00:00:00.000,2007-01-08T00:00:00.000,2007-05-08T00:00:00.000Z,500,500,2 family dwelling,2 family dwelling,0,2,Pacific Heights,94115,"{'latitude': '37.78779085205715', 'longitude': '-122.44493236836892', 'human_address': '{""address"": """", ""city"": """", ""state"": """", ""zip"": """"}'}",1.08E+11,,2,2,2,2,5,wood frame (5),5,wood frame (5),2007-02-05T00:00:00.000,,,,,
5ea2077dc2aeecdcc61c5b49,2.01E+11,8,otc alterations permit,2007-01-08T00:00:00.000,1023,19,3068,California,St,provide continues handrail at rear stairs per nov# 200686611.,complete,2007-02-05T00:00:00.000,2007-01-08T00:00:00.000,2007-01-08T00:00:00.000,2007-05-08T00:00:00.000Z,500,500,2 family dwelling,2 family dwelling,0,2,Pacific Heights,94115,"{'latitude': '37.78779085205715', 'longitude': '-122.44493236836892', 'human_address': '{""address"": """", ""city"": """", ""state"": """", ""zip"": """"}'}",1.08E+12,,2,2,2,2,5,wood frame (5),5,wood frame (5),2007-02-05T00:00:00.000,,,,,
5ea2077dc2aeecdcc61c5b4a,2.01E+11,3,additions alterations or repairs,2007-01-08T00:00:00.000,7041,1,901,Delano,Av,"to comply with nov #200678869, legalize without-iron fence at lot permeter, visible from street",complete,2007-02-20T00:00:00.000,2007-01-08T00:00:00.000,2007-02-15T00:00:00.000,2007-06-15T00:00:00.000Z,5000,5000,1 family dwelling,1 family dwelling,2,11,Outer Mission,94112,"{'latitude': '37.71743259310787', 'longitude': '-122.44657848012999', 'human_address': '{""address"": """", ""city"": """", ""state"": """", ""zip"": """"}'}",1.08E+12,,1,1,1,1,5,wood frame (5),5,wood frame (5),2007-02-20T00:00:00.000,,,,,
5ea2077dc2aeecdcc61c5b4b,2.01E+11,4,sign - erect,2007-01-08T00:00:00.000,239,3,400,California,St,to erect non electrical sign,expired,2011-05-11T00:00:00.000,2007-01-08T00:00:00.000,2007-01-08T00:00:00.000,2007-05-08T00:00:00.000Z,3000,3000,office,,2,3,Financial District/South Beach,94104,"{'latitude': '37.79330429003971', 'longitude': '-122.40145899720684', 'human_address': '{""address"": """", ""city"": """", ""state"": """", ""zip"": """"}'}",1.08E+11,,6,,0,,1,constr type 1,,,,,,,,
5ea2077dc2aeecdcc61c5b4c,2.01E+11,8,otc alterations permit,2007-01-08T00:00:00.000,6021,18,735,Brazil,Av,reroofing.,complete,2007-01-12T00:00:00.000,2007-01-08T00:00:00.000,2007-01-08T00:00:00.000,2007-05-08T00:00:00.000Z,500,500,1 family dwelling,1 family dwelling,0,11,Excelsior,94112,"{'latitude': '37.72193592997478', 'longitude': '-122.42849890016886', 'human_address': '{""address"": """", ""city"": """", ""state"": """", ""zip"": """"}'}",1.08E+12,,,,,,,,,,2007-01-12T00:00:00.000,,,,,
5ea2077dc2aeecdcc61c5b4d,2.01E+11,8,otc alterations permit,2007-01-08T00:00:00.000,1435,19,3944,Geary,Bl,install a new power door. replace with an existing in the existing store front. required by inspector. (no exterior change).,complete,2007-01-11T00:00:00.000,2007-01-08T00:00:00.000,2007-01-08T00:00:00.000,2007-05-08T00:00:00.000Z,2000,2000,office,office,2,1,Inner Richmond,94118,"{'latitude': '37.78143821279548', 'longitude': '-122.46186631949541', 'human_address': '{""address"": """", ""city"": """", ""state"": """", ""zip"": """"}'}",1.08E+11,,2,2,0,0,5,wood frame (5),5,wood frame (5),2007-01-11T00:00:00.000,,,,,
5ea2077dc2aeecdcc61c5b4e,2.01E+11,8,otc alterations permit,2007-01-08T00:00:00.000,3622,88,3845,21st,St,install 2 bvent gass fire place in living room & dining room. also gas lines 2 fire place tile work framing & venting flues in (e) fire place locations. 4 ft. from property line (for flue exhaust termination) volor by miles (a dorm - v-vent),complete,2007-03-22T00:00:00.000,2007-01-08T00:00:00.000,2007-01-08T00:00:00.000,2007-05-08T00:00:00.000Z,5000,5000,1 family dwelling,1 family dwelling,0,8,Noe Valley,94114,"{'latitude': '37.75592161479431', 'longitude': '-122.43328639900626', 'human_address': '{""address"": """", ""city"": """", ""state"": """", ""zip"": """"}'}",1.08E+12,,1,1,1,1,5,wood frame (5),5,wood frame (5),2007-03-22T00:00:00.000,,,,,
5ea2077dc2aeecdcc61c5b4f,M53282,8,otc alterations permit,2007-01-08T00:00:00.000,3589,18,2294,Mission,St,sidewalk repair,issued,2007-01-08T00:00:00.000,2007-01-08T00:00:00.000,2007-01-08T00:00:00.000,,,0,,,,9,Mission,94110,"{'latitude': '37.760353806391464', 'longitude': '-122.41950214908498', 'human_address': '{""address"": """", ""city"": """", ""state"": """", ""zip"": """"}'}",1.08E+12,,,,,,,,,,,,,,,
5ea2077dc2aeecdcc61c5b50,M53282,8,otc alterations permit,2007-01-08T00:00:00.000,3589,18,2298,Mission,St,sidewalk repair,issued,2007-01-08T00:00:00.000,2007-01-08T00:00:00.000,2007-01-08T00:00:00.000,,,0,,,,9,Mission,94110,"{'latitude': '37.760353806391464', 'longitude': '-122.41950214908498', 'human_address': '{""address"": """", ""city"": """", ""state"": """", ""zip"": """"}'}",1.08E+12,,,,,,,,,,,,,,,
5ea2077dc2aeecdcc61c5b51,2.01E+11,8,otc alterations permit,2007-01-08T00:00:00.000,5353B,17,391,Bridgeview,Dr,replace 11 (e) aluminum window for vinyl windows. same side. all window expos to the street & repair dry rot framing around the windows at the bottom.,complete,2007-03-08T00:00:00.000,2007-01-08T00:00:00.000,2007-01-08T00:00:00.000,2007-05-08T00:00:00.000Z,5000,5000,apartments,apartments,0,10,Bayview Hunters Point,94124,"{'latitude': '37.73184677446267', 'longitude': '-122.39917449595373', 'human_address': '{""address"": """", ""city"": """", ""state"": """", ""zip"": """"}'}",1.08E+12,,2,2,6,6,5,wood frame (5),5,wood frame (5),2007-03-08T00:00:00.000,,,,,
5ea2077dc2aeecdcc61c5b52,2.01E+11,8,otc alterations permit,2007-01-08T00:00:00.000,3561,50,19,Beaver,St,comply with nov# 200672451: file building permit to re-construct decks at two levels located at the rear of property. same configuration and dimension as original.,complete,2007-04-12T00:00:00.000,2007-01-08T00:00:00.000,2007-01-08T00:00:00.000,2007-07-08T00:00:00.000Z,20000,20000,2 family dwelling,2 family dwelling,2,8,Castro/Upper Market,94114,"{'latitude': '37.76477113622918', 'longitude': '-122.4339802424823', 'human_address': '{""address"": """", ""city"": """", ""state"": """", ""zip"": """"}'}",1.08E+12,,3,3,2,2,5,wood frame (5),5,wood frame (5),2007-04-12T00:00:00.000,Y,,,,
5ea2077dc2aeecdcc61c5b53,M53302,8,otc alterations permit,2007-01-08T00:00:00.000,868,28,363,Waller,St,street space,issued,2007-01-08T00:00:00.000,2007-01-08T00:00:00.000,2007-01-08T00:00:00.000,,,0,,,,5,Hayes Valley,94117,"{'latitude': '37.77100130777788', 'longitude': '-122.42955807750755', 'human_address': '{""address"": """", ""city"": """", ""state"": """", ""zip"": """"}'}",1.08E+12,,,,,,,,,,,,,,,
5ea2077dc2aeecdcc61c5b54,2.01E+11,8,otc alterations permit,2007-01-08T00:00:00.000,6015,26,275,London,St,"repair/replace in like kind, landing, railing, stairs, slab repair, garden wall repair. at front of property.",complete,2007-04-05T00:00:00.000,2007-01-08T00:00:00.000,2007-01-08T00:00:00.000,2007-07-08T00:00:00.000Z,11000,11000,1 family dwelling,1 family dwelling,2,11,Excelsior,94112,"{'latitude': '37.724590217510226', 'longitude': '-122.43347959263113', 'human_address': '{""address"": """", ""city"": """", ""state"": """", ""zip"": """"}'}",1.08E+12,,2,2,1,1,5,wood frame (5),5,wood frame (5),2007-04-05T00:00:00.000,,,,,
5ea2077dc2aeecdcc61c5b55,2.01E+11,8,otc alterations permit,2007-01-08T00:00:00.000,3589,72,130,Lexington,St,"work @ units at 132a only. remodel (e) kitchen & bathroom. remove all finishes & fixtures & install new cabinetry, appliances, electrical & plumbing. this project does not involve new horizontal or vertical square footage. there is no change to the envelope of the building. remove 1 non-load",complete,2007-06-05T00:00:00.000,2007-01-08T00:00:00.000,2007-01-08T00:00:00.000,2008-01-08T00:00:00.000Z,50000,50000,apartments,apartments,2,9,Mission,94110,"{'latitude': '37.76117421311917', 'longitude': '-122.42096726825925', 'human_address': '{""address"": """", ""city"": """", ""state"": """", ""zip"": """"}'}",1.08E+12,,3,3,4,4,5,wood frame (5),5,wood frame (5),2007-06-05T00:00:00.000,,,,,
5ea2077dc2aeecdcc61c5b56,2.01E+11,8,otc alterations permit,2007-01-08T00:00:00.000,3589,72,130,Lexington,St,"work @ units at 132a only. remodel (e) kitchen & bathroom. remove all finishes & fixtures & install new cabinetry, appliances, electrical & plumbing. this project does not involve new horizontal or vertical square footage. there is no change to the envelope of the building. remove 1 non-load",complete,2007-06-05T00:00:00.000,2007-01-08T00:00:00.000,2007-01-08T00:00:00.000,2008-01-08T00:00:00.000Z,50000,50000,apartments,apartments,2,9,Mission,94110,"{'latitude': '37.76117421311917', 'longitude': '-122.42096726825925', 'human_address': '{""address"": """", ""city"": """", ""state"": """", ""zip"": """"}'}",1.08E+12,,3,3,4,4,5,wood frame (5),5,wood frame (5),2007-06-05T00:00:00.000,,,A,,
5ea2077dc2aeecdcc61c5b57,2.01E+11,8,otc alterations permit,2007-01-08T00:00:00.000,3589,72,132,Lexington,St,"work @ units at 132a only. remodel (e) kitchen & bathroom. remove all finishes & fixtures & install new cabinetry, appliances, electrical & plumbing. this project does not involve new horizontal or vertical square footage. there is no change to the envelope of the building. remove 1 non-load",complete,2007-06-05T00:00:00.000,2007-01-08T00:00:00.000,2007-01-08T00:00:00.000,2008-01-08T00:00:00.000Z,50000,50000,apartments,apartments,2,9,Mission,94110,"{'latitude': '37.76117421311917', 'longitude': '-122.42096726825925', 'human_address': '{""address"": """", ""city"": """", ""state"": """", ""zip"": """"}'}",1.08E+12,,3,3,4,4,5,wood frame (5),5,wood frame (5),2007-06-05T00:00:00.000,,,,,
5ea2077dc2aeecdcc61c5b58,2.01E+11,8,otc alterations permit,2007-01-08T00:00:00.000,3589,72,132,Lexington,St,"work @ units at 132a only. remodel (e) kitchen & bathroom. remove all finishes & fixtures & install new cabinetry, appliances, electrical & plumbing. this project does not involve new horizontal or vertical square footage. there is no change to the envelope of the building. remove 1 non-load",complete,2007-06-05T00:00:00.000,2007-01-08T00:00:00.000,2007-01-08T00:00:00.000,2008-01-08T00:00:00.000Z,50000,50000,apartments,apartments,2,9,Mission,94110,"{'latitude': '37.76117421311917', 'longitude': '-122.42096726825925', 'human_address': '{""address"": """", ""city"": """", ""state"": """", ""zip"": """"}'}",1.08E+12,,3,3,4,4,5,wood frame (5),5,wood frame (5),2007-06-05T00:00:00.000,,,A,,
5ea2077dc2aeecdcc61c5b59,2.01E+11,3,additions alterations or repairs,2007-01-08T00:00:00.000,6748,60,4080,Mission,St,installation of 2 micro panel antennas mounted on (e) wall with the associated equipment cabinet mounted on a concrete slab at ground level.,cancelled,2007-12-11T00:00:00.000,2007-01-08T00:00:00.000,,,65000,65000,public assmbly other,public assmbly other,2,8,Outer Mission,94112,"{'latitude': '37.732466227106244', 'longitude': '-122.42802832154999', 'human_address': '{""address"": """", ""city"": """", ""state"": """", ""zip"": """"}'}",1.08E+12,,2,2,0,0,5,wood frame (5),5,wood frame (5),,,,,,
5ea2077dc2aeecdcc61c5b5a,2.01E+11,8,otc alterations permit,2007-01-08T00:00:00.000,5617,41,161,Prospect,Av,comply with 3r-4515.,complete,2007-05-08T00:00:00.000,2007-01-08T00:00:00.000,2007-01-08T00:00:00.000,2007-05-08T00:00:00.000Z,5000,5000,2 family dwelling,2 family dwelling,0,9,Bernal Heights,94110,"{'latitude': '37.74258241121436', 'longitude': '-122.41901743381644', 'human_address': '{""address"": """", ""city"": """", ""state"": """", ""zip"": """"}'}",1.08E+12,,2,2,2,2,5,wood frame (5),5,wood frame (5),2007-05-08T00:00:00.000,,,,,
5ea2077dc2aeecdcc61c5b5b,2.01E+11,8,otc alterations permit,2007-01-08T00:00:00.000,5617,41,161,Prospect,Av,comply with 3r-4515.,complete,2007-05-08T00:00:00.000,2007-01-08T00:00:00.000,2007-01-08T00:00:00.000,2007-05-08T00:00:00.000Z,5000,5000,2 family dwelling,2 family dwelling,0,9,Bernal Heights,94110,"{'latitude': '37.74258241121436', 'longitude': '-122.41901743381644', 'human_address': '{""address"": """", ""city"": """", ""state"": """", ""zip"": """"}'}",1.08E+12,,2,2,2,2,5,wood frame (5),5,wood frame (5),2007-05-08T00:00:00.000,,,A,,
5ea2077dc2aeecdcc61c5b5c,M53322,8,otc alterations permit,2007-01-08T00:00:00.000,3557,034B,3394,16th,St,sidewalk permit only.,issued,2007-01-08T00:00:00.000,2007-01-08T00:00:00.000,2007-01-08T00:00:00.000,,,0,,,,8,Castro/Upper Market,94114,"{'latitude': '37.76472353477099', 'longitude': '-122.42849915281637', 'human_address': '{""address"": """", ""city"": """", ""state"": """", ""zip"": """"}'}",1.08E+12,,,,,,,,,,,,,,,
5ea2077dc2aeecdcc61c5b5d,M53322,8,otc alterations permit,2007-01-08T00:00:00.000,3557,034B,3398,16th,St,sidewalk permit only.,issued,2007-01-08T00:00:00.000,2007-01-08T00:00:00.000,2007-01-08T00:00:00.000,,,0,,,,8,Castro/Upper Market,94114,"{'latitude': '37.76472353477099', 'longitude': '-122.42849915281637', 'human_address': '{""address"": """", ""city"": """", ""state"": """", ""zip"": """"}'}",1.08E+12,,,,,,,,,,,,,,,
5ea2077dc2aeecdcc61c5b5e,2.01E+11,3,additions alterations or repairs,2007-01-08T00:00:00.000,5705,1,400,Ellsworth,St,revision to approved & application #2005408180599 reducing  size of horizontal addition and associated scope of work.,cancelled,2010-01-14T00:00:00.000,2007-01-08T00:00:00.000,,,1,,1 family dwelling,1 family dwelling,2,9,Bernal Heights,94110,"{'latitude': '37.738293769444816', 'longitude': '-122.4148081926207', 'human_address': '{""address"": """", ""city"": """", ""state"": """", ""zip"": """"}'}",1.08E+12,,2,2,1,1,5,wood frame (5),5,wood frame (5),,,,,,
5ea2077dc2aeecdcc61c5b5f,2.01E+11,8,otc alterations permit,2007-01-08T00:00:00.000,8721,10,550,Terry Francois,Bl,fire system hood hook up-4 hoods. installation of an ansel system.,complete,2007-02-01T00:00:00.000,2007-01-08T00:00:00.000,2007-01-08T00:00:00.000,2007-07-08T00:00:00.000Z,6000,6000,office,office,2,6,Mission Bay,94158,"{'latitude': '37.77037419989841', 'longitude': '-122.38706970561316', 'human_address': '{""address"": """", ""city"": """", ""state"": """", ""zip"": """"}'}",1.08E+12,,5,5,0,0,1,constr type 1,1,constr type 1,2007-02-01T00:00:00.000,,,,,
5ea2077dc2aeecdcc61c5b60,2.01E+11,3,additions alterations or repairs,2007-01-08T00:00:00.000,1524,37,5625,Geary,Bl,"tenant improvements include dropping portion of ceiling, elec. & plumbing work for equipment related to retail sales of baked goods & sandwiches. no commercial baking to be done in space.",complete,2007-10-18T00:00:00.000,2007-01-08T00:00:00.000,2007-02-27T00:00:00.000,2007-08-27T00:00:00.000Z,8000,10000,food/beverage hndlng,retail sales,2,1,Outer Richmond,94121,"{'latitude': '37.77999978422312', 'longitude': '-122.47998239433109', 'human_address': '{""address"": """", ""city"": """", ""state"": """", ""zip"": """"}'}",1.08E+12,,1,1,0,0,5,wood frame (5),5,wood frame (5),2007-10-18T00:00:00.000,,,,,
5ea2077dc2aeecdcc61c5b61,2.01E+11,8,otc alterations permit,2007-01-08T00:00:00.000,1251,1,701,Cole,St,reroofing,complete,2007-01-31T00:00:00.000,2007-01-08T00:00:00.000,2007-01-08T00:00:00.000,2007-05-08T00:00:00.000Z,4000,4000,apartments,apartments,0,5,Haight Ashbury,94117,"{'latitude': '37.76843448650126', 'longitude': '-122.45075761063231', 'human_address': '{""address"": """", ""city"": """", ""state"": """", ""zip"": """"}'}",1.08E+11,,,,,,,,,,2007-01-31T00:00:00.000,,,,,
5ea2077dc2aeecdcc61c5b62,2.01E+11,3,additions alterations or repairs,2007-01-08T00:00:00.000,6561,19,4384,Cesar Chavez,St,new deck and replacement stairs at rear of house.,complete,2007-07-18T00:00:00.000,2007-01-08T00:00:00.000,2007-05-08T00:00:00.000,2007-11-08T00:00:00.000Z,13372.7,13372,1 family dwelling,1 family dwelling,2,8,Noe Valley,94131,"{'latitude': '37.747243998838805', 'longitude': '-122.43777084309289', 'human_address': '{""address"": """", ""city"": """", ""state"": """", ""zip"": """"}'}",1.08E+12,,2,2,1,1,5,wood frame (5),5,wood frame (5),2007-07-18T00:00:00.000,Y,,,,
5ea2077dc2aeecdcc61c5b63,2.01E+11,7,wall or painted sign,2007-01-08T00:00:00.000,1524,37,5625,Geary,Bl,erect painted sign.,complete,2007-10-18T00:00:00.000,2007-01-08T00:00:00.000,2007-01-09T00:00:00.000,2007-05-09T00:00:00.000Z,300,,,,2,1,Outer Richmond,94121,"{'latitude': '37.77999978422312', 'longitude': '-122.47998239433109', 'human_address': '{""address"": """", ""city"": """", ""state"": """", ""zip"": """"}'}",1.08E+12,,,,,,,,,,2007-10-18T00:00:00.000,,,,,
5ea2077dc2aeecdcc61c5b64,2.01E+11,8,otc alterations permit,2007-01-08T00:00:00.000,3046,12,125,San Felipe,Av,revision to 200602084072 - to add one window at front facade and one window at side (north) facade.,complete,2007-05-25T00:00:00.000,2007-01-08T00:00:00.000,2007-01-08T00:00:00.000,2007-05-08T00:00:00.000Z,1200,1200,1 family dwelling,1 family dwelling,2,7,West of Twin Peaks,94127,"{'latitude': '37.731534253936516', 'longitude': '-122.46274719997604', 'human_address': '{""address"": """", ""city"": """", ""state"": """", ""zip"": """"}'}",1.08E+12,,3,3,1,1,5,wood frame (5),5,wood frame (5),2007-05-25T00:00:00.000,,,,,
5ea2077dc2aeecdcc61c5b65,2.01E+11,8,otc alterations permit,2007-01-08T00:00:00.000,808,5,401,Gough,St,"replace glass and repair base of them because there are some dry rot. elimination of handrail, installation of (n) handrail.",complete,2007-02-07T00:00:00.000,2007-01-08T00:00:00.000,2007-01-08T00:00:00.000,2007-07-08T00:00:00.000Z,8000,8000,apartments,apartments,2,5,Hayes Valley,94102,"{'latitude': '37.777077916850445', 'longitude': '-122.4231850467484', 'human_address': '{""address"": """", ""city"": """", ""state"": """", ""zip"": """"}'}",1.08E+12,0,4,4,30,30,5,wood frame (5),5,wood frame (5),2007-02-07T00:00:00.000,,,,,
5ea2077dc2aeecdcc61c5b66,2.01E+11,8,otc alterations permit,2007-01-08T00:00:00.000,7546,102,105,Addison,St,renew for final 200605040781,complete,2007-01-24T00:00:00.000,2007-01-08T00:00:00.000,2007-01-09T00:00:00.000,2007-05-09T00:00:00.000Z,1,1,apartments,apartments,0,8,Glen Park,94131,"{'latitude': '37.73731250817515', 'longitude': '-122.4315896633941', 'human_address': '{""address"": """", ""city"": """", ""state"": """", ""zip"": """"}'}",1.08E+12,,2,2,4,4,5,wood frame (5),5,wood frame (5),2007-01-24T00:00:00.000,,,,,
5ea2077dc2aeecdcc61c5b67,2.01E+11,8,otc alterations permit,2007-01-08T00:00:00.000,7546,102,117,Addison,St,renew for final 200605040781,complete,2007-01-24T00:00:00.000,2007-01-08T00:00:00.000,2007-01-09T00:00:00.000,2007-05-09T00:00:00.000Z,1,1,apartments,apartments,0,8,Glen Park,94131,"{'latitude': '37.73731250817515', 'longitude': '-122.4315896633941', 'human_address': '{""address"": """", ""city"": """", ""state"": """", ""zip"": """"}'}",1.08E+12,,2,2,4,4,5,wood frame (5),5,wood frame (5),2007-01-24T00:00:00.000,,,,,
5ea2077dc2aeecdcc61c5b68,2.01E+11,8,otc alterations permit,2007-01-08T00:00:00.000,7546,102,57,Addison,St,renew for final 200605080643,complete,2007-01-23T00:00:00.000,2007-01-08T00:00:00.000,2007-01-09T00:00:00.000,2007-05-09T00:00:00.000Z,1,1,apartments,apartments,0,8,Glen Park,94131,"{'latitude': '37.73731250817515', 'longitude': '-122.4315896633941', 'human_address': '{""address"": """", ""city"": """", ""state"": """", ""zip"": """"}'}",1.08E+12,,2,2,4,4,5,wood frame (5),5,wood frame (5),2007-01-23T00:00:00.000,,,,,
5ea2077dc2aeecdcc61c5b69,2.01E+11,8,otc alterations permit,2007-01-08T00:00:00.000,7546,102,69,Addison,St,renew for final 200605080643,complete,2007-01-23T00:00:00.000,2007-01-08T00:00:00.000,2007-01-09T00:00:00.000,2007-05-09T00:00:00.000Z,1,1,apartments,apartments,0,8,Glen Park,94131,"{'latitude': '37.73731250817515', 'longitude': '-122.4315896633941', 'human_address': '{""address"": """", ""city"": """", ""state"": """", ""zip"": """"}'}",1.08E+12,,2,2,4,4,5,wood frame (5),5,wood frame (5),2007-01-23T00:00:00.000,,,,,
5ea2077dc2aeecdcc61c5b6a,2.01E+11,8,otc alterations permit,2007-01-08T00:00:00.000,7546,102,41,Addison,St,renew for final 200605040764,complete,2007-01-23T00:00:00.000,2007-01-08T00:00:00.000,2007-01-09T00:00:00.000,2007-05-09T00:00:00.000Z,1,1,apartments,apartments,0,8,Glen Park,94131,"{'latitude': '37.73731250817515', 'longitude': '-122.4315896633941', 'human_address': '{""address"": """", ""city"": """", ""state"": """", ""zip"": """"}'}",1.08E+12,,2,2,4,4,5,wood frame (5),5,wood frame (5),2007-01-23T00:00:00.000,,,,,
5ea2077ec2aeecdcc61c5b6b,2.01E+11,8,otc alterations permit,2007-01-08T00:00:00.000,7546,102,53,Addison,St,renew for final 200605040764,complete,2007-01-23T00:00:00.000,2007-01-08T00:00:00.000,2007-01-09T00:00:00.000,2007-05-09T00:00:00.000Z,1,1,apartments,apartments,0,8,Glen Park,94131,"{'latitude': '37.73731250817515', 'longitude': '-122.4315896633941', 'human_address': '{""address"": """", ""city"": """", ""state"": """", ""zip"": """"}'}",1.08E+12,,2,2,4,4,5,wood frame (5),5,wood frame (5),2007-01-23T00:00:00.000,,,,,
5ea2077ec2aeecdcc61c5b6c,2.01E+11,8,otc alterations permit,2007-01-08T00:00:00.000,7555,101,341,Arbor,St,renew for final 200610216268,complete,2007-02-01T00:00:00.000,2007-01-08T00:00:00.000,2007-01-09T00:00:00.000,2007-05-09T00:00:00.000Z,1,1,apartments,apartments,0,8,Glen Park,94131,"{'latitude': '37.737505895880645', 'longitude': '-122.43899380525221', 'human_address': '{""address"": """", ""city"": """", ""state"": """", ""zip"": """"}'}",1.08E+12,,2,2,4,4,5,wood frame (5),5,wood frame (5),2007-02-01T00:00:00.000,,,,,
5ea2077ec2aeecdcc61c5b6d,2.01E+11,8,otc alterations permit,2007-01-08T00:00:00.000,7555,101,359,Arbor,St,renew for final 200610216268,complete,2007-02-01T00:00:00.000,2007-01-08T00:00:00.000,2007-01-09T00:00:00.000,2007-05-09T00:00:00.000Z,1,1,apartments,apartments,0,8,Glen Park,94131,"{'latitude': '37.737505895880645', 'longitude': '-122.43899380525221', 'human_address': '{""address"": """", ""city"": """", ""state"": """", ""zip"": """"}'}",1.08E+12,,2,2,4,4,5,wood frame (5),5,wood frame (5),2007-02-01T00:00:00.000,,,,,
5ea2077ec2aeecdcc61c5b6e,2.01E+11,8,otc alterations permit,2007-01-08T00:00:00.000,7551,102,254,Moreland,St,renew for final 200605030544,complete,2007-02-01T00:00:00.000,2007-01-08T00:00:00.000,2007-01-09T00:00:00.000,2007-05-09T00:00:00.000Z,1,1,apartments,apartments,0,8,Glen Park,94131,"{'latitude': '37.73886881019352', 'longitude': '-122.43579174541675', 'human_address': '{""address"": """", ""city"": """", ""state"": """", ""zip"": """"}'}",1.08E+12,,2,2,7,7,5,wood frame (5),5,wood frame (5),2007-02-01T00:00:00.000,,,,,
5ea2077ec2aeecdcc61c5b6f,2.01E+11,8,otc alterations permit,2007-01-08T00:00:00.000,7551,102,290,Moreland,St,renew for final 200605030544,complete,2007-02-01T00:00:00.000,2007-01-08T00:00:00.000,2007-01-09T00:00:00.000,2007-05-09T00:00:00.000Z,1,1,apartments,apartments,0,8,Glen Park,94131,"{'latitude': '37.73886881019352', 'longitude': '-122.43579174541675', 'human_address': '{""address"": """", ""city"": """", ""state"": """", ""zip"": """"}'}",1.08E+12,,2,2,7,7,5,wood frame (5),5,wood frame (5),2007-02-01T00:00:00.000,,,,,
5ea2077ec2aeecdcc61c5b70,2.01E+11,8,otc alterations permit,2007-01-08T00:00:00.000,7555,101,365,Arbor,St,renew for final 200510216288,complete,2007-01-26T00:00:00.000,2007-01-08T00:00:00.000,2007-01-09T00:00:00.000,2007-05-09T00:00:00.000Z,1,1,apartments,apartments,0,8,Glen Park,94131,"{'latitude': '37.737505895880645', 'longitude': '-122.43899380525221', 'human_address': '{""address"": """", ""city"": """", ""state"": """", ""zip"": """"}'}",1.08E+12,,2,2,6,6,5,wood frame (5),5,wood frame (5),2007-01-26T00:00:00.000,,,,,
5ea2077ec2aeecdcc61c5b71,2.01E+11,8,otc alterations permit,2007-01-08T00:00:00.000,7555,101,393,Arbor,St,renew for final 200510216288,complete,2007-01-26T00:00:00.000,2007-01-08T00:00:00.000,2007-01-09T00:00:00.000,2007-05-09T00:00:00.000Z,1,1,apartments,apartments,0,8,Glen Park,94131,"{'latitude': '37.737505895880645', 'longitude': '-122.43899380525221', 'human_address': '{""address"": """", ""city"": """", ""state"": """", ""zip"": """"}'}",1.08E+12,0,2,2,6,6,5,wood frame (5),5,wood frame (5),2007-01-26T00:00:00.000,,,,,
5ea2077ec2aeecdcc61c5b72,2.01E+11,8,otc alterations permit,2007-01-08T00:00:00.000,7546,102,25,Addison,St,renew for final 200605080943,complete,2007-01-23T00:00:00.000,2007-01-08T00:00:00.000,2007-01-09T00:00:00.000,2007-05-09T00:00:00.000Z,1,1,apartments,apartments,0,8,Glen Park,94131,"{'latitude': '37.73731250817515', 'longitude': '-122.4315896633941', 'human_address': '{""address"": """", ""city"": """", ""state"": """", ""zip"": """"}'}",1.08E+12,0,2,2,4,4,5,wood frame (5),5,wood frame (5),2007-01-23T00:00:00.000,,,,,
5ea2077ec2aeecdcc61c5b73,2.01E+11,8,otc alterations permit,2007-01-08T00:00:00.000,7546,102,37,Addison,St,renew for final 200605080943,complete,2007-01-23T00:00:00.000,2007-01-08T00:00:00.000,2007-01-09T00:00:00.000,2007-05-09T00:00:00.000Z,1,1,apartments,apartments,0,8,Glen Park,94131,"{'latitude': '37.73731250817515', 'longitude': '-122.4315896633941', 'human_address': '{""address"": """", ""city"": """", ""state"": """", ""zip"": """"}'}",1.08E+12,,2,2,4,4,5,wood frame (5),5,wood frame (5),2007-01-23T00:00:00.000,,,,,
5ea2077ec2aeecdcc61c5b74,2.01E+11,3,additions alterations or repairs,2007-01-08T00:00:00.000,124,33,2152,Larkin,St,"combine (e) commercial unit with (e) residential unit and upgrade foundation, remodel entire building for a resulting two level residential unit.",complete,2007-12-03T00:00:00.000,2007-01-08T00:00:00.000,2007-03-21T00:00:00.000,2008-03-21T00:00:00.000Z,75000,75000,office,1 family dwelling,2,3,Russian Hill,94109,"{'latitude': '37.797856205649545', 'longitude': '-122.42019713789395', 'human_address': '{""address"": """", ""city"": """", ""state"": """", ""zip"": """"}'}",1.09E+11,,2,2,1,1,5,wood frame (5),5,wood frame (5),2007-12-03T00:00:00.000,,,,,
5ea2077ec2aeecdcc61c5b75,2.01E+11,3,additions alterations or repairs,2007-01-08T00:00:00.000,124,33,2154,Larkin,St,"combine (e) commercial unit with (e) residential unit and upgrade foundation, remodel entire building for a resulting two level residential unit.",complete,2007-12-03T00:00:00.000,2007-01-08T00:00:00.000,2007-03-21T00:00:00.000,2008-03-21T00:00:00.000Z,75000,75000,office,1 family dwelling,2,3,Russian Hill,94109,"{'latitude': '37.797856205649545', 'longitude': '-122.42019713789395', 'human_address': '{""address"": """", ""city"": """", ""state"": """", ""zip"": """"}'}",1.09E+12,,2,2,1,1,5,wood frame (5),5,wood frame (5),2007-12-03T00:00:00.000,,,,,
5ea2077ec2aeecdcc61c5b76,2.01E+11,8,otc alterations permit,2007-01-08T00:00:00.000,4217,17,1275,Rhode Island,St,"remodel of existing kitchen, fixtures and finishes. work to be done in 1275a only. no sructural work. new floor, new cabinets, neew drywall, all flourescent lighting in kitchen.",expired,2008-10-27T00:00:00.000,2007-01-08T00:00:00.000,2007-01-08T00:00:00.000,2007-07-08T00:00:00.000Z,10000,10000,apartments,apartments,0,10,Potrero Hill,94107,"{'latitude': '37.75364171935237', 'longitude': '-122.4011888184814', 'human_address': '{""address"": """", ""city"": """", ""state"": """", ""zip"": """"}'}",1.15E+12,,3,3,3,3,5,wood frame (5),5,wood frame (5),,,,A,,
5ea2077ec2aeecdcc61c5b77,M53403,8,otc alterations permit,2007-01-09T00:00:00.000,3637,20,3282,23rd,St,sidewalk permit,issued,2007-01-09T00:00:00.000,2007-01-09T00:00:00.000,2007-01-09T00:00:00.000,,,0,,,,9,Mission,94110,"{'latitude': '37.754000284958515', 'longitude': '-122.41825362317647', 'human_address': '{""address"": """", ""city"": """", ""state"": """", ""zip"": """"}'}",1.08E+12,,,,,,,,,,,,,,,
5ea2077ec2aeecdcc61c5b78,2.01E+11,8,otc alterations permit,2007-01-09T00:00:00.000,5676,12,73,Holly Park,Cr,reroofing,complete,2007-01-16T00:00:00.000,2007-01-09T00:00:00.000,2007-01-09T00:00:00.000,2007-07-09T00:00:00.000Z,10000,10000,1 family dwelling,1 family dwelling,0,9,Bernal Heights,94110,"{'latitude': '37.738432928642624', 'longitude': '-122.41942801134961', 'human_address': '{""address"": """", ""city"": """", ""state"": """", ""zip"": """"}'}",1.08E+12,,,,,,,,,,2007-01-16T00:00:00.000,,,,,
5ea2077ec2aeecdcc61c5b79,2.01E+11,3,additions alterations or repairs,2007-01-09T00:00:00.000,5523,7,3240,Folsom,St,"new beam, posts and foundation. replace existing storefront with new design for energy eff. new vestibule entry proposed.",complete,2008-06-23T00:00:00.000,2007-01-09T00:00:00.000,2007-06-19T00:00:00.000,2008-06-19T00:00:00.000Z,40000,40000,1 family dwelling,1 family dwelling,2,9,Bernal Heights,94110,"{'latitude': '37.74629885482387', 'longitude': '-122.41376893070242', 'human_address': '{""address"": """", ""city"": """", ""state"": """", ""zip"": """"}'}",1.08E+12,,2,2,1,1,5,wood frame (5),5,wood frame (5),2008-06-23T00:00:00.000,,,,,
5ea2077ec2aeecdcc61c5b7a,2.01E+11,8,otc alterations permit,2007-01-09T00:00:00.000,150,1,1001,Vallejo,St,"install new closets/cabinets his&hers. replace exist dryrot window & french doors with new of master bedroom. take out exist zero clearence fireplace.install new fixtures & cabinets in master bathroom.install new sheetrock, trim, door, paint etc as needed. on 3rd floor. no structural work.",expired,2009-03-17T00:00:00.000,2007-01-09T00:00:00.000,2007-01-09T00:00:00.000,2007-07-09T00:00:00.000Z,10000,10000,1 family dwelling,1 family dwelling,0,3,Nob Hill,94133,"{'latitude': '37.797690134141064', 'longitude': '-122.4139586712082', 'human_address': '{""address"": """", ""city"": """", ""state"": """", ""zip"": """"}'}",1.08E+12,0,4,4,1,1,5,wood frame (5),5,wood frame (5),,,,,,
5ea2077ec2aeecdcc61c5b7b,2.01E+11,8,otc alterations permit,2007-01-09T00:00:00.000,8706,1,255,King,St,altheration to existing fire sprinkler system for fury tales at 225 king st,complete,2007-04-20T00:00:00.000,2007-01-09T00:00:00.000,2007-01-09T00:00:00.000,2007-05-09T00:00:00.000Z,3000,3000,food/beverage hndlng,food/beverage hndlng,2,,,,,1.08E+12,,1,1,0,0,3,constr type 3,3,constr type 3,2007-04-20T00:00:00.000,,,,,
5ea2077ec2aeecdcc61c5b7c,2.01E+11,8,otc alterations permit,2007-01-09T00:00:00.000,1732,38,1230,19th,Av,install fire alarm system to new building.,complete,2008-01-25T00:00:00.000,2007-01-09T00:00:00.000,2007-01-09T00:00:00.000,2007-07-09T00:00:00.000Z,8000,8000,apartments,apartments,2,4,Inner Sunset,94122,"{'latitude': '37.76475098897441', 'longitude': '-122.476879531183', 'human_address': '{""address"": """", ""city"": """", ""state"": """", ""zip"": """"}'}",1.08E+12,,4,4,3,3,5,wood frame (5),5,wood frame (5),2008-01-25T00:00:00.000,,,,,
5ea2077ec2aeecdcc61c5b7d,2.01E+11,8,otc alterations permit,2007-01-09T00:00:00.000,1732,38,1230,19th,Av,install fire alarm system to new building.,complete,2008-01-25T00:00:00.000,2007-01-09T00:00:00.000,2007-01-09T00:00:00.000,2007-07-09T00:00:00.000Z,8000,8000,apartments,apartments,2,4,Inner Sunset,94122,"{'latitude': '37.76475098897441', 'longitude': '-122.476879531183', 'human_address': '{""address"": """", ""city"": """", ""state"": """", ""zip"": """"}'}",1.08E+12,,4,4,3,3,5,wood frame (5),5,wood frame (5),2008-01-25T00:00:00.000,,,A,,
5ea2077ec2aeecdcc61c5b7e,2.01E+11,8,otc alterations permit,2007-01-09T00:00:00.000,1732,38,1230,19th,Av,install fire alarm system to new building.,complete,2008-01-25T00:00:00.000,2007-01-09T00:00:00.000,2007-01-09T00:00:00.000,2007-07-09T00:00:00.000Z,8000,8000,apartments,apartments,2,4,Inner Sunset,94122,"{'latitude': '37.76475098897441', 'longitude': '-122.476879531183', 'human_address': '{""address"": """", ""city"": """", ""state"": """", ""zip"": """"}'}",1.08E+12,,4,4,3,3,5,wood frame (5),5,wood frame (5),2008-01-25T00:00:00.000,,,B,,
5ea2077ec2aeecdcc61c5b7f,2.01E+11,8,otc alterations permit,2007-01-09T00:00:00.000,3735,59,201,03rd,St,"10th floor - addition/relocation of fire alarm devices to existing fire alarm panel i.i. on the 10th floor. 3 smokes, 16 speakers, 18 strobes.",complete,2007-06-15T00:00:00.000,2007-01-09T00:00:00.000,2007-01-09T00:00:00.000,2007-07-09T00:00:00.000Z,7100,7100,office,office,2,6,Financial District/South Beach,94105,"{'latitude': '37.78505019968743', 'longitude': '-122.39981703570176', 'human_address': '{""address"": """", ""city"": """", ""state"": """", ""zip"": """"}'}",1.08E+12,,12,12,0,0,1,constr type 1,1,constr type 1,2007-06-15T00:00:00.000,,,,,
5ea2077ec2aeecdcc61c5b80,2.01E+11,8,otc alterations permit,2007-01-09T00:00:00.000,3501,2,30,Guerrero,St,install fire alarm system to new building.,issued,2007-01-09T00:00:00.000,2007-01-09T00:00:00.000,2007-01-09T00:00:00.000,2007-07-09T00:00:00.000Z,8000,8000,apartments,apartments,2,8,Mission,94103,"{'latitude': '37.770149558214804', 'longitude': '-122.4249916224382', 'human_address': '{""address"": """", ""city"": """", ""state"": """", ""zip"": """"}'}",1.08E+12,,4,4,3,3,5,wood frame (5),5,wood frame (5),,,,,,
5ea2077ec2aeecdcc61c5b81,2.01E+11,8,otc alterations permit,2007-01-09T00:00:00.000,3788,44,680,02nd,St,install preaction defection and notification devices to 2nd floor server room #211. pre-action riser located in room 206. 200611147579,complete,2007-07-24T00:00:00.000,2007-01-09T00:00:00.000,2007-01-09T00:00:00.000,2007-05-09T00:00:00.000Z,1000,1000,office,office,2,6,Financial District/South Beach,94107,"{'latitude': '37.78069682790208', 'longitude': '-122.39123177386239', 'human_address': '{""address"": """", ""city"": """", ""state"": """", ""zip"": """"}'}",1.08E+12,,5,5,0,0,4,constr type 4,4,constr type 4,2007-07-24T00:00:00.000,,,,,
5ea2077ec2aeecdcc61c5b82,2.01E+11,8,otc alterations permit,2007-01-09T00:00:00.000,238,1,275,Battery,St,"oti-4 8th floor, ls.",complete,2007-01-18T00:00:00.000,2007-01-09T00:00:00.000,2007-01-09T00:00:00.000,2007-07-09T00:00:00.000Z,10000,10000,office,office,2,3,Financial District/South Beach,94104,"{'latitude': '37.79386287007624', 'longitude': '-122.40037373607429', 'human_address': '{""address"": """", ""city"": """", ""state"": """", ""zip"": """"}'}",1.08E+12,0,30,30,0,0,1,constr type 1,1,constr type 1,2007-01-18T00:00:00.000,,,,,
5ea2077ec2aeecdcc61c5b83,2.01E+11,8,otc alterations permit,2007-01-09T00:00:00.000,288,31,101,Montgomery,St,"install l/s system modifications at 101 montgomery street, 25th fl, smug. dual sync moduile, stock powerr supply, smoke detectors, ceiling mounted speakers/strobes, ceiling mounted speakers, wall mounted, multi-candela strobes, manual pull station & duct detector.",complete,2007-03-20T00:00:00.000,2007-01-09T00:00:00.000,2007-01-09T00:00:00.000,2007-07-09T00:00:00.000Z,22000,22000,office,office,2,3,Financial District/South Beach,94104,"{'latitude': '37.7904273103482', 'longitude': '-122.4024849891295', 'human_address': '{""address"": """", ""city"": """", ""state"": """", ""zip"": """"}'}",1.08E+11,,28,28,0,0,1,constr type 1,1,constr type 1,2007-03-20T00:00:00.000,,,,,
5ea2077ec2aeecdcc61c5b84,2.01E+11,8,otc alterations permit,2007-01-09T00:00:00.000,235,22,50,California,St,replace fan control panel in lobby.,expired,2008-03-10T00:00:00.000,2007-01-09T00:00:00.000,2007-01-09T00:00:00.000,2007-07-09T00:00:00.000Z,25000,25000,office,office,2,3,Financial District/South Beach,94111,"{'latitude': '37.79404266584037', 'longitude': '-122.39735993086317', 'human_address': '{""address"": """", ""city"": """", ""state"": """", ""zip"": """"}'}",1.08E+11,,37,37,0,0,1,constr type 1,1,constr type 1,,,,,,
5ea2077ec2aeecdcc61c5b85,2.01E+11,8,otc alterations permit,2007-01-09T00:00:00.000,3708,29,71,Stevenson,St,update fire alarm/speaker-speaker/strobe coverage in the suite 1510 to meet new layout,complete,2007-07-20T00:00:00.000,2007-01-09T00:00:00.000,2007-01-09T00:00:00.000,2007-07-09T00:00:00.000Z,17000,17000,office,office,2,6,Financial District/South Beach,94105,"{'latitude': '37.789151538080056', 'longitude': '-122.39974336319945', 'human_address': '{""address"": """", ""city"": """", ""state"": """", ""zip"": """"}'}",1.08E+12,,23,23,0,0,1,constr type 1,1,constr type 1,2007-07-20T00:00:00.000,,,,,
5ea2077ec2aeecdcc61c5b86,2.01E+11,8,otc alterations permit,2007-01-09T00:00:00.000,3717,21,150,Spear,St,"as builts per field inspector. revised  circuuitry from three visual circuits down to two visual circuits, 14th fl",complete,2007-09-12T00:00:00.000,2007-01-09T00:00:00.000,2007-01-09T00:00:00.000,2007-05-09T00:00:00.000Z,1,1,office,office,2,6,Financial District/South Beach,94105,"{'latitude': '37.79175339067497', 'longitude': '-122.39361386013451', 'human_address': '{""address"": """", ""city"": """", ""state"": """", ""zip"": """"}'}",1.08E+12,,17,17,0,0,1,constr type 1,1,constr type 1,2007-09-12T00:00:00.000,,,,,
5ea2077ec2aeecdcc61c5b87,2.01E+11,8,otc alterations permit,2007-01-09T00:00:00.000,288,32,333,Bush,St,"oti-3, acheive global, 15th floor, ls.",complete,2007-05-30T00:00:00.000,2007-01-09T00:00:00.000,2007-01-09T00:00:00.000,2007-05-09T00:00:00.000Z,4000,4000,office,office,2,3,Financial District/South Beach,94108,"{'latitude': '37.79057472898199', 'longitude': '-122.4031096060195', 'human_address': '{""address"": """", ""city"": """", ""state"": """", ""zip"": """"}'}",1.08E+12,,44,44,0,0,1,constr type 1,1,constr type 1,2007-05-30T00:00:00.000,,,,,
5ea2077ec2aeecdcc61c5b88,2.01E+11,8,otc alterations permit,2007-01-09T00:00:00.000,208,26,601,Montgomery,St,"fire alarm t.i. for all capital on 3/f (partial floor tenant). 1 addressable relay, 3 smoke, 1 duct detector, 5 strobes, 6 speakers.",complete,2007-03-15T00:00:00.000,2007-01-09T00:00:00.000,2007-01-09T00:00:00.000,2007-07-09T00:00:00.000Z,8725.5,8725.5,office,office,2,3,Chinatown,94111,"{'latitude': '37.794836064028274', 'longitude': '-122.40352689641819', 'human_address': '{""address"": """", ""city"": """", ""state"": """", ""zip"": """"}'}",1.08E+11,,20,20,0,0,1,constr type 1,1,constr type 1,2007-03-15T00:00:00.000,,,,,
5ea2077ec2aeecdcc61c5b89,2.01E+11,8,otc alterations permit,2007-01-09T00:00:00.000,288,33,333,Bush,St,isolate fireman's phonejack riser.,complete,2007-04-23T00:00:00.000,2007-01-09T00:00:00.000,2007-01-09T00:00:00.000,2007-07-09T00:00:00.000Z,20000,20000,office,office,2,3,Financial District/South Beach,94108,"{'latitude': '37.79057472898199', 'longitude': '-122.4031096060195', 'human_address': '{""address"": """", ""city"": """", ""state"": """", ""zip"": """"}'}",1.08E+11,,44,44,16,16,1,constr type 1,1,constr type 1,2007-04-23T00:00:00.000,,,,,
5ea2077ec2aeecdcc61c5b8a,2.01E+11,8,otc alterations permit,2007-01-09T00:00:00.000,3717,21,150,Spear,St,"addition jof fire alarm devices for 10th floor, 17- strobes, 5-speakers, 2 smoke dectorrs, 2 control module.",complete,2007-08-21T00:00:00.000,2007-01-09T00:00:00.000,2007-01-09T00:00:00.000,2007-07-09T00:00:00.000Z,8000,8000,office,office,2,6,Financial District/South Beach,94105,"{'latitude': '37.79175339067497', 'longitude': '-122.39361386013451', 'human_address': '{""address"": """", ""city"": """", ""state"": """", ""zip"": """"}'}",1.08E+12,,17,17,0,0,1,constr type 1,1,constr type 1,2007-08-21T00:00:00.000,,,,,
5ea2077ec2aeecdcc61c5b8b,M53362,8,otc alterations permit,2007-01-09T00:00:00.000,798,8,924,Grove,St,streetspace,issued,2007-01-09T00:00:00.000,2007-01-09T00:00:00.000,2007-01-09T00:00:00.000,,,0,,,,5,Hayes Valley,94117,"{'latitude': '37.77694524405894', 'longitude': '-122.4319717123063', 'human_address': '{""address"": """", ""city"": """", ""state"": """", ""zip"": """"}'}",1.08E+11,,,,,,,,,,,,,,,
5ea2077ec2aeecdcc61c5b8c,2.01E+11,8,otc alterations permit,2007-01-09T00:00:00.000,479,1,2975,Van Ness,Av,"work @ unit# 1 only. 1 kitchen: upgrade kitchen cab, kitchen sink, flooring & counters. 1 bathroom: upgrade bath tub tiled walls, flooring & plumbing fixtures. in kind. if lighting fixtures being replaced. kitchen 1/2 of wattage to be fluorescent. bathroom to be fluorescant or on occupant sensor.",complete,2007-02-08T00:00:00.000,2007-01-09T00:00:00.000,2007-01-09T00:00:00.000,2007-07-09T00:00:00.000Z,13500,13500,apartments,apartments,0,2,Marina,94123,"{'latitude': '37.80301146358324', 'longitude': '-122.42529094050897', 'human_address': '{""address"": """", ""city"": """", ""state"": """", ""zip"": """"}'}",1.08E+11,,3,3,21,21,5,wood frame (5),5,wood frame (5),2007-02-08T00:00:00.000,,,,,
5ea2077ec2aeecdcc61c5b8d,2.01E+11,8,otc alterations permit,2007-01-09T00:00:00.000,1529,34,446,16th,Av,"remove & replace 6 windows: 1 casement & 5 double hung. all replacements. are wood & like for like replacements, no change in the size or location of the opening. at front .67 factor min.",issued,2007-01-09T00:00:00.000,2007-01-09T00:00:00.000,2007-01-09T00:00:00.000,2007-07-09T00:00:00.000Z,11552,11552,1 family dwelling,1 family dwelling,0,1,Outer Richmond,94118,"{'latitude': '37.77958527673871', 'longitude': '-122.47470044709362', 'human_address': '{""address"": """", ""city"": """", ""state"": """", ""zip"": """"}'}",1.08E+12,,2,2,1,1,5,wood frame (5),5,wood frame (5),,,,,,
5ea2077ec2aeecdcc61c5b8e,M53363,8,otc alterations permit,2007-01-09T00:00:00.000,1241,1,1007,Haight,St,street space,issued,2007-01-09T00:00:00.000,2007-01-09T00:00:00.000,2007-01-09T00:00:00.000,,,0,,,,5,Haight Ashbury,94117,"{'latitude': '37.770810677922334', 'longitude': '-122.4389197751698', 'human_address': '{""address"": """", ""city"": """", ""state"": """", ""zip"": """"}'}",10793582383,,,,,,,,,,,,,,,
5ea2077ec2aeecdcc61c5b8f,M53367,8,otc alterations permit,2007-01-09T00:00:00.000,6247,13,156,Leland,Av,sidewalk permit only.,issued,2007-01-09T00:00:00.000,2007-01-09T00:00:00.000,2007-01-09T00:00:00.000,,,0,,,,10,Visitacion Valley,94134,"{'latitude': '37.7125087366219', 'longitude': '-122.40648054207259', 'human_address': '{""address"": """", ""city"": """", ""state"": """", ""zip"": """"}'}",1.08E+12,,,,,,,,,,,,,,,
5ea2077ec2aeecdcc61c5b90,2.01E+11,8,otc alterations permit,2007-01-09T00:00:00.000,0436E,20,3670,Fillmore,St,"work in unit #5- install 5 vinyl windows in kind into existing frames. no change in size or location. windows do not face street. if applicable,  bedroom windows will comply with section 310.4 for rescue. all windows will be double pane and have a u-factor of .30.",issued,2007-01-09T00:00:00.000,2007-01-09T00:00:00.000,2007-01-09T00:00:00.000,2007-05-09T00:00:00.000Z,2375,2375,apartments,apartments,0,2,Marina,94123,"{'latitude': '37.80401532910961', 'longitude': '-122.43658939948662', 'human_address': '{""address"": """", ""city"": """", ""state"": """", ""zip"": """"}'}",1.08E+11,,3,3,7,7,5,wood frame (5),5,wood frame (5),,,,,,
5ea2077ec2aeecdcc61c5b91,2.01E+11,8,otc alterations permit,2007-01-09T00:00:00.000,6550,8,16,Clipper,St,renew pa# 2006/07/03/5590 & pa# 2004/07/23/9655 for final inspection only.,complete,2007-09-13T00:00:00.000,2007-01-09T00:00:00.000,2007-01-09T00:00:00.000,2007-05-09T00:00:00.000Z,1,1,2 family dwelling,2 family dwelling,0,8,Noe Valley,94114,"{'latitude': '37.74953910488964', 'longitude': '-122.42542523511317', 'human_address': '{""address"": """", ""city"": """", ""state"": """", ""zip"": """"}'}",1.08E+12,,2,2,2,2,5,wood frame (5),5,wood frame (5),2007-09-13T00:00:00.000,,,,,
5ea2077ec2aeecdcc61c5b92,2.01E+11,8,otc alterations permit,2007-01-09T00:00:00.000,6550,8,18,Clipper,St,renew pa# 2006/07/03/5590 & pa# 2004/07/23/9655 for final inspection only.,complete,2007-09-13T00:00:00.000,2007-01-09T00:00:00.000,2007-01-09T00:00:00.000,2007-05-09T00:00:00.000Z,1,1,2 family dwelling,2 family dwelling,0,8,Noe Valley,94114,"{'latitude': '37.74953910488964', 'longitude': '-122.42542523511317', 'human_address': '{""address"": """", ""city"": """", ""state"": """", ""zip"": """"}'}",1.08E+12,,2,2,2,2,5,wood frame (5),5,wood frame (5),2007-09-13T00:00:00.000,,,,,
5ea2077ec2aeecdcc61c5b93,2.01E+11,8,otc alterations permit,2007-01-09T00:00:00.000,288,31,101,Montgomery,St,oti-2 25/f me,complete,2007-03-20T00:00:00.000,2007-01-09T00:00:00.000,2007-01-09T00:00:00.000,2008-01-09T00:00:00.000Z,60000,60000,office,office,2,3,Financial District/South Beach,94104,"{'latitude': '37.7904273103482', 'longitude': '-122.4024849891295', 'human_address': '{""address"": """", ""city"": """", ""state"": """", ""zip"": """"}'}",1.08E+11,,28,28,0,0,1,constr type 1,1,constr type 1,2007-03-20T00:00:00.000,,,,,
5ea2077ec2aeecdcc61c5b94,M53364,8,otc alterations permit,2007-01-09T00:00:00.000,1431,22,132,Clement,St,sidewalk permit only.,issued,2007-01-09T00:00:00.000,2007-01-09T00:00:00.000,2007-01-09T00:00:00.000,,,0,,,,1,Inner Richmond,94118,"{'latitude': '37.78336295546467', 'longitude': '-122.46077703744595', 'human_address': '{""address"": """", ""city"": """", ""state"": """", ""zip"": """"}'}",1.08E+11,,,,,,,,,,,,,,,
5ea2077ec2aeecdcc61c5b95,M53365,8,otc alterations permit,2007-01-09T00:00:00.000,1247,23,1677,Haight,St,sidewalk permit only.,issued,2007-01-09T00:00:00.000,2007-01-09T00:00:00.000,2007-01-09T00:00:00.000,,,0,,,,5,Haight Ashbury,94117,"{'latitude': '37.769358471292236', 'longitude': '-122.4501792520178', 'human_address': '{""address"": """", ""city"": """", ""state"": """", ""zip"": """"}'}",1.08E+11,,,,,,,,,,,,,,,
5ea2077ec2aeecdcc61c5b96,M53365,8,otc alterations permit,2007-01-09T00:00:00.000,1247,23,1681,Haight,St,sidewalk permit only.,issued,2007-01-09T00:00:00.000,2007-01-09T00:00:00.000,2007-01-09T00:00:00.000,,,0,,,,5,Haight Ashbury,94117,"{'latitude': '37.769358471292236', 'longitude': '-122.4501792520178', 'human_address': '{""address"": """", ""city"": """", ""state"": """", ""zip"": """"}'}",1.08E+12,,,,,,,,,,,,,,,
5ea2077ec2aeecdcc61c5b97,2.01E+11,8,otc alterations permit,2007-01-09T00:00:00.000,1157,002A,1819,Golden Gate,Av,2 kitchen and 2 bathroom remodel apt#3 & 10. no structural work . no lighting work.,complete,2007-05-07T00:00:00.000,2007-01-09T00:00:00.000,2007-01-09T00:00:00.000,2007-07-09T00:00:00.000Z,24000,24000,apartments,apartments,0,5,Western Addition,94115,"{'latitude': '37.77823690321366', 'longitude': '-122.44055193530389', 'human_address': '{""address"": """", ""city"": """", ""state"": """", ""zip"": """"}'}",1.08E+12,,4,4,16,16,5,wood frame (5),5,wood frame (5),2007-05-07T00:00:00.000,,,,,
5ea2077ec2aeecdcc61c5b98,2.01E+11,8,otc alterations permit,2007-01-09T00:00:00.000,6551,4,1272,Dolores,St,to comply nov #200683342 (partial) - install 4 2xledger strong back on (e) post @ rear deck/stair as temporary shoring under direction of structural engineer pat buscovich. shoring to be removed after permanent fix under seperate permit.,issued,2007-01-09T00:00:00.000,2007-01-09T00:00:00.000,2007-01-09T00:00:00.000,2007-05-09T00:00:00.000Z,250,250,2 family dwelling,2 family dwelling,0,8,Noe Valley,94114,"{'latitude': '37.74901647528768', 'longitude': '-122.42526578375357', 'human_address': '{""address"": """", ""city"": """", ""state"": """", ""zip"": """"}'}",1.08E+12,,3,3,2,2,5,wood frame (5),5,wood frame (5),,,,,,
5ea2077ec2aeecdcc61c5b99,2.01E+11,8,otc alterations permit,2007-01-09T00:00:00.000,6551,4,1274,Dolores,St,to comply nov #200683342 (partial) - install 4 2xledger strong back on (e) post @ rear deck/stair as temporary shoring under direction of structural engineer pat buscovich. shoring to be removed after permanent fix under seperate permit.,issued,2007-01-09T00:00:00.000,2007-01-09T00:00:00.000,2007-01-09T00:00:00.000,2007-05-09T00:00:00.000Z,250,250,2 family dwelling,2 family dwelling,0,8,Noe Valley,94114,"{'latitude': '37.74901647528768', 'longitude': '-122.42526578375357', 'human_address': '{""address"": """", ""city"": """", ""state"": """", ""zip"": """"}'}",1.08E+12,,3,3,2,2,5,wood frame (5),5,wood frame (5),,,,,,
5ea2077ec2aeecdcc61c5b9a,M53366,8,otc alterations permit,2007-01-09T00:00:00.000,179,010A,818,Jackson,St,street space,issued,2007-01-09T00:00:00.000,2007-01-09T00:00:00.000,2007-01-09T00:00:00.000,,,0,,,,3,Chinatown,94133,"{'latitude': '37.7959171279956', 'longitude': '-122.4086451446356', 'human_address': '{""address"": """", ""city"": """", ""state"": """", ""zip"": """"}'}",1.08E+11,,,,,,,,,,,,,,,
5ea2077ec2aeecdcc61c5b9b,2.01E+11,8,otc alterations permit,2007-01-09T00:00:00.000,1105,26,100,Masonic,Av,new fire alarm system 1-3 floors,issued,2007-01-09T00:00:00.000,2007-01-09T00:00:00.000,2007-01-09T00:00:00.000,2007-07-09T00:00:00.000Z,6500,6500,nursing home lte 6,nursing home lte 6,2,2,Lone Mountain/USF,94118,"{'latitude': '37.78068531725114', 'longitude': '-122.44687919369679', 'human_address': '{""address"": """", ""city"": """", ""state"": """", ""zip"": """"}'}",1.08E+11,,3,3,0,0,2,constr type 2,2,constr type 2,,,,,,
5ea2077ec2aeecdcc61c5b9c,2.01E+11,3,additions alterations or repairs,2007-01-09T00:00:00.000,3546,2,370,Valencia,St,"""as built"" drawings being submmitd per the direction of the sffd field inspector. all changes clouded in revised plans submitted (2) revised plan sets. (1)  original approved plan set app#20031208184455 thru 20031208185955.",complete,2007-04-23T00:00:00.000,2007-01-09T00:00:00.000,2007-03-06T00:00:00.000,2007-07-06T00:00:00.000Z,100,100,apartments,apartments,2,8,Mission,94103,"{'latitude': '37.7670971405869', 'longitude': '-122.42320933961997', 'human_address': '{""address"": """", ""city"": """", ""state"": """", ""zip"": """"}'}",1.08E+12,0,4,4,260,260,5,wood frame (5),5,wood frame (5),2007-04-23T00:00:00.000,,,,,
5ea2077ec2aeecdcc61c5b9d,2.01E+11,3,additions alterations or repairs,2007-01-09T00:00:00.000,3546,2,390,Valencia,St,"""as built"" drawings being submmitd per the direction of the sffd field inspector. all changes clouded in revised plans submitted (2) revised plan sets. (1)  original approved plan set app#20031208184455 thru 20031208185955.",complete,2007-04-23T00:00:00.000,2007-01-09T00:00:00.000,2007-03-06T00:00:00.000,2007-07-06T00:00:00.000Z,100,100,apartments,apartments,2,8,Mission,94103,"{'latitude': '37.7670971405869', 'longitude': '-122.42320933961997', 'human_address': '{""address"": """", ""city"": """", ""state"": """", ""zip"": """"}'}",1.08E+12,,4,4,260,260,5,wood frame (5),5,wood frame (5),2007-04-23T00:00:00.000,,,,,
5ea2077ec2aeecdcc61c5b9e,2.01E+11,8,otc alterations permit,2007-01-09T00:00:00.000,7549,10,210,Moffitt,St,"remodel existing kitchen and two bathrooms, replce some windows & doors windows not visible from street, windows u factor =0.42",complete,2007-08-07T00:00:00.000,2007-01-09T00:00:00.000,2007-01-09T00:00:00.000,2007-07-09T00:00:00.000Z,16000,19000,1 family dwelling,1 family dwelling,2,8,Glen Park,94131,"{'latitude': '37.73855822003928', 'longitude': '-122.43427017734508', 'human_address': '{""address"": """", ""city"": """", ""state"": """", ""zip"": """"}'}",1.08E+12,,3,3,1,1,5,wood frame (5),5,wood frame (5),2007-08-07T00:00:00.000,,,,,
5ea2077ec2aeecdcc61c5b9f,2.01E+11,8,otc alterations permit,2007-01-09T00:00:00.000,289,5,120,Montgomery,St,install a voice message module onto the existing life safety system. this will allow the system to activate a pre-recorded warning/evacuation message automatically to the fire alarm speakers. no new field devices or electrical work is req with this project.,expired,2009-04-07T00:00:00.000,2007-01-09T00:00:00.000,2007-01-09T00:00:00.000,2007-07-09T00:00:00.000Z,6000,6000,office,office,2,3,Financial District/South Beach,94104,"{'latitude': '37.79034626108446', 'longitude': '-122.40185018922449', 'human_address': '{""address"": """", ""city"": """", ""state"": """", ""zip"": """"}'}",1.08E+11,,25,25,0,0,1,constr type 1,1,constr type 1,,,,,,
5ea2077ec2aeecdcc61c5ba0,M53368,8,otc alterations permit,2007-01-09T00:00:00.000,221,32,1265,Clay,St,sidewalk permit only.,issued,2007-01-09T00:00:00.000,2007-01-09T00:00:00.000,2007-01-09T00:00:00.000,,,0,,,,3,Nob Hill,94108,"{'latitude': '37.79316037415538', 'longitude': '-122.41377493356613', 'human_address': '{""address"": """", ""city"": """", ""state"": """", ""zip"": """"}'}",1.08E+12,,,,,,,,,,,,,,,
5ea2077ec2aeecdcc61c5ba1,M53369,8,otc alterations permit,2007-01-09T00:00:00.000,200,14,460,Davis,St,street space permit only.,issued,2007-01-09T00:00:00.000,2007-01-09T00:00:00.000,2007-01-09T00:00:00.000,,,0,,,,3,Financial District/South Beach,94111,"{'latitude': '37.79669693582685', 'longitude': '-122.39777129258873', 'human_address': '{""address"": """", ""city"": """", ""state"": """", ""zip"": """"}'}",1.08E+12,,,,,,,,,,,,,,,
5ea2077ec2aeecdcc61c5ba2,2.01E+11,8,otc alterations permit,2007-01-09T00:00:00.000,3182,22,106,Edna,St,"replace 18' mudsill on north foundation. bolt mudsill on north foundation 3/4"" bolt 3/4 nut. /2"" washer 6"" from edge every 4'. 24 ft x4ft sheerwall on north garage wall  3/4"" penny nails 12' field & remove window on north east garage wall-replace siding in fill wall.",complete,2007-03-29T00:00:00.000,2007-01-09T00:00:00.000,2007-01-09T00:00:00.000,2007-05-09T00:00:00.000Z,1000,1000,1 family dwelling,1 family dwelling,0,7,West of Twin Peaks,94112,"{'latitude': '37.72766312661256', 'longitude': '-122.44627686117192', 'human_address': '{""address"": """", ""city"": """", ""state"": """", ""zip"": """"}'}",1.08E+12,,3,3,1,1,5,wood frame (5),5,wood frame (5),2007-03-29T00:00:00.000,,,,,
5ea2077ec2aeecdcc61c5ba3,2.01E+11,8,otc alterations permit,2007-01-09T00:00:00.000,3633,19,1007,Guerrero,St,interior tenant improvement for an extg restaurant work included. add a restroom and service counter/cashier to comply with accessibility requirments. also provide access. entrance with a power door operator as required,complete,2007-02-15T00:00:00.000,2007-01-09T00:00:00.000,2007-01-09T00:00:00.000,2008-01-09T00:00:00.000Z,27950,27950,food/beverage hndlng,food/beverage hndlng,2,8,Mission,94110,"{'latitude': '37.754941013604814', 'longitude': '-122.4229300094842', 'human_address': '{""address"": """", ""city"": """", ""state"": """", ""zip"": """"}'}",1.08E+12,,2,2,4,4,5,wood frame (5),5,wood frame (5),2007-02-15T00:00:00.000,,,,,
5ea2077ec2aeecdcc61c5ba4,M53370,8,otc alterations permit,2007-01-09T00:00:00.000,805,17,780,Hayes,St,sidewalk permit only.,issued,2007-01-09T00:00:00.000,2007-01-09T00:00:00.000,2007-01-09T00:00:00.000,,,0,,,,5,Hayes Valley,94102,"{'latitude': '37.776273943124366', 'longitude': '-122.4292539238226', 'human_address': '{""address"": """", ""city"": """", ""state"": """", ""zip"": """"}'}",1.08E+11,,,,,,,,,,,,,,,
5ea2077ec2aeecdcc61c5ba5,M53370,8,otc alterations permit,2007-01-09T00:00:00.000,805,17,788,Hayes,St,sidewalk permit only.,issued,2007-01-09T00:00:00.000,2007-01-09T00:00:00.000,2007-01-09T00:00:00.000,,,0,,,,5,Hayes Valley,94102,"{'latitude': '37.776273943124366', 'longitude': '-122.4292539238226', 'human_address': '{""address"": """", ""city"": """", ""state"": """", ""zip"": """"}'}",1.08E+12,0,,,,,,,,,,,,,,
5ea2077ec2aeecdcc61c5ba6,M53371,8,otc alterations permit,2007-01-09T00:00:00.000,3210,22,215,Otsego,Av,sidewalk repair,issued,2007-01-09T00:00:00.000,2007-01-09T00:00:00.000,2007-01-09T00:00:00.000,,,0,,,,11,Outer Mission,94112,"{'latitude': '37.724227700505466', 'longitude': '-122.44027328663833', 'human_address': '{""address"": """", ""city"": """", ""state"": """", ""zip"": """"}'}",1.08E+12,,,,,,,,,,,,,,,
5ea2077ec2aeecdcc61c5ba7,M53372,8,otc alterations permit,2007-01-09T00:00:00.000,6246,10,234,Leland,Av,sidewalk permit only.,issued,2007-01-09T00:00:00.000,2007-01-09T00:00:00.000,2007-01-09T00:00:00.000,,,0,,,,10,Visitacion Valley,94134,"{'latitude': '37.71296718404352', 'longitude': '-122.40803912225935', 'human_address': '{""address"": """", ""city"": """", ""state"": """", ""zip"": """"}'}",1.08E+12,,,,,,,,,,,,,,,
5ea2077ec2aeecdcc61c5ba8,M53373,8,otc alterations permit,2007-01-09T00:00:00.000,1381,39,2023,Lake,St,street space permit only.,issued,2007-01-09T00:00:00.000,2007-01-09T00:00:00.000,2007-01-09T00:00:00.000,,,0,,,,1,Outer Richmond,94121,"{'latitude': '37.78567519132993', 'longitude': '-122.48125580862286', 'human_address': '{""address"": """", ""city"": """", ""state"": """", ""zip"": """"}'}",1.08E+11,,,,,,,,,,,,,,,
5ea2077ec2aeecdcc61c5ba9,2.01E+11,8,otc alterations permit,2007-01-09T00:00:00.000,3148,6,2,Norton,St,reroofing.,expired,2007-09-25T00:00:00.000,2007-01-09T00:00:00.000,2007-01-09T00:00:00.000,2007-07-09T00:00:00.000Z,7300,7300,apartments,apartments,0,11,Outer Mission,94112,"{'latitude': '37.72480483951474', 'longitude': '-122.43507398658086', 'human_address': '{""address"": """", ""city"": """", ""state"": """", ""zip"": """"}'}",1.08E+12,,,,,,,,,,,,,,,
5ea2077ec2aeecdcc61c5baa,2.01E+11,8,otc alterations permit,2007-01-09T00:00:00.000,3148,6,4,Norton,St,reroofing.,expired,2007-09-25T00:00:00.000,2007-01-09T00:00:00.000,2007-01-09T00:00:00.000,2007-07-09T00:00:00.000Z,7300,7300,apartments,apartments,0,11,Outer Mission,94112,"{'latitude': '37.72480483951474', 'longitude': '-122.43507398658086', 'human_address': '{""address"": """", ""city"": """", ""state"": """", ""zip"": """"}'}",1.08E+12,,,,,,,,,,,,,,,
5ea2077ec2aeecdcc61c5bab,2.01E+11,8,otc alterations permit,2007-01-09T00:00:00.000,6089,30,519,Edinburg,St,"(n) family room (n) bedroom (n) bathroom at garage level. drop floor level to provide min 7'6"" headroom.",complete,2007-07-24T00:00:00.000,2007-01-09T00:00:00.000,2007-01-09T00:00:00.000,2008-01-09T00:00:00.000Z,58000,58000,1 family dwelling,1 family dwelling,2,11,Excelsior,94112,"{'latitude': '37.720782273796104', 'longitude': '-122.43200736480587', 'human_address': '{""address"": """", ""city"": """", ""state"": """", ""zip"": """"}'}",1.08E+12,,2,2,1,1,5,wood frame (5),5,wood frame (5),2007-07-24T00:00:00.000,,,,,
5ea2077ec2aeecdcc61c5bac,M53374,8,otc alterations permit,2007-01-09T00:00:00.000,471,002D,1530,Francisco,St,street space permit only.,issued,2007-01-09T00:00:00.000,2007-01-09T00:00:00.000,2007-01-09T00:00:00.000,,,0,,,,2,Marina,94123,"{'latitude': '37.80273917668318', 'longitude': '-122.43048958220518', 'human_address': '{""address"": """", ""city"": """", ""state"": """", ""zip"": """"}'}",1.08E+11,,,,,,,,,,,,,,,
5ea2077ec2aeecdcc61c5bad,2.01E+11,8,otc alterations permit,2007-01-09T00:00:00.000,233,44,4,Embarcadero Center,,"revision- ti on fire spkr system (upgrade) sandler foundation suite 3150 (#3327) relocate -1 o hd, 1 add, 1 delete total 11 hd revision to 200611308787",complete,2007-03-13T00:00:00.000,2007-01-09T00:00:00.000,2007-01-09T00:00:00.000,2007-05-09T00:00:00.000Z,1000,1000,office,office,2,3,Financial District/South Beach,94111,"{'latitude': '37.79506002552974', 'longitude': '-122.39593224461805', 'human_address': '{""address"": """", ""city"": """", ""state"": """", ""zip"": """"}'}",1.08E+11,,34,34,0,0,1,constr type 1,1,constr type 1,2007-03-13T00:00:00.000,,,,,
5ea2077ec2aeecdcc61c5bae,2.01E+11,8,otc alterations permit,2007-01-09T00:00:00.000,264,4,1,California,St,oti-3 24th floor ls,complete,2007-03-02T00:00:00.000,2007-01-09T00:00:00.000,2007-01-09T00:00:00.000,2007-07-09T00:00:00.000Z,8000,8000,office,office,2,3,Financial District/South Beach,94111,"{'latitude': '37.79311984802232', 'longitude': '-122.39697498027529', 'human_address': '{""address"": """", ""city"": """", ""state"": """", ""zip"": """"}'}",1.08E+11,,37,37,0,0,1,constr type 1,1,constr type 1,2007-03-02T00:00:00.000,,,,,
5ea2077ec2aeecdcc61c5baf,2.01E+11,8,otc alterations permit,2007-01-09T00:00:00.000,2769,47,465,Diamond,St,"remove portion of deck (appl#200609212988). pour concrete slab for new hot tub, install hot tub (pre manufactured). rebuild deck per plan.",complete,2007-04-23T00:00:00.000,2007-01-09T00:00:00.000,2007-01-09T00:00:00.000,2007-07-09T00:00:00.000Z,7000,7000,1 family dwelling,1 family dwelling,2,8,Noe Valley,94114,"{'latitude': '37.755008328406134', 'longitude': '-122.43630873980348', 'human_address': '{""address"": """", ""city"": """", ""state"": """", ""zip"": """"}'}",1.08E+12,,3,3,1,1,5,wood frame (5),5,wood frame (5),2007-04-23T00:00:00.000,Y,,,,
5ea2077ec2aeecdcc61c5bb0,2.01E+11,8,otc alterations permit,2007-01-09T00:00:00.000,6524,31,2927,Folsom,St,repair water damage to 4 bathrooms & new shower pans as needed. repair drywall + stop water leak in ceiling. new floor + covering apply wet patch to roof initially. minor dry rot repair. repair roof less than  25%. all work in bathroom  area. repair handrailing /rear side deck  + windows. per nov#,expired,2010-01-20T00:00:00.000,2007-01-09T00:00:00.000,2007-01-09T00:00:00.000,2008-01-09T00:00:00.000Z,28000,28000,apartments,apartments,0,9,Mission,94110,"{'latitude': '37.750407928650176', 'longitude': '-122.41354289963427', 'human_address': '{""address"": """", ""city"": """", ""state"": """", ""zip"": """"}'}",1.08E+12,,2,2,4,4,5,wood frame (5),5,wood frame (5),,,,,,
5ea2077ec2aeecdcc61c5bb1,2.01E+11,8,otc alterations permit,2007-01-09T00:00:00.000,266,9,1,Front,St,oti-1 13th floor el me ls sp,complete,2007-03-20T00:00:00.000,2007-01-09T00:00:00.000,2007-01-09T00:00:00.000,2008-01-09T00:00:00.000Z,150000,150000,office,office,2,3,Financial District/South Beach,94111,"{'latitude': '37.79175821447036', 'longitude': '-122.39891194475122', 'human_address': '{""address"": """", ""city"": """", ""state"": """", ""zip"": """"}'}",1.08E+12,,33,33,0,0,1,constr type 1,1,constr type 1,2007-03-20T00:00:00.000,,,,,
5ea2077ec2aeecdcc61c5bb2,2.01E+11,8,otc alterations permit,2007-01-09T00:00:00.000,6524,31,2929,Folsom,St,repair water damage to 4 bathrooms & new shower pans as needed. repair drywall + stop water leak in ceiling. new floor + covering apply wet patch to roof initially. minor dry rot repair. repair roof less than  25%. all work in bathroom  area. repair handrailing /rear side deck  + windows. per nov#,expired,2010-01-20T00:00:00.000,2007-01-09T00:00:00.000,2007-01-09T00:00:00.000,2008-01-09T00:00:00.000Z,28000,28000,apartments,apartments,0,9,Mission,94110,"{'latitude': '37.750407928650176', 'longitude': '-122.41354289963427', 'human_address': '{""address"": """", ""city"": """", ""state"": """", ""zip"": """"}'}",1.08E+12,0,2,2,4,4,5,wood frame (5),5,wood frame (5),,,,,,
5ea2077ec2aeecdcc61c5bb3,2.01E+11,8,otc alterations permit,2007-01-09T00:00:00.000,2424,2,2507,23rd,Av,"ieterior remodel to exiting br & ba, repave  existing driveway, eindow replacement wood to wood clad, bathroom lighting to be fluorescant ot on occupant sensor",expired,2007-11-07T00:00:00.000,2007-01-09T00:00:00.000,2007-01-09T00:00:00.000,2007-07-09T00:00:00.000Z,20000,20000,1 family dwelling,1 family dwelling,2,4,Sunset/Parkside,94116,"{'latitude': '37.740751772219284', 'longitude': '-122.4801338178756', 'human_address': '{""address"": """", ""city"": """", ""state"": """", ""zip"": """"}'}",1.08E+12,,2,2,1,1,5,wood frame (5),5,wood frame (5),,,,,,
5ea2077ec2aeecdcc61c5bb4,2.01E+11,8,otc alterations permit,2007-01-09T00:00:00.000,230,28,1,Embarcadero Center,,"ti upgrade on fire sprinkler system (3355) fisher and phillips llp relocate 10 hd add 1, delete 1, total 11 heads",complete,2007-01-30T00:00:00.000,2007-01-09T00:00:00.000,2007-01-09T00:00:00.000,2007-05-09T00:00:00.000Z,2200,2200,office,office,2,3,Financial District/South Beach,94111,"{'latitude': '37.79464865862657', 'longitude': '-122.39964659799554', 'human_address': '{""address"": """", ""city"": """", ""state"": """", ""zip"": """"}'}",1.08E+11,,45,45,0,0,1,constr type 1,1,constr type 1,2007-01-30T00:00:00.000,,,,,
5ea2077ec2aeecdcc61c5bb5,2.01E+11,8,otc alterations permit,2007-01-09T00:00:00.000,5518,16,3161,Mission,St,convert coffee shop to real estate office and build new toilet.,expired,2008-04-29T00:00:00.000,2007-01-09T00:00:00.000,2007-01-09T00:00:00.000,2007-07-09T00:00:00.000Z,10500,10500,food/beverage hndlng,office,2,9,Bernal Heights,94110,"{'latitude': '37.746402226807156', 'longitude': '-122.4190360690004', 'human_address': '{""address"": """", ""city"": """", ""state"": """", ""zip"": """"}'}",1.08E+12,,3,3,2,2,5,wood frame (5),5,wood frame (5),,,,,,
5ea2077ec2aeecdcc61c5bb6,2.01E+11,8,otc alterations permit,2007-01-09T00:00:00.000,5518,16,3163,Mission,St,convert coffee shop to real estate office and build new toilet.,expired,2008-04-29T00:00:00.000,2007-01-09T00:00:00.000,2007-01-09T00:00:00.000,2007-07-09T00:00:00.000Z,10500,10500,food/beverage hndlng,office,2,9,Bernal Heights,94110,"{'latitude': '37.746402226807156', 'longitude': '-122.4190360690004', 'human_address': '{""address"": """", ""city"": """", ""state"": """", ""zip"": """"}'}",1.08E+12,,3,3,2,2,5,wood frame (5),5,wood frame (5),,,,,,
5ea2077ec2aeecdcc61c5bb7,2.01E+11,3,additions alterations or repairs,2007-01-09T00:00:00.000,3587,68,3620,19th,St,bldg #1 - to install new fire sprinkler system.,complete,2009-04-01T00:00:00.000,2007-01-09T00:00:00.000,2007-04-09T00:00:00.000,2007-10-09T00:00:00.000Z,5600,10222,1 family dwelling,1 family dwelling,2,8,Mission,94110,"{'latitude': '37.76097097433914', 'longitude': '-122.4246494685078', 'human_address': '{""address"": """", ""city"": """", ""state"": """", ""zip"": """"}'}",1.08E+12,,2,2,1,1,5,wood frame (5),5,wood frame (5),2009-04-01T00:00:00.000,,,,,
5ea2077ec2aeecdcc61c5bb8,2.01E+11,3,additions alterations or repairs,2007-01-09T00:00:00.000,3587,70,3620,19th,St,bldg #1 - to install new fire sprinkler system.,complete,2009-04-01T00:00:00.000,2007-01-09T00:00:00.000,2007-04-09T00:00:00.000,2007-10-09T00:00:00.000Z,5600,10222,1 family dwelling,1 family dwelling,2,8,Mission,94110,"{'latitude': '37.761014018841514', 'longitude': '-122.42432525968303', 'human_address': '{""address"": """", ""city"": """", ""state"": """", ""zip"": """"}'}",1.08E+12,,2,2,1,1,5,wood frame (5),5,wood frame (5),2009-04-01T00:00:00.000,,,,,
5ea2077ec2aeecdcc61c5bb9,2.01E+11,4,sign - erect,2007-01-09T00:00:00.000,543,33,1823,Union,St,"erect: electric, wall, single faced, direct new sign, with street space",complete,2007-04-12T00:00:00.000,2007-01-09T00:00:00.000,2007-01-09T00:00:00.000,2007-05-09T00:00:00.000Z,,2500,retail sales,,2,2,Marina,94123,"{'latitude': '37.79758752191632', 'longitude': '-122.42929470527024', 'human_address': '{""address"": """", ""city"": """", ""state"": """", ""zip"": """"}'}",1.08E+12,,3,,0,,5,wood frame (5),,,2007-04-12T00:00:00.000,,,,,
5ea2077ec2aeecdcc61c5bba,M53402,8,otc alterations permit,2007-01-09T00:00:00.000,3729,57,251,09th,St,sidewalk permit,issued,2007-01-09T00:00:00.000,2007-01-09T00:00:00.000,2007-01-09T00:00:00.000,,,0,,,,6,South of Market,94103,"{'latitude': '37.774508876514055', 'longitude': '-122.41217066101979', 'human_address': '{""address"": """", ""city"": """", ""state"": """", ""zip"": """"}'}",1.08E+12,,,,,,,,,,,,,,,
5ea2077ec2aeecdcc61c5bbb,2.01E+11,8,otc alterations permit,2007-01-09T00:00:00.000,3708,28,71,Stevenson,St,"oti-2 el, floor 15",complete,2007-07-20T00:00:00.000,2007-01-09T00:00:00.000,2007-01-09T00:00:00.000,2008-01-09T00:00:00.000Z,34750,34750,office,office,2,6,Financial District/South Beach,94105,"{'latitude': '37.789384040303595', 'longitude': '-122.39965936842863', 'human_address': '{""address"": """", ""city"": """", ""state"": """", ""zip"": """"}'}",1.08E+12,,1,1,0,0,2,constr type 2,2,constr type 2,2007-07-20T00:00:00.000,,,,,
5ea2077ec2aeecdcc61c5bbc,2.01E+11,4,sign - erect,2007-01-09T00:00:00.000,3705,42,865,Market,St,"unit #222 - sign permit - non-electric, projecting, double faced.",issued,2007-01-09T00:00:00.000,2007-01-09T00:00:00.000,2007-01-09T00:00:00.000,2007-05-09T00:00:00.000Z,,400,retail sales,,2,6,South of Market,94103,"{'latitude': '37.78394695457302', 'longitude': '-122.40715830829208', 'human_address': '{""address"": """", ""city"": """", ""state"": """", ""zip"": """"}'}",1.08E+12,,10,,0,,1,constr type 1,,,,,,,,
5ea2077ec2aeecdcc61c5bbd,2.01E+11,7,wall or painted sign,2007-01-09T00:00:00.000,3705,42,865,Market,St,"painter or other non structural sign:  non electric, wall, single faced, doorwindow, new sign , non illuminated, with street space",issued,2007-01-09T00:00:00.000,2007-01-09T00:00:00.000,2007-01-09T00:00:00.000,2007-05-09T00:00:00.000Z,,200,,,2,6,South of Market,94103,"{'latitude': '37.78394695457302', 'longitude': '-122.40715830829208', 'human_address': '{""address"": """", ""city"": """", ""state"": """", ""zip"": """"}'}",1.08E+12,,,,,,,,,,,,,,,
5ea2077ec2aeecdcc61c5bbe,2.01E+11,8,otc alterations permit,2007-01-09T00:00:00.000,1049,18,1708,Broderick,St,reroofing.,issued,2007-01-09T00:00:00.000,2007-01-09T00:00:00.000,2007-01-09T00:00:00.000,2007-05-09T00:00:00.000Z,3000,3000,2 family dwelling,2 family dwelling,0,2,Pacific Heights,94115,"{'latitude': '37.786326217915956', 'longitude': '-122.44157315415657', 'human_address': '{""address"": """", ""city"": """", ""state"": """", ""zip"": """"}'}",1.08E+11,,,,,,,,,,,,,,,
5ea2077ec2aeecdcc61c5bbf,2.01E+11,8,otc alterations permit,2007-01-09T00:00:00.000,6341,028D,701,Edinburg,St,upgrading electrical wiring on second floor.,expired,2008-06-13T00:00:00.000,2007-01-09T00:00:00.000,2007-01-09T00:00:00.000,2007-07-09T00:00:00.000Z,15000,15000,1 family dwelling,1 family dwelling,0,11,Excelsior,94112,"{'latitude': '37.7179220322516', 'longitude': '-122.43421718744919', 'human_address': '{""address"": """", ""city"": """", ""state"": """", ""zip"": """"}'}",1.08E+12,,2,2,1,1,5,wood frame (5),5,wood frame (5),,,,,,
5ea2077ec2aeecdcc61c5bc0,2.01E+11,8,otc alterations permit,2007-01-09T00:00:00.000,1049,18,1708,Broderick,St,"1/2"" cdx plywood over skip roof. (8d) 6"" x 12"". 6"" on edges 12"" in field.",issued,2007-01-09T00:00:00.000,2007-01-09T00:00:00.000,2007-01-09T00:00:00.000,2007-05-09T00:00:00.000Z,2200,2200,2 family dwelling,2 family dwelling,0,2,Pacific Heights,94115,"{'latitude': '37.786326217915956', 'longitude': '-122.44157315415657', 'human_address': '{""address"": """", ""city"": """", ""state"": """", ""zip"": """"}'}",1.08E+11,,2,2,2,2,5,wood frame (5),5,wood frame (5),,,,,,
5ea2077ec2aeecdcc61c5bc1,2.01E+11,4,sign - erect,2007-01-09T00:00:00.000,3705,42,865,Market,St,"space 222 - sign permit - electric, wall, single faced.",issued,2007-01-09T00:00:00.000,2007-01-09T00:00:00.000,2007-01-09T00:00:00.000,2007-05-09T00:00:00.000Z,,900,retail sales,,2,6,South of Market,94103,"{'latitude': '37.78394695457302', 'longitude': '-122.40715830829208', 'human_address': '{""address"": """", ""city"": """", ""state"": """", ""zip"": """"}'}",1.08E+12,,10,,0,,1,constr type 1,,,,,,,,
5ea2077ec2aeecdcc61c5bc2,2.01E+11,3,additions alterations or repairs,2007-01-09T00:00:00.000,515,1,3199,Fillmore,St,strengthening the 2nd floor joist in 2/f prep kitchen as noted on plan. no exterior work and plumbing or electrical work.,complete,2007-10-23T00:00:00.000,2007-01-09T00:00:00.000,2007-04-06T00:00:00.000,2007-10-06T00:00:00.000Z,10000,18000,food/beverage hndlng,food/beverage hndlng,2,2,Marina,94123,"{'latitude': '37.79879059544053', 'longitude': '-122.43612948088338', 'human_address': '{""address"": """", ""city"": """", ""state"": """", ""zip"": """"}'}",1.08E+12,,2,2,0,0,5,wood frame (5),5,wood frame (5),2007-10-23T00:00:00.000,,,,,
5ea2077ec2aeecdcc61c5bc3,M53382,8,otc alterations permit,2007-01-09T00:00:00.000,867,28,479,Waller,St,street space & sidewalk permit only.,issued,2007-01-09T00:00:00.000,2007-01-09T00:00:00.000,2007-01-09T00:00:00.000,,,0,,,,5,Hayes Valley,94117,"{'latitude': '37.77083879854087', 'longitude': '-122.43142991363601', 'human_address': '{""address"": """", ""city"": """", ""state"": """", ""zip"": """"}'}",1.08E+11,,,,,,,,,,,,,,,
5ea2077ec2aeecdcc61c5bc4,2.01E+11,8,otc alterations permit,2007-01-09T00:00:00.000,263,11,101,California,St,"oti-1 15th floor, advamced equities. el, me, ls, sp",complete,2007-03-26T00:00:00.000,2007-01-09T00:00:00.000,2007-01-09T00:00:00.000,2009-01-09T00:00:00.000Z,350000,350000,office,office,2,3,Financial District/South Beach,94111,"{'latitude': '37.79294896729476', 'longitude': '-122.39809861205246', 'human_address': '{""address"": """", ""city"": """", ""state"": """", ""zip"": """"}'}",1.08E+11,,36,36,0,0,1,constr type 1,1,constr type 1,2007-03-26T00:00:00.000,,,,,
5ea2077ec2aeecdcc61c5bc5,2.01E+11,8,otc alterations permit,2007-01-09T00:00:00.000,288,32,333,Bush,St,"t/i upgrade on fire spkr-sys. for achieve global 15th fl (#3337). 13 reloc. -2 add,3 deletes. 15 total.",complete,2007-05-30T00:00:00.000,2007-01-09T00:00:00.000,2007-01-09T00:00:00.000,2007-05-09T00:00:00.000Z,3000,3000,office,office,2,3,Financial District/South Beach,94108,"{'latitude': '37.79057472898199', 'longitude': '-122.4031096060195', 'human_address': '{""address"": """", ""city"": """", ""state"": """", ""zip"": """"}'}",1.08E+12,,44,44,45,45,1,constr type 1,1,constr type 1,2007-05-30T00:00:00.000,,,,,
5ea2077ec2aeecdcc61c5bc6,2.01E+11,3,additions alterations or repairs,2007-01-09T00:00:00.000,8721,12,455,Mission Bay Blvd South,,drive (24) indicator test piles on vacant lot for soils and structural testing (steel piles).,expired,2009-11-17T00:00:00.000,2007-01-09T00:00:00.000,2007-01-23T00:00:00.000,2008-01-23T00:00:00.000Z,27000,280400,vacant lot,vacant lot,2,6,Mission Bay,94158,"{'latitude': '37.76981670037508', 'longitude': '-122.38847397685545', 'human_address': '{""address"": """", ""city"": """", ""state"": """", ""zip"": """"}'}",1.08E+12,,0,0,0,0,,,,,,,,,,
5ea2077ec2aeecdcc61c5bc7,2.01E+11,8,otc alterations permit,2007-01-09T00:00:00.000,2449,29,2680,Great,Hy,change out 2 windows with vinyl retrofit windows. (e) aluminium. in kind. .67 u factor min.,issued,2007-01-09T00:00:00.000,2007-01-09T00:00:00.000,2007-01-09T00:00:00.000,2007-05-09T00:00:00.000Z,3694.5,3694.5,1 family dwelling,1 family dwelling,0,4,Sunset/Parkside,94116,"{'latitude': '37.73657815097154', 'longitude': '-122.50597268964073', 'human_address': '{""address"": """", ""city"": """", ""state"": """", ""zip"": """"}'}",1.08E+12,,2,2,1,1,5,wood frame (5),5,wood frame (5),,,,,,
5ea2077ec2aeecdcc61c5bc8,2.01E+11,8,otc alterations permit,2007-01-09T00:00:00.000,5337,5,7,Bridgeview,Dr,change out 3 windows with retrofit windows. (e) aluminium to vinyl. 0.67 u factor min.,complete,2007-03-29T00:00:00.000,2007-01-09T00:00:00.000,2007-01-09T00:00:00.000,2007-07-09T00:00:00.000Z,6894,6894,1 family dwelling,1 family dwelling,0,10,Bayview Hunters Point,94124,"{'latitude': '37.734082158600756', 'longitude': '-122.39424868423647', 'human_address': '{""address"": """", ""city"": """", ""state"": """", ""zip"": """"}'}",1.08E+12,,2,2,1,1,5,wood frame (5),5,wood frame (5),2007-03-29T00:00:00.000,,,,,
5ea2077ec2aeecdcc61c5bc9,2.01E+11,8,otc alterations permit,2007-01-09T00:00:00.000,240,16,550,Kearny,St,"t.i upgrade on fire spkr sys. dwa 9th flr (#3334) reloc-32, add-2, delete-2.",complete,2007-03-26T00:00:00.000,2007-01-09T00:00:00.000,2007-01-09T00:00:00.000,2007-07-09T00:00:00.000Z,6800,6800,office,office,2,3,Financial District/South Beach,94104,"{'latitude': '37.793341458615394', 'longitude': '-122.40421611613698', 'human_address': '{""address"": """", ""city"": """", ""state"": """", ""zip"": """"}'}",1.08E+12,,10,10,0,0,1,constr type 1,1,constr type 1,2007-03-26T00:00:00.000,,,,,
5ea2077ec2aeecdcc61c5bca,2.01E+11,8,otc alterations permit,2007-01-09T00:00:00.000,5343,015C,76,Bay View,St,change out 2 windows aluminium to vinyl in kind. u factor: 0.67 min.,expired,2007-07-02T00:00:00.000,2007-01-09T00:00:00.000,2007-01-09T00:00:00.000,2007-05-09T00:00:00.000Z,3981.23,3981.23,1 family dwelling,1 family dwelling,0,10,Bayview Hunters Point,94124,"{'latitude': '37.73295761295402', 'longitude': '-122.39382957251564', 'human_address': '{""address"": """", ""city"": """", ""state"": """", ""zip"": """"}'}",1.08E+12,,2,2,1,1,5,wood frame (5),5,wood frame (5),,,,,,
5ea2077ec2aeecdcc61c5bcb,2.01E+11,8,otc alterations permit,2007-01-09T00:00:00.000,7056,028E,125,Thrift,St,replace 4 windows with vinyl retrofit windows in kind. 0.67 u factor min.,issued,2007-01-09T00:00:00.000,2007-01-09T00:00:00.000,2007-01-09T00:00:00.000,2007-07-09T00:00:00.000Z,8351.54,8351.54,1 family dwelling,1 family dwelling,0,11,Oceanview/Merced/Ingleside,94112,"{'latitude': '37.71721985687811', 'longitude': '-122.45701898295172', 'human_address': '{""address"": """", ""city"": """", ""state"": """", ""zip"": """"}'}",1.08E+12,,2,2,1,1,5,wood frame (5),5,wood frame (5),,,,,,
5ea2077ec2aeecdcc61c5bcc,2.01E+11,8,otc alterations permit,2007-01-09T00:00:00.000,240,16,550,Kearny,St,oti-2  lt me floor 9,complete,2007-03-26T00:00:00.000,2007-01-09T00:00:00.000,2007-01-09T00:00:00.000,2008-01-09T00:00:00.000Z,95000,95000,office,office,2,3,Financial District/South Beach,94104,"{'latitude': '37.793341458615394', 'longitude': '-122.40421611613698', 'human_address': '{""address"": """", ""city"": """", ""state"": """", ""zip"": """"}'}",1.08E+12,,9,9,0,0,1,constr type 1,1,constr type 1,2007-03-26T00:00:00.000,,,,,
5ea2077ec2aeecdcc61c5bcd,2.01E+11,8,otc alterations permit,2007-01-09T00:00:00.000,3708,28,71,Stevenson,St,"t/i upgrade on fire sprinkler system. spec suite#1510,#3352. relocated 13 hd, add 2 hd, delete 4 hd. 15 total hd.",complete,2007-07-20T00:00:00.000,2007-01-09T00:00:00.000,2007-01-09T00:00:00.000,2007-05-09T00:00:00.000Z,3000,3000,office,office,2,6,Financial District/South Beach,94105,"{'latitude': '37.789384040303595', 'longitude': '-122.39965936842863', 'human_address': '{""address"": """", ""city"": """", ""state"": """", ""zip"": """"}'}",1.08E+12,,25,25,0,0,1,constr type 1,1,constr type 1,2007-07-20T00:00:00.000,,,,,
5ea2077ec2aeecdcc61c5bce,M53367,8,otc alterations permit,2007-01-09T00:00:00.000,6247,13,158,Leland,Av,sidewalk permit only.,issued,2007-01-09T00:00:00.000,2007-01-09T00:00:00.000,2007-01-09T00:00:00.000,,,0,,,,10,Visitacion Valley,94134,"{'latitude': '37.7125087366219', 'longitude': '-122.40648054207259', 'human_address': '{""address"": """", ""city"": """", ""state"": """", ""zip"": """"}'}",1.08E+12,,,,,,,,,,,,,,,
5ea2077ec2aeecdcc61c5bcf,2.01E+11,8,otc alterations permit,2007-01-09T00:00:00.000,1270,66,142,Delmar,St,replace (e) windows (22) total @ back & side.,complete,2007-11-07T00:00:00.000,2007-01-09T00:00:00.000,2007-01-09T00:00:00.000,2007-07-09T00:00:00.000Z,10000,10000,2 family dwelling,2 family dwelling,0,8,Haight Ashbury,94117,"{'latitude': '37.76643957174819', 'longitude': '-122.44514240388278', 'human_address': '{""address"": """", ""city"": """", ""state"": """", ""zip"": """"}'}",1.08E+11,,3,3,2,2,5,wood frame (5),5,wood frame (5),2007-11-07T00:00:00.000,,,,,
5ea2077ec2aeecdcc61c5bd0,2.01E+11,8,otc alterations permit,2007-01-09T00:00:00.000,1270,66,144,Delmar,St,replace (e) windows (22) total @ back & side.,complete,2007-11-07T00:00:00.000,2007-01-09T00:00:00.000,2007-01-09T00:00:00.000,2007-07-09T00:00:00.000Z,10000,10000,2 family dwelling,2 family dwelling,0,8,Haight Ashbury,94117,"{'latitude': '37.76643957174819', 'longitude': '-122.44514240388278', 'human_address': '{""address"": """", ""city"": """", ""state"": """", ""zip"": """"}'}",1.08E+12,,3,3,2,2,5,wood frame (5),5,wood frame (5),2007-11-07T00:00:00.000,,,,,
5ea2077ec2aeecdcc61c5bd1,2.01E+11,8,otc alterations permit,2007-01-09T00:00:00.000,3577,43,26,Dearborn,St,"light remodel of one itchen: remove cabinets & replace w/new . move stove & vent outside 3  ft  front p.l. electric move  1 or 2 outlets, move gas for stove 50% high efficasy non structural.",complete,2007-05-18T00:00:00.000,2007-01-09T00:00:00.000,2007-01-09T00:00:00.000,2007-07-09T00:00:00.000Z,8000,8000,2 family dwelling,2 family dwelling,0,8,Mission,94110,"{'latitude': '37.762735360466834', 'longitude': '-122.42324435890409', 'human_address': '{""address"": """", ""city"": """", ""state"": """", ""zip"": """"}'}",1.08E+12,,2,2,2,2,5,wood frame (5),5,wood frame (5),2007-05-18T00:00:00.000,,,,,
5ea2077ec2aeecdcc61c5bd2,2.01E+11,3,additions alterations or repairs,2007-01-09T00:00:00.000,848,7,566,Haight,St,facade alteration on 1/f for 2 new ada entrances & storefronts. change of use to full service restaurant (568 haight). change of use for 2nd commercial space (566 haight st.),complete,2008-04-18T00:00:00.000,2007-01-09T00:00:00.000,2007-08-31T00:00:00.000,2008-08-31T00:00:00.000Z,120000,180000,food/beverage hndlng,food/beverage hndlng,2,5,Hayes Valley,94117,"{'latitude': '37.772201588742554', 'longitude': '-122.43159958764491', 'human_address': '{""address"": """", ""city"": """", ""state"": """", ""zip"": """"}'}",1.08E+11,,3,3,2,2,5,wood frame (5),5,wood frame (5),2008-04-18T00:00:00.000,,Y,,2007-08-31T00:00:00.000,
5ea2077ec2aeecdcc61c5bd3,2.01E+11,3,additions alterations or repairs,2007-01-09T00:00:00.000,848,7,568,Haight,St,facade alteration on 1/f for 2 new ada entrances & storefronts. change of use to full service restaurant (568 haight). change of use for 2nd commercial space (566 haight st.),complete,2008-04-18T00:00:00.000,2007-01-09T00:00:00.000,2007-08-31T00:00:00.000,2008-08-31T00:00:00.000Z,120000,180000,food/beverage hndlng,food/beverage hndlng,2,5,Hayes Valley,94117,"{'latitude': '37.772201588742554', 'longitude': '-122.43159958764491', 'human_address': '{""address"": """", ""city"": """", ""state"": """", ""zip"": """"}'}",1.08E+12,,3,3,2,2,5,wood frame (5),5,wood frame (5),2008-04-18T00:00:00.000,,Y,,2007-08-31T00:00:00.000,
5ea2077ec2aeecdcc61c5bd4,2.01E+11,8,otc alterations permit,2007-01-09T00:00:00.000,3602,1,602,Noe,St,renew pa# 200504280198 for final inspection,complete,2007-02-27T00:00:00.000,2007-01-09T00:00:00.000,2007-01-09T00:00:00.000,2007-05-09T00:00:00.000Z,1,1,2 family dwelling,2 family dwelling,0,8,Castro/Upper Market,94114,"{'latitude': '37.7592402660994', 'longitude': '-122.43283369496447', 'human_address': '{""address"": """", ""city"": """", ""state"": """", ""zip"": """"}'}",1.08E+12,,3,3,2,2,5,wood frame (5),5,wood frame (5),2007-02-27T00:00:00.000,,,,,
5ea2077ec2aeecdcc61c5bd5,2.01E+11,8,otc alterations permit,2007-01-09T00:00:00.000,3602,1,604,Noe,St,renew pa# 200504280198 for final inspection,complete,2007-02-27T00:00:00.000,2007-01-09T00:00:00.000,2007-01-09T00:00:00.000,2007-05-09T00:00:00.000Z,1,1,2 family dwelling,2 family dwelling,0,8,Castro/Upper Market,94114,"{'latitude': '37.7592402660994', 'longitude': '-122.43283369496447', 'human_address': '{""address"": """", ""city"": """", ""state"": """", ""zip"": """"}'}",1.08E+12,,3,3,2,2,5,wood frame (5),5,wood frame (5),2007-02-27T00:00:00.000,,,,,
5ea2077ec2aeecdcc61c5bd6,2.01E+11,3,additions alterations or repairs,2007-01-09T00:00:00.000,3013,31,1253,Portola,Dr,"complete work to hobby room instalation of insulation and finish surfues wall and flooring. complete installation of bathroom, toilet, vanity, chower stell, vent fan, .liaghting.",cancelled,2007-11-09T00:00:00.000,2007-01-09T00:00:00.000,,,15000,,1 family dwelling,1 family dwelling,2,7,West of Twin Peaks,94127,"{'latitude': '37.73986913382221', 'longitude': '-122.46230437177678', 'human_address': '{""address"": """", ""city"": """", ""state"": """", ""zip"": """"}'}",1.08E+12,,2,2,1,1,5,wood frame (5),5,wood frame (5),,,,,,
5ea2077ec2aeecdcc61c5bd7,2.01E+11,8,otc alterations permit,2007-01-09T00:00:00.000,2659,1,261,Corbett,Av,replace 5 windows on top floor (263 corbett). windows are not facing the street. using vinyl retro fit windows.,complete,2007-02-09T00:00:00.000,2007-01-09T00:00:00.000,2007-01-09T00:00:00.000,2007-05-09T00:00:00.000Z,2000,2000,apartments,apartments,0,8,Castro/Upper Market,94114,"{'latitude': '37.761092470950935', 'longitude': '-122.44402191242456', 'human_address': '{""address"": """", ""city"": """", ""state"": """", ""zip"": """"}'}",1.08E+12,0,3,3,3,3,5,wood frame (5),5,wood frame (5),2007-02-09T00:00:00.000,,,,,
5ea2077ec2aeecdcc61c5bd8,2.01E+11,8,otc alterations permit,2007-01-09T00:00:00.000,2659,1,263,Corbett,Av,replace 5 windows on top floor (263 corbett). windows are not facing the street. using vinyl retro fit windows.,complete,2007-02-09T00:00:00.000,2007-01-09T00:00:00.000,2007-01-09T00:00:00.000,2007-05-09T00:00:00.000Z,2000,2000,apartments,apartments,0,8,Castro/Upper Market,94114,"{'latitude': '37.761092470950935', 'longitude': '-122.44402191242456', 'human_address': '{""address"": """", ""city"": """", ""state"": """", ""zip"": """"}'}",1.08E+12,0,3,3,3,3,5,wood frame (5),5,wood frame (5),2007-02-09T00:00:00.000,,,,,
5ea2077ec2aeecdcc61c5bd9,M53402,8,otc alterations permit,2007-01-09T00:00:00.000,3729,57,249,09th,St,sidewalk permit,issued,2007-01-09T00:00:00.000,2007-01-09T00:00:00.000,2007-01-09T00:00:00.000,,,0,,,,6,South of Market,94103,"{'latitude': '37.774508876514055', 'longitude': '-122.41217066101979', 'human_address': '{""address"": """", ""city"": """", ""state"": """", ""zip"": """"}'}",1.08E+12,,,,,,,,,,,,,,,
5ea2077ec2aeecdcc61c5bda,M53403,8,otc alterations permit,2007-01-09T00:00:00.000,3637,20,3284,23rd,St,sidewalk permit,issued,2007-01-09T00:00:00.000,2007-01-09T00:00:00.000,2007-01-09T00:00:00.000,,,0,,,,9,Mission,94110,"{'latitude': '37.754000284958515', 'longitude': '-122.41825362317647', 'human_address': '{""address"": """", ""city"": """", ""state"": """", ""zip"": """"}'}",1.08E+12,,,,,,,,,,,,,,,
5ea2077ec2aeecdcc61c5bdb,2.01E+11,8,otc alterations permit,2007-01-09T00:00:00.000,3553,22,1941,Mission,St,repair/replace handrail on bottom stairs.,complete,2007-02-07T00:00:00.000,2007-01-09T00:00:00.000,2007-01-09T00:00:00.000,2007-05-09T00:00:00.000Z,20,20,apartments,apartments,0,9,Mission,94103,"{'latitude': '37.76603209671538', 'longitude': '-122.41941081944417', 'human_address': '{""address"": """", ""city"": """", ""state"": """", ""zip"": """"}'}",1.08E+12,,3,3,58,58,5,wood frame (5),5,wood frame (5),2007-02-07T00:00:00.000,,,,,
5ea2077ec2aeecdcc61c5bdc,M53404,8,otc alterations permit,2007-01-09T00:00:00.000,1233,3,151,Central,Av,street space permit,issued,2007-01-09T00:00:00.000,2007-01-09T00:00:00.000,2007-01-09T00:00:00.000,,,0,,,,5,Haight Ashbury,94117,"{'latitude': '37.77106068570436', 'longitude': '-122.44405992599437', 'human_address': '{""address"": """", ""city"": """", ""state"": """", ""zip"": """"}'}",1.08E+11,,,,,,,,,,,,,,,
5ea2077ec2aeecdcc61c5bdd,M53405,8,otc alterations permit,2007-01-09T00:00:00.000,1245,1,1501,Haight,St,street space permit,issued,2007-01-09T00:00:00.000,2007-01-09T00:00:00.000,2007-01-09T00:00:00.000,,,0,,,,5,Haight Ashbury,94117,"{'latitude': '37.76976308868339', 'longitude': '-122.4471153332011', 'human_address': '{""address"": """", ""city"": """", ""state"": """", ""zip"": """"}'}",1.08E+11,,,,,,,,,,,,,,,
5ea2077ec2aeecdcc61c5bde,M53405,8,otc alterations permit,2007-01-09T00:00:00.000,1245,1,1509,Haight,St,street space permit,issued,2007-01-09T00:00:00.000,2007-01-09T00:00:00.000,2007-01-09T00:00:00.000,,,0,,,,5,Haight Ashbury,94117,"{'latitude': '37.76976308868339', 'longitude': '-122.4471153332011', 'human_address': '{""address"": """", ""city"": """", ""state"": """", ""zip"": """"}'}",1.08E+12,,,,,,,,,,,,,,,
5ea2077ec2aeecdcc61c5bdf,2.01E+11,8,otc alterations permit,2007-01-09T00:00:00.000,5530,5,1649,York,St,"upper rear bedroom, instgall 2 ne2w skyite, install new window, install storage & cabinets",complete,2007-11-08T00:00:00.000,2007-01-09T00:00:00.000,2007-01-09T00:00:00.000,2007-07-09T00:00:00.000Z,8000,8000,1 family dwelling,1 family dwelling,2,9,Bernal Heights,94110,"{'latitude': '37.74727898141412', 'longitude': '-122.40614997794238', 'human_address': '{""address"": """", ""city"": """", ""state"": """", ""zip"": """"}'}",1.08E+12,,2,2,1,1,5,wood frame (5),5,wood frame (5),2007-11-08T00:00:00.000,,,,,
5ea2077ec2aeecdcc61c5be0,2.01E+11,3,additions alterations or repairs,2007-01-09T00:00:00.000,3706,74,50,03rd,St,"interior remodeling on floors 4, 35 and 36/:convert office space into 5 guest rooms construct new fittness center. 35 and 36th flr:interiro remodeling , removing interconnecting stair between floor 35 and 36",expired,2013-10-29T00:00:00.000,2007-01-09T00:00:00.000,2007-03-21T00:00:00.000,2009-03-21T00:00:00.000Z,650000,650000,tourist hotel/motel,tourist hotel/motel,2,6,Financial District/South Beach,94103,"{'latitude': '37.78652508124445', 'longitude': '-122.40309239617214', 'human_address': '{""address"": """", ""city"": """", ""state"": """", ""zip"": """"}'}",1.08E+12,,36,36,669,676,1,constr type 1,1,constr type 1,,,,,,
5ea2077ec2aeecdcc61c5be1,2.01E+11,8,otc alterations permit,2007-01-09T00:00:00.000,4272,33,3027,25th,St,"flood damage repair-removal and replacement of all water damaged finishes. exploratory demolition for water damage. all work ground level, replace in kind.",expired,2008-08-19T00:00:00.000,2007-01-09T00:00:00.000,2007-01-09T00:00:00.000,2007-07-09T00:00:00.000Z,18000,18000,2 family dwelling,2 family dwelling,0,9,Mission,94110,"{'latitude': '37.75091168971213', 'longitude': '-122.41060276908144', 'human_address': '{""address"": """", ""city"": """", ""state"": """", ""zip"": """"}'}",1.08E+12,,2,2,2,2,5,wood frame (5),5,wood frame (5),,,,,,
5ea2077ec2aeecdcc61c5be2,2.01E+11,3,additions alterations or repairs,2007-01-09T00:00:00.000,3585,32,567,Sanchez,St,revision to previously appl#200207312759 changes as indicated by 3 dated 1/7/2007 on sheet s3.,expired,2008-01-30T00:00:00.000,2007-01-09T00:00:00.000,2007-03-09T00:00:00.000,2007-07-09T00:00:00.000Z,100,5000,1 family dwelling,1 family dwelling,2,8,Castro/Upper Market,94114,"{'latitude': '37.75998144460485', 'longitude': '-122.43012813106019', 'human_address': '{""address"": """", ""city"": """", ""state"": """", ""zip"": """"}'}",1.08E+12,,3,3,1,1,5,wood frame (5),5,wood frame (5),,,,,,
5ea2077ec2aeecdcc61c5be3,2.01E+11,8,otc alterations permit,2007-01-09T00:00:00.000,1608,007A,731,36th,Av,"remove (e) plaster and install new sheetrock (gym boards) through the 2nd floors. install r-13 insulation at exterior walls and repair dry wall in kind, if discovered after exposed joists and studs.",complete,2007-06-04T00:00:00.000,2007-01-09T00:00:00.000,2007-01-09T00:00:00.000,2008-01-09T00:00:00.000Z,40000,40000,1 family dwelling,1 family dwelling,0,1,Outer Richmond,94121,"{'latitude': '37.77512320810297', 'longitude': '-122.49653374750622', 'human_address': '{""address"": """", ""city"": """", ""state"": """", ""zip"": """"}'}",1.08E+12,,3,3,1,1,5,wood frame (5),5,wood frame (5),2007-06-04T00:00:00.000,,,,,
5ea2077ec2aeecdcc61c5be4,2.01E+11,8,otc alterations permit,2007-01-09T00:00:00.000,1772,4,1327,17th,Av,"drywall replacement, insulation, eletrical update, plmbg update, kchn cabinet replacement",complete,2007-10-03T00:00:00.000,2007-01-09T00:00:00.000,2007-01-09T00:00:00.000,2007-07-09T00:00:00.000Z,15000,15000,2 family dwelling,2 family dwelling,2,4,Inner Sunset,94122,"{'latitude': '37.76306820649619', 'longitude': '-122.47527242939053', 'human_address': '{""address"": """", ""city"": """", ""state"": """", ""zip"": """"}'}",1.08E+12,,3,3,2,2,5,wood frame (5),5,wood frame (5),2007-10-03T00:00:00.000,,,,,
5ea2077ec2aeecdcc61c5be5,2.01E+11,8,otc alterations permit,2007-01-09T00:00:00.000,1772,4,1329,17th,Av,"drywall replacement, insulation, eletrical update, plmbg update, kchn cabinet replacement",complete,2007-10-03T00:00:00.000,2007-01-09T00:00:00.000,2007-01-09T00:00:00.000,2007-07-09T00:00:00.000Z,15000,15000,2 family dwelling,2 family dwelling,2,4,Inner Sunset,94122,"{'latitude': '37.76306820649619', 'longitude': '-122.47527242939053', 'human_address': '{""address"": """", ""city"": """", ""state"": """", ""zip"": """"}'}",1.08E+12,,3,3,2,2,5,wood frame (5),5,wood frame (5),2007-10-03T00:00:00.000,,,,,
5ea2077ec2aeecdcc61c5be6,2.01E+11,8,otc alterations permit,2007-01-09T00:00:00.000,983,11,3256,Washington,St,remodel 1 kitchen and 2 bathrooms at upper unit. replace cabinets and appliances. no structural work.,complete,2008-05-23T00:00:00.000,2007-01-09T00:00:00.000,2007-01-09T00:00:00.000,2008-01-09T00:00:00.000Z,40000,40000,2 family dwelling,2 family dwelling,0,2,Presidio Heights,94115,"{'latitude': '37.790268021520355', 'longitude': '-122.44690613709508', 'human_address': '{""address"": """", ""city"": """", ""state"": """", ""zip"": """"}'}",1.08E+11,,4,4,2,2,5,wood frame (5),5,wood frame (5),2008-05-23T00:00:00.000,,,,,
5ea2077ec2aeecdcc61c5be7,2.01E+11,8,otc alterations permit,2007-01-09T00:00:00.000,4087,41,2811,20th,St,install 30 pv solar panels on flat roof,complete,2007-02-13T00:00:00.000,2007-01-09T00:00:00.000,2007-01-09T00:00:00.000,2007-07-09T00:00:00.000Z,9000,9000,1 family dwelling,1 family dwelling,2,9,Mission,94110,"{'latitude': '37.759070331745654', 'longitude': '-122.40917627369113', 'human_address': '{""address"": """", ""city"": """", ""state"": """", ""zip"": """"}'}",1.08E+12,,3,3,1,1,5,wood frame (5),5,wood frame (5),2007-02-13T00:00:00.000,,,,,
5ea2077ec2aeecdcc61c5be8,M53427,8,otc alterations permit,2007-01-09T00:00:00.000,660,39,2140,Bush,St,street space permit,issued,2007-01-09T00:00:00.000,2007-01-09T00:00:00.000,2007-01-09T00:00:00.000,,,0,,,,5,Pacific Heights,94115,"{'latitude': '37.787418970723046', 'longitude': '-122.43247795904921', 'human_address': '{""address"": """", ""city"": """", ""state"": """", ""zip"": """"}'}",1.08E+12,,,,,,,,,,,,,,,
5ea2077ec2aeecdcc61c5be9,2.01E+11,3,additions alterations or repairs,2007-01-09T00:00:00.000,2036A,6,727,Moraga,St,to change eng on record from pa# 2002/01/17/7252 to santos & urrutia structural engineers.various structural changes to 200201177252. this permit supersedes all structural plans uner 200201177252.,issued,2007-03-07T00:00:00.000,2007-01-09T00:00:00.000,2007-03-07T00:00:00.000,2007-09-07T00:00:00.000Z,2000,12000,2 family dwelling,2 family dwelling,2,7,Inner Sunset,94122,"{'latitude': '37.75612468266003', 'longitude': '-122.47054660189393', 'human_address': '{""address"": """", ""city"": """", ""state"": """", ""zip"": """"}'}",1.08E+12,,3,3,2,2,5,wood frame (5),5,wood frame (5),,,,,,
5ea2077ec2aeecdcc61c5bea,2.01E+11,3,additions alterations or repairs,2007-01-09T00:00:00.000,2036A,6,729,Moraga,St,to change eng on record from pa# 2002/01/17/7252 to santos & urrutia structural engineers.various structural changes to 200201177252. this permit supersedes all structural plans uner 200201177252.,issued,2007-03-07T00:00:00.000,2007-01-09T00:00:00.000,2007-03-07T00:00:00.000,2007-09-07T00:00:00.000Z,2000,12000,2 family dwelling,2 family dwelling,2,7,Inner Sunset,94122,"{'latitude': '37.75612468266003', 'longitude': '-122.47054660189393', 'human_address': '{""address"": """", ""city"": """", ""state"": """", ""zip"": """"}'}",1.08E+12,,3,3,2,2,5,wood frame (5),5,wood frame (5),,,,,,
5ea2077ec2aeecdcc61c5beb,M53422,8,otc alterations permit,2007-01-09T00:00:00.000,868,5,61,Webster,St,sidewalk permit,issued,2007-01-09T00:00:00.000,2007-01-09T00:00:00.000,2007-01-09T00:00:00.000,,,0,,,,5,Hayes Valley,94117,"{'latitude': '37.77067504070421', 'longitude': '-122.42873550901028', 'human_address': '{""address"": """", ""city"": """", ""state"": """", ""zip"": """"}'}",1.08E+11,,,,,,,,,,,,,,,
5ea2077ec2aeecdcc61c5bec,M53422,8,otc alterations permit,2007-01-09T00:00:00.000,868,5,63,Webster,St,sidewalk permit,issued,2007-01-09T00:00:00.000,2007-01-09T00:00:00.000,2007-01-09T00:00:00.000,,,0,,,,5,Hayes Valley,94117,"{'latitude': '37.77067504070421', 'longitude': '-122.42873550901028', 'human_address': '{""address"": """", ""city"": """", ""state"": """", ""zip"": """"}'}",1.08E+12,,,,,,,,,,,,,,,
5ea2077ec2aeecdcc61c5bed,M53422,8,otc alterations permit,2007-01-09T00:00:00.000,868,5,65,Webster,St,sidewalk permit,issued,2007-01-09T00:00:00.000,2007-01-09T00:00:00.000,2007-01-09T00:00:00.000,,,0,,,,5,Hayes Valley,94117,"{'latitude': '37.77067504070421', 'longitude': '-122.42873550901028', 'human_address': '{""address"": """", ""city"": """", ""state"": """", ""zip"": """"}'}",1.08E+12,,,,,,,,,,,,,,,
5ea2077ec2aeecdcc61c5bee,2.01E+11,8,otc alterations permit,2007-01-09T00:00:00.000,1671,007L,891,28th,Av,reroofing,issued,2007-01-09T00:00:00.000,2007-01-09T00:00:00.000,2007-01-09T00:00:00.000,2007-05-09T00:00:00.000Z,4700,4700,1 family dwelling,1 family dwelling,0,1,Outer Richmond,94121,"{'latitude': '37.77262846951915', 'longitude': '-122.48769855902707', 'human_address': '{""address"": """", ""city"": """", ""state"": """", ""zip"": """"}'}",1.08E+12,,,,,,,,,,,,,,,
5ea2077ec2aeecdcc61c5bef,2.01E+11,8,otc alterations permit,2007-01-09T00:00:00.000,6566,10,3822,Cesar Chavez,St,replace 8 extg single pane wndw and 1 extg patio door with new double pane wood wndw and door maintaining same sizes and styles. 7 wndw visible from street,complete,2007-02-05T00:00:00.000,2007-01-09T00:00:00.000,2007-01-09T00:00:00.000,2007-07-09T00:00:00.000Z,8840,8840,2 family dwelling,2 family dwelling,0,8,Noe Valley,94131,"{'latitude': '37.74803417978139', 'longitude': '-122.42551652515279', 'human_address': '{""address"": """", ""city"": """", ""state"": """", ""zip"": """"}'}",1.08E+12,,2,2,2,2,5,wood frame (5),5,wood frame (5),2007-02-05T00:00:00.000,,,,,
5ea2077ec2aeecdcc61c5bf0,M53423,8,otc alterations permit,2007-01-09T00:00:00.000,1201,2,643,Divisadero,St,sidewalk permit,issued,2007-01-09T00:00:00.000,2007-01-09T00:00:00.000,2007-01-09T00:00:00.000,,,0,,,,5,Hayes Valley,94117,"{'latitude': '37.77562651684608', 'longitude': '-122.4382653474189', 'human_address': '{""address"": """", ""city"": """", ""state"": """", ""zip"": """"}'}",1.08E+11,,,,,,,,,,,,,,,
5ea2077ec2aeecdcc61c5bf1,M53423,8,otc alterations permit,2007-01-09T00:00:00.000,1201,2,645,Divisadero,St,sidewalk permit,issued,2007-01-09T00:00:00.000,2007-01-09T00:00:00.000,2007-01-09T00:00:00.000,,,0,,,,5,Hayes Valley,94117,"{'latitude': '37.77562651684608', 'longitude': '-122.4382653474189', 'human_address': '{""address"": """", ""city"": """", ""state"": """", ""zip"": """"}'}",1.08E+12,,,,,,,,,,,,,,,
5ea2077ec2aeecdcc61c5bf2,2.01E+11,8,otc alterations permit,2007-01-09T00:00:00.000,6566,10,3824,Cesar Chavez,St,replace 8 extg single pane wndw and 1 extg patio door with new double pane wood wndw and door maintaining same sizes and styles. 7 wndw visible from street,complete,2007-02-05T00:00:00.000,2007-01-09T00:00:00.000,2007-01-09T00:00:00.000,2007-07-09T00:00:00.000Z,8840,8840,2 family dwelling,2 family dwelling,0,8,Noe Valley,94131,"{'latitude': '37.74803417978139', 'longitude': '-122.42551652515279', 'human_address': '{""address"": """", ""city"": """", ""state"": """", ""zip"": """"}'}",1.08E+12,,2,2,2,2,5,wood frame (5),5,wood frame (5),2007-02-05T00:00:00.000,,,,,
5ea2077ec2aeecdcc61c5bf3,2.01E+11,3,additions alterations or repairs,2007-01-09T00:00:00.000,261,7,200,Sansome,St,"intall 1 fire alarm panel, 4 booster panels, 41 smoke detectors, 1 heat detector, 6 speakers, 69 speakers/strobs, 49 pull stations, 29 modules, 6 firemen phones, 1 printer.",expired,2009-04-07T00:00:00.000,2007-01-09T00:00:00.000,2007-03-12T00:00:00.000,2008-03-12T00:00:00.000Z,65000,65000,office,office,2,3,Financial District/South Beach,94104,"{'latitude': '37.79229561339396', 'longitude': '-122.40070689764669', 'human_address': '{""address"": """", ""city"": """", ""state"": """", ""zip"": """"}'}",1.08E+12,0,16,16,0,0,1,constr type 1,1,constr type 1,,,,,,
5ea2077ec2aeecdcc61c5bf4,2.01E+11,8,otc alterations permit,2007-01-09T00:00:00.000,3568,12,590,Valencia,St,"work @ restaurant only. relocate hood, install / replace 10' hood, new exhaust fan. type i hood. extinguishing system under separate permit.",complete,2007-08-15T00:00:00.000,2007-01-09T00:00:00.000,2007-01-09T00:00:00.000,2007-07-09T00:00:00.000Z,17000,17000,food/beverage hndlng,food/beverage hndlng,2,8,Mission,94110,"{'latitude': '37.763447760085185', 'longitude': '-122.4220433195789', 'human_address': '{""address"": """", ""city"": """", ""state"": """", ""zip"": """"}'}",1.08E+12,,3,3,21,21,5,wood frame (5),5,wood frame (5),2007-08-15T00:00:00.000,,,,,
5ea2077ec2aeecdcc61c5bf5,M53424,8,otc alterations permit,2007-01-09T00:00:00.000,221,60,1250,Jones,St,street space permit,issued,2007-01-09T00:00:00.000,2007-01-09T00:00:00.000,2007-01-09T00:00:00.000,,,0,,,,3,Nob Hill,94108,"{'latitude': '37.79305475737979', 'longitude': '-122.41407331282454', 'human_address': '{""address"": """", ""city"": """", ""state"": """", ""zip"": """"}'}",1.08E+11,702,,,,,,,,,,,,,,
5ea2077ec2aeecdcc61c5bf6,M53425,8,otc alterations permit,2007-01-09T00:00:00.000,3730,84,33,Rausch,St,sidewalk repair,issued,2007-01-09T00:00:00.000,2007-01-09T00:00:00.000,2007-01-09T00:00:00.000,,,0,,,,6,South of Market,94103,"{'latitude': '37.77680828751978', 'longitude': '-122.40974071461123', 'human_address': '{""address"": """", ""city"": """", ""state"": """", ""zip"": """"}'}",1.08E+12,,,,,,,,,,,,,,,
5ea2077ec2aeecdcc61c5bf7,M53426,8,otc alterations permit,2007-01-09T00:00:00.000,603,17,2149,Jackson,St,street space permit,issued,2007-01-09T00:00:00.000,2007-01-09T00:00:00.000,2007-01-09T00:00:00.000,,,0,,,,2,Pacific Heights,94115,"{'latitude': '37.792726624704834', 'longitude': '-122.43039820138894', 'human_address': '{""address"": """", ""city"": """", ""state"": """", ""zip"": """"}'}",1.08E+11,,,,,,,,,,,,,,,
5ea2077ec2aeecdcc61c5bf8,2.01E+11,8,otc alterations permit,2007-01-09T00:00:00.000,7537,22,630,30th,St,build fence along property line nextto concrete retaining wall and replace existing trellis,complete,2007-04-11T00:00:00.000,2007-01-09T00:00:00.000,2007-01-09T00:00:00.000,2007-05-09T00:00:00.000Z,5000,5000,1 family dwelling,1 family dwelling,2,8,Glen Park,94131,"{'latitude': '37.74187814405095', 'longitude': '-122.43403212306939', 'human_address': '{""address"": """", ""city"": """", ""state"": """", ""zip"": """"}'}",1.08E+12,,2,2,1,1,5,wood frame (5),5,wood frame (5),2007-04-11T00:00:00.000,,,,,
5ea2077ec2aeecdcc61c5bf9,M53428,8,otc alterations permit,2007-01-09T00:00:00.000,25,26,840,North Point,St,street space permit,issued,2007-01-09T00:00:00.000,2007-01-09T00:00:00.000,2007-01-09T00:00:00.000,,,0,,,,2,Russian Hill,94109,"{'latitude': '37.80590806633883', 'longitude': '-122.42114956949476', 'human_address': '{""address"": """", ""city"": """", ""state"": """", ""zip"": """"}'}",1.08E+12,,,,,,,,,,,,,,,
5ea2077ec2aeecdcc61c5bfa,2.01E+11,8,otc alterations permit,2007-01-09T00:00:00.000,715,68,151,Alice B Toklas,Pl,relocate extg fire sprnklr 7 new and 9 relocated,complete,2007-05-16T00:00:00.000,2007-01-09T00:00:00.000,2007-01-09T00:00:00.000,2007-05-09T00:00:00.000Z,4000,4000,apartments,apartments,2,6,Tenderloin,94109,"{'latitude': '37.785087993531405', 'longitude': '-122.42067400388059', 'human_address': '{""address"": """", ""city"": """", ""state"": """", ""zip"": """"}'}",1.08E+12,813,8,8,53,53,1,constr type 1,1,constr type 1,2007-05-16T00:00:00.000,,,,,
5ea2077ec2aeecdcc61c5bfb,2.01E+11,8,otc alterations permit,2007-01-09T00:00:00.000,182,21,1544,Jones,St,"remodel 1 bathroom, new toilet and tub. ceramic tile on walls & floor.",expired,2012-02-03T00:00:00.000,2007-01-09T00:00:00.000,2007-01-09T00:00:00.000,2007-07-09T00:00:00.000Z,9000,9000,apartments,apartments,0,3,Nob Hill,94133,"{'latitude': '37.79569571663588', 'longitude': '-122.41471661733927', 'human_address': '{""address"": """", ""city"": """", ""state"": """", ""zip"": """"}'}",1.08E+12,,3,3,15,15,5,wood frame (5),5,wood frame (5),,,,,,
5ea2077ec2aeecdcc61c5bfc,M53442,8,otc alterations permit,2007-01-09T00:00:00.000,1021,30,3365,Sacramento,St,streetspace and sidewalk,issued,2007-01-09T00:00:00.000,2007-01-09T00:00:00.000,2007-01-09T00:00:00.000,,,0,,,,2,Presidio Heights,94118,"{'latitude': '37.78759511186539', 'longitude': '-122.44800648151542', 'human_address': '{""address"": """", ""city"": """", ""state"": """", ""zip"": """"}'}",1.08E+11,,,,,,,,,,,,,,,
5ea2077ec2aeecdcc61c5bfd,M53443,8,otc alterations permit,2007-01-09T00:00:00.000,1255,076A,1339,Waller,St,streetspace and sidewalk,issued,2007-01-09T00:00:00.000,2007-01-09T00:00:00.000,2007-01-09T00:00:00.000,,,0,,,,5,Haight Ashbury,94117,"{'latitude': '37.7690119286054', 'longitude': '-122.44576467121483', 'human_address': '{""address"": """", ""city"": """", ""state"": """", ""zip"": """"}'}",1.08E+11,,,,,,,,,,,,,,,
5ea2077ec2aeecdcc61c5bfe,M53443,8,otc alterations permit,2007-01-09T00:00:00.000,1255,076A,1343,Waller,St,streetspace and sidewalk,issued,2007-01-09T00:00:00.000,2007-01-09T00:00:00.000,2007-01-09T00:00:00.000,,,0,,,,5,Haight Ashbury,94117,"{'latitude': '37.7690119286054', 'longitude': '-122.44576467121483', 'human_address': '{""address"": """", ""city"": """", ""state"": """", ""zip"": """"}'}",1.08E+12,,,,,,,,,,,,,,,
5ea2077ec2aeecdcc61c5bff,M53444,8,otc alterations permit,2007-01-09T00:00:00.000,1181,014B,1290,Grove,St,streetspace and sidewalk,issued,2007-01-09T00:00:00.000,2007-01-09T00:00:00.000,2007-01-09T00:00:00.000,,,0,,,,5,Hayes Valley,94117,"{'latitude': '37.77619542677946', 'longitude': '-122.43779376987165', 'human_address': '{""address"": """", ""city"": """", ""state"": """", ""zip"": """"}'}",1.08E+11,,,,,,,,,,,,,,,
5ea2077ec2aeecdcc61c5c00,M53445,8,otc alterations permit,2007-01-09T00:00:00.000,643,1,1545,Polk,St,streetspace and sidewalk,issued,2007-01-09T00:00:00.000,2007-01-09T00:00:00.000,2007-01-09T00:00:00.000,,,0,,,,3,Nob Hill,94109,"{'latitude': '37.79124924012027', 'longitude': '-122.42110409364383', 'human_address': '{""address"": """", ""city"": """", ""state"": """", ""zip"": """"}'}",1.08E+11,,,,,,,,,,,,,,,
5ea2077ec2aeecdcc61c5c01,M53446,8,otc alterations permit,2007-01-09T00:00:00.000,1202,002J,616,Divisadero,St,streetspace and sidewalk,issued,2007-01-09T00:00:00.000,2007-01-09T00:00:00.000,2007-01-09T00:00:00.000,,,0,,,,5,Hayes Valley,94117,"{'latitude': '37.775313751422985', 'longitude': '-122.4374623861592', 'human_address': '{""address"": """", ""city"": """", ""state"": """", ""zip"": """"}'}",1.08E+11,,,,,,,,,,,,,,,
5ea2077ec2aeecdcc61c5c02,2.01E+11,8,otc alterations permit,2007-01-09T00:00:00.000,3589,4,2224,Mission,St,"upgrade existing bathrooms with new toilets, sinks, mirrors, crab bars. install new door closures, new handicap accessible fixtures in both bathrooms, new hc stripe area in existing parking lot. no change in front door swings.",expired,2010-01-27T00:00:00.000,2007-01-09T00:00:00.000,2007-01-09T00:00:00.000,2007-05-09T00:00:00.000Z,1800,1800,food/beverage hndlng,food/beverage hndlng,2,9,Mission,94110,"{'latitude': '37.76131886779234', 'longitude': '-122.41973331509486', 'human_address': '{""address"": """", ""city"": """", ""state"": """", ""zip"": """"}'}",1.08E+12,,1,1,0,0,3,constr type 3,3,constr type 3,2007-01-22T00:00:00.000,,,,,
5ea2077ec2aeecdcc61c5c03,2.01E+11,8,otc alterations permit,2007-01-09T00:00:00.000,1289,32,160,Belgrave,Av,"a raised walkway-access form 12"" for s/w property line t entry at home, due to steps down and up",complete,2007-05-25T00:00:00.000,2007-01-09T00:00:00.000,2007-01-09T00:00:00.000,2007-07-09T00:00:00.000Z,20000,20000,1 family dwelling,1 family dwelling,2,5,Inner Sunset,94117,"{'latitude': '37.75979376378303', 'longitude': '-122.45082445806806', 'human_address': '{""address"": """", ""city"": """", ""state"": """", ""zip"": """"}'}",1.08E+11,,2,2,1,1,5,wood frame (5),5,wood frame (5),2007-05-25T00:00:00.000,,,,,
5ea2077ec2aeecdcc61c5c04,2.01E+11,8,otc alterations permit,2007-01-09T00:00:00.000,2050A,23,1877,Funston,Av,revision to pa# 2006/11/22/8387. to add plans & delete silt fence for emergency winterization of landslide slope (temporary). plan set is shared with 3 other permit applications (see for list above). special inspection requirement remain as in original pa. permit will not be finalized until,complete,2007-02-05T00:00:00.000,2007-01-09T00:00:00.000,2007-01-09T00:00:00.000,2007-05-09T00:00:00.000Z,1,1,1 family dwelling,1 family dwelling,2,7,Inner Sunset,94122,"{'latitude': '37.75309549392775', 'longitude': '-122.47051700617924', 'human_address': '{""address"": """", ""city"": """", ""state"": """", ""zip"": """"}'}",1.08E+12,,2,2,1,1,5,wood frame (5),5,wood frame (5),2007-02-05T00:00:00.000,,,,,
5ea2077ec2aeecdcc61c5c05,2.01E+11,3,additions alterations or repairs,2007-01-09T00:00:00.000,664,31,1760,Bush,St,sprinkler monitoriing system install.,expired,2009-04-07T00:00:00.000,2007-01-09T00:00:00.000,2007-08-06T00:00:00.000,2007-12-06T00:00:00.000Z,4000,4000,apartments,apartments,2,5,Pacific Heights,94109,"{'latitude': '37.78818274352447', 'longitude': '-122.42641177635605', 'human_address': '{""address"": """", ""city"": """", ""state"": """", ""zip"": """"}'}",1.08E+12,,6,6,108,108,1,constr type 1,1,constr type 1,,,,,,
5ea2077ec2aeecdcc61c5c06,2.01E+11,8,otc alterations permit,2007-01-09T00:00:00.000,2050A,24,1879,Funston,Av,revision to pa# 2006/11/22/8388. to add plans & delete silt fence for emergency winterization of landslide slope (temporary). plan set is shared with 3 other permit applications (see for list above). special inspection requirement remain as in original pa. permit will not be finalized until,complete,2007-02-02T00:00:00.000,2007-01-09T00:00:00.000,2007-01-09T00:00:00.000,2007-05-09T00:00:00.000Z,1,1,1 family dwelling,1 family dwelling,2,7,Inner Sunset,94122,"{'latitude': '37.75300076078577', 'longitude': '-122.47045029242793', 'human_address': '{""address"": """", ""city"": """", ""state"": """", ""zip"": """"}'}",1.08E+12,,2,2,1,1,5,wood frame (5),5,wood frame (5),2007-02-02T00:00:00.000,,,,,
5ea2077ec2aeecdcc61c5c07,2.01E+11,8,otc alterations permit,2007-01-09T00:00:00.000,2050A,20,1878,14th,Av,revision to pa# 2006/11/22/8386. to add plans & delete silt fence for emergency winterization of landslide slope (temporary). plan set is shared with 3 other permit applications (see for list above). special inspection requirement remain as in original pa. permit will not be finalized until,complete,2007-02-05T00:00:00.000,2007-01-09T00:00:00.000,2007-01-09T00:00:00.000,2007-05-09T00:00:00.000Z,1,1,1 family dwelling,1 family dwelling,2,7,Inner Sunset,94122,"{'latitude': '37.75286404935374', 'longitude': '-122.47072716911403', 'human_address': '{""address"": """", ""city"": """", ""state"": """", ""zip"": """"}'}",1.08E+12,,2,2,1,1,5,wood frame (5),5,wood frame (5),2007-02-05T00:00:00.000,,,,,
5ea2077ec2aeecdcc61c5c08,2.01E+11,8,otc alterations permit,2007-01-09T00:00:00.000,2050A,6,1848,14th,Av,revision to pa# 2006/11/22/8381. to add plans & delete silt fence for emergency winterization of landslide slope (temporary). plan set is shared with 3 other permit applications (see for list above). special inspection requirement remain as in original pa. permit will not be finalized until,complete,2007-02-05T00:00:00.000,2007-01-09T00:00:00.000,2007-01-09T00:00:00.000,2007-05-09T00:00:00.000Z,1,1,vacant lot,vacant lot,2,7,Inner Sunset,94122,"{'latitude': '37.75344407387596', 'longitude': '-122.47086109639314', 'human_address': '{""address"": """", ""city"": """", ""state"": """", ""zip"": """"}'}",1.08E+12,,0,0,0,0,,,,,2007-02-05T00:00:00.000,,,V,,
5ea2077ec2aeecdcc61c5c09,2.01E+11,3,additions alterations or repairs,2007-01-09T00:00:00.000,798,9,930,Grove,St,"comply with nov #200671344, issued on 7/14/06. provide (n) driveway access to (n) underground parking garage, provide (n) elevator-residential, provide (n) stair & modify (e) to (n) garage. mep under separate permit.",expired,2017-01-13T00:00:00.000,2007-01-09T00:00:00.000,2012-04-16T00:00:00.000,2015-04-01T00:00:00.000Z,300000,770000,apartments,apartments,2,5,Hayes Valley,94117,"{'latitude': '37.776939949209506', 'longitude': '-122.43228603420641', 'human_address': '{""address"": """", ""city"": """", ""state"": """", ""zip"": """"}'}",1.08E+12,,3,3,13,13,5,wood frame (5),5,wood frame (5),,Y,Y,,2012-04-16T00:00:00.000,
5ea2077ec2aeecdcc61c5c0a,2.01E+11,8,otc alterations permit,2007-01-09T00:00:00.000,1534,16,491,10th,Av,"remodel 4 kitchens and 4 bathrooms. remove walls and replace with beams. add 4 windows, 2 visible from street.",complete,2007-08-09T00:00:00.000,2007-01-09T00:00:00.000,2007-01-09T00:00:00.000,2008-01-09T00:00:00.000Z,45000,45000,apartments,apartments,2,1,Inner Richmond,94118,"{'latitude': '37.779137298327335', 'longitude': '-122.46861999900403', 'human_address': '{""address"": """", ""city"": """", ""state"": """", ""zip"": """"}'}",1.08E+12,,2,2,4,4,5,wood frame (5),5,wood frame (5),2007-08-09T00:00:00.000,,,,,
5ea2077ec2aeecdcc61c5c0b,2.01E+11,8,otc alterations permit,2007-01-09T00:00:00.000,1534,16,497,10th,Av,"remodel 4 kitchens and 4 bathrooms. remove walls and replace with beams. add 4 windows, 2 visible from street.",complete,2007-08-09T00:00:00.000,2007-01-09T00:00:00.000,2007-01-09T00:00:00.000,2008-01-09T00:00:00.000Z,45000,45000,apartments,apartments,2,1,Inner Richmond,94118,"{'latitude': '37.779137298327335', 'longitude': '-122.46861999900403', 'human_address': '{""address"": """", ""city"": """", ""state"": """", ""zip"": """"}'}",1.08E+12,0,2,2,4,4,5,wood frame (5),5,wood frame (5),2007-08-09T00:00:00.000,,,,,
5ea2077ec2aeecdcc61c5c0c,2.01E+11,8,otc alterations permit,2007-01-09T00:00:00.000,7137,15,240,Sagamore,St,reduce the size ofstorage at rear to comply with nov 200685673 & 200680568,complete,2007-05-24T00:00:00.000,2007-01-09T00:00:00.000,2007-01-09T00:00:00.000,2007-05-09T00:00:00.000Z,3000,3000,storage shed,storage shed,2,11,Oceanview/Merced/Ingleside,94112,"{'latitude': '37.71168510251742', 'longitude': '-122.46056193105913', 'human_address': '{""address"": """", ""city"": """", ""state"": """", ""zip"": """"}'}",1.08E+12,,2,2,0,0,5,wood frame (5),5,wood frame (5),2007-05-24T00:00:00.000,,,,,
5ea2077ec2aeecdcc61c5c0d,2.01E+11,8,otc alterations permit,2007-01-09T00:00:00.000,710,27,55,Western Shore,Ln,"replace kitchen + bathroom floor, sink, vanity, fixtures and 3 kitchen cabinets on unit#5 ground floor. no structural modifications.",complete,2007-02-08T00:00:00.000,2007-01-09T00:00:00.000,2007-01-09T00:00:00.000,2007-07-09T00:00:00.000Z,5500,5500,apartments,apartments,0,5,Western Addition,94115,"{'latitude': '37.78423591834485', 'longitude': '-122.42868045608749', 'human_address': '{""address"": """", ""city"": """", ""state"": """", ""zip"": """"}'}",1.08E+12,,3,3,24,24,5,wood frame (5),5,wood frame (5),2007-02-08T00:00:00.000,,,,,
5ea2077ec2aeecdcc61c5c0e,2.01E+11,8,otc alterations permit,2007-01-09T00:00:00.000,3755,169,130,Langton,St,"install 4 vinyl windows in kind into existing frames. no change in size or location. windows do  not face the street. if applicable, bedroom windows will comply with section 310.4 for rescue. all windows will be double pane and have a u-factor of .30.",complete,2015-10-05T00:00:00.000,2007-01-09T00:00:00.000,2007-01-09T00:00:00.000,2007-05-09T00:00:00.000Z,2893,2893,apartments,apartments,0,6,South of Market,94103,"{'latitude': '37.775762821678995', 'longitude': '-122.40795499182244', 'human_address': '{""address"": """", ""city"": """", ""state"": """", ""zip"": """"}'}",1.08E+12,,2,2,16,16,5,wood frame (5),5,wood frame (5),2015-10-05T00:00:00.000,,,A,,
5ea2077ec2aeecdcc61c5c0f,2.01E+11,8,otc alterations permit,2007-01-09T00:00:00.000,592,004D,1924,Jackson,St,"install 7 vinyl windows in kind into existin gframes. no change in size or location. windows do face the street. if applicable, bedroom windows will comply with section 310.4 for rescue. all windows will be double pane and have a u-factor of .30.",complete,2007-04-05T00:00:00.000,2007-01-09T00:00:00.000,2007-01-09T00:00:00.000,2007-05-09T00:00:00.000Z,3069,3069,2 family dwelling,2 family dwelling,0,2,Pacific Heights,94109,"{'latitude': '37.79372365072698', 'longitude': '-122.42684785478208', 'human_address': '{""address"": """", ""city"": """", ""state"": """", ""zip"": """"}'}",1.08E+12,,2,2,2,2,5,wood frame (5),5,wood frame (5),2007-04-05T00:00:00.000,,,,,
5ea2077ec2aeecdcc61c5c10,2.01E+11,8,otc alterations permit,2007-01-09T00:00:00.000,3032A,24,702,Foerster,St,to comply w/nov#200677519: install 3 electric wall heaters in middle foor (2 bedrooms & 1 dining room).,complete,2007-02-07T00:00:00.000,2007-01-09T00:00:00.000,2007-01-09T00:00:00.000,2007-05-09T00:00:00.000Z,1500,1500,1 family dwelling,1 family dwelling,0,7,West of Twin Peaks,94127,"{'latitude': '37.73395824369649', 'longitude': '-122.44865742021541', 'human_address': '{""address"": """", ""city"": """", ""state"": """", ""zip"": """"}'}",1.08E+12,,3,3,1,1,5,wood frame (5),5,wood frame (5),2007-02-07T00:00:00.000,,,,,
5ea2077ec2aeecdcc61c5c11,2.01E+11,3,additions alterations or repairs,2007-01-09T00:00:00.000,3788,44,680,02nd,St,modification of (e) store front,expired,2008-12-18T00:00:00.000,2007-01-09T00:00:00.000,2007-03-20T00:00:00.000,2008-03-20T00:00:00.000Z,75000,75000,office,office,2,6,Financial District/South Beach,94107,"{'latitude': '37.78069682790208', 'longitude': '-122.39123177386239', 'human_address': '{""address"": """", ""city"": """", ""state"": """", ""zip"": """"}'}",1.08E+12,,5,5,0,0,4,constr type 4,4,constr type 4,,,,,,
5ea2077ec2aeecdcc61c5c12,2.01E+11,8,otc alterations permit,2007-01-09T00:00:00.000,2091,21,1991,43rd,Av,"voluntary non-engineered sub structural strengthening. installation of a bolt, hold downsphd-5, plywood sheathing, see specifications attached.",issued,2007-01-09T00:00:00.000,2007-01-09T00:00:00.000,2007-01-09T00:00:00.000,2007-07-09T00:00:00.000Z,16547,16547,1 family dwelling,1 family dwelling,2,4,Sunset/Parkside,94116,"{'latitude': '37.74957914911898', 'longitude': '-122.50218802999092', 'human_address': '{""address"": """", ""city"": """", ""state"": """", ""zip"": """"}'}",1.08E+12,,1,1,1,1,5,wood frame (5),5,wood frame (5),,,,,,
5ea2077ec2aeecdcc61c5c13,2.01E+11,8,otc alterations permit,2007-01-09T00:00:00.000,3581,38,67,Ford,St,reroofing,issued,2007-01-09T00:00:00.000,2007-01-09T00:00:00.000,2007-01-09T00:00:00.000,2007-07-09T00:00:00.000Z,18297,18297,1 family dwelling,1 family dwelling,0,8,Castro/Upper Market,94114,"{'latitude': '37.76162696867856', 'longitude': '-122.43201952491756', 'human_address': '{""address"": """", ""city"": """", ""state"": """", ""zip"": """"}'}",1.08E+12,,1,1,1,1,5,wood frame (5),5,wood frame (5),,,,,,
5ea2077ec2aeecdcc61c5c14,2.01E+11,8,otc alterations permit,2007-01-09T00:00:00.000,3759,11,800,Bryant,St,renew:200504070957,complete,2007-01-30T00:00:00.000,2007-01-09T00:00:00.000,2007-01-09T00:00:00.000,2007-05-09T00:00:00.000Z,1,1,food/beverage hndlng,food/beverage hndlng,0,6,South of Market,94103,"{'latitude': '37.77602193262931', 'longitude': '-122.40293174859215', 'human_address': '{""address"": """", ""city"": """", ""state"": """", ""zip"": """"}'}",1.08E+12,,3,3,0,0,5,wood frame (5),5,wood frame (5),2007-01-30T00:00:00.000,,,,,
5ea2077ec2aeecdcc61c5c15,M53447,8,otc alterations permit,2007-01-09T00:00:00.000,1252,9,135,Belvedere,St,street space,issued,2007-01-09T00:00:00.000,2007-01-09T00:00:00.000,2007-01-09T00:00:00.000,,,0,,,,5,Haight Ashbury,94117,"{'latitude': '37.76799551143707', 'longitude': '-122.44962923881592', 'human_address': '{""address"": """", ""city"": """", ""state"": """", ""zip"": """"}'}",1.08E+11,,,,,,,,,,,,,,,
5ea2077ec2aeecdcc61c5c16,M53462,8,otc alterations permit,2007-01-09T00:00:00.000,5708,13,117,Newman,St,street space permit only.,issued,2007-01-09T00:00:00.000,2007-01-09T00:00:00.000,2007-01-09T00:00:00.000,,,0,,,,9,Bernal Heights,94110,"{'latitude': '37.737946817108494', 'longitude': '-122.41748907810631', 'human_address': '{""address"": """", ""city"": """", ""state"": """", ""zip"": """"}'}",1.08E+12,,,,,,,,,,,,,,,
5ea2077ec2aeecdcc61c5c17,M53463,8,otc alterations permit,2007-01-09T00:00:00.000,515,2,3157,Fillmore,St,street space & sidewalk,issued,2007-01-09T00:00:00.000,2007-01-09T00:00:00.000,2007-01-09T00:00:00.000,,,0,,,,2,Marina,94123,"{'latitude': '37.798725743589785', 'longitude': '-122.43611637996028', 'human_address': '{""address"": """", ""city"": """", ""state"": """", ""zip"": """"}'}",1.08E+12,0,,,,,,,,,,,,,,
5ea2077ec2aeecdcc61c5c18,M53463,8,otc alterations permit,2007-01-09T00:00:00.000,515,2,3161,Fillmore,St,street space & sidewalk,issued,2007-01-09T00:00:00.000,2007-01-09T00:00:00.000,2007-01-09T00:00:00.000,,,0,,,,2,Marina,94123,"{'latitude': '37.798725743589785', 'longitude': '-122.43611637996028', 'human_address': '{""address"": """", ""city"": """", ""state"": """", ""zip"": """"}'}",1.08E+12,,,,,,,,,,,,,,,
5ea2077ec2aeecdcc61c5c19,2.01E+11,8,otc alterations permit,2007-01-09T00:00:00.000,798,12,818,Steiner,St,no work notes added regarding tempered windw as per inspectors request. revision to app #200408181946s1,complete,2007-01-31T00:00:00.000,2007-01-09T00:00:00.000,2007-01-09T00:00:00.000,2007-05-09T00:00:00.000Z,1,1,1 family dwelling,1 family dwelling,2,5,Hayes Valley,94117,"{'latitude': '37.777181072120754', 'longitude': '-122.4327947683065', 'human_address': '{""address"": """", ""city"": """", ""state"": """", ""zip"": """"}'}",1.08E+11,,4,4,1,1,5,wood frame (5),5,wood frame (5),2007-01-31T00:00:00.000,,,,,
5ea2077ec2aeecdcc61c5c1a,2.01E+11,8,otc alterations permit,2007-01-09T00:00:00.000,5519,23,24,Mirabel,Av,remodel kitchen-open up doorway to kitchen. install new slider at back porch.,expired,2008-04-21T00:00:00.000,2007-01-09T00:00:00.000,2007-01-09T00:00:00.000,2007-07-09T00:00:00.000Z,20000,20000,1 family dwelling,1 family dwelling,2,9,Bernal Heights,94110,"{'latitude': '37.74608760284823', 'longitude': '-122.41698217645549', 'human_address': '{""address"": """", ""city"": """", ""state"": """", ""zip"": """"}'}",1.08E+12,,2,2,1,1,5,wood frame (5),5,wood frame (5),,,,,,
5ea2077ec2aeecdcc61c5c1b,2.01E+11,8,otc alterations permit,2007-01-09T00:00:00.000,2386,14,2475,39th,Av,"modify upper story street front facade, install (2) windows occupying approx. 6'9"" x12'0"" (width) window material milgard wood claf horizontal slider. fiberglan w/wood interior.",complete,2008-01-11T00:00:00.000,2007-01-09T00:00:00.000,2007-01-09T00:00:00.000,2007-05-09T00:00:00.000Z,3500,3500,1 family dwelling,1 family dwelling,2,4,Sunset/Parkside,94116,"{'latitude': '37.74071047035221', 'longitude': '-122.49734887552148', 'human_address': '{""address"": """", ""city"": """", ""state"": """", ""zip"": """"}'}",1.08E+12,,2,2,1,1,5,wood frame (5),5,wood frame (5),2008-01-11T00:00:00.000,,,,,
5ea2077ec2aeecdcc61c5c1c,2.01E+11,3,additions alterations or repairs,2007-01-09T00:00:00.000,1127,007A,1820,Eddy,St,this is a revision to approved permit #200307280541 and #200602275513. the front hall space is to be reconfigured into 2 areas with a new partition 10'-0 in height. the new areas are within the same extg room. this permit also includes details of as built conditions for soffit areas as per bldg insp,complete,2007-07-26T00:00:00.000,2007-01-09T00:00:00.000,2007-04-02T00:00:00.000,2007-08-02T00:00:00.000Z,1,5000,apartments,apartments,2,5,Western Addition,94115,"{'latitude': '37.78101611945966', 'longitude': '-122.43791633660695', 'human_address': '{""address"": """", ""city"": """", ""state"": """", ""zip"": """"}'}",1.08E+11,,4,4,12,12,5,wood frame (5),5,wood frame (5),2007-07-26T00:00:00.000,,,,,
5ea2077ec2aeecdcc61c5c1d,M53482,8,otc alterations permit,2007-01-09T00:00:00.000,1017,4,437,Spruce,St,street space permit,issued,2007-01-09T00:00:00.000,2007-01-09T00:00:00.000,2007-01-09T00:00:00.000,,,0,,,,2,Presidio Heights,94118,"{'latitude': '37.78681361114647', 'longitude': '-122.45380379221359', 'human_address': '{""address"": """", ""city"": """", ""state"": """", ""zip"": """"}'}",1.08E+12,0,,,,,,,,,,,,,,
5ea2077ec2aeecdcc61c5c1e,2.01E+11,8,otc alterations permit,2007-01-09T00:00:00.000,3956,8,300,De Haro,St,revision to 200606214661 parking lot area. relocate handicap stall to opposite side of parking lot. complaint #200564084.,issued,2007-01-09T00:00:00.000,2007-01-09T00:00:00.000,2007-01-09T00:00:00.000,2007-05-09T00:00:00.000Z,1,1,parking lot,parking lot,2,10,Mission Bay,94103,"{'latitude': '37.765595899780195', 'longitude': '-122.40211692334789', 'human_address': '{""address"": """", ""city"": """", ""state"": """", ""zip"": """"}'}",1.08E+12,,1,1,0,0,3,constr type 3,3,constr type 3,,,,,,
5ea2077ec2aeecdcc61c5c1f,2.01E+11,3,additions alterations or repairs,2007-01-09T00:00:00.000,3587,18,3620,19th,St,bldg #1 - to install new fire sprinkler system.,complete,2009-04-01T00:00:00.000,2007-01-09T00:00:00.000,2007-04-09T00:00:00.000,2007-10-09T00:00:00.000Z,5600,10222,1 family dwelling,1 family dwelling,2,8,Mission,94110,"{'latitude': '37.760438746139016', 'longitude': '-122.42432226418329', 'human_address': '{""address"": """", ""city"": """", ""state"": """", ""zip"": """"}'}",1.09E+12,,2,2,1,1,5,wood frame (5),5,wood frame (5),2009-04-01T00:00:00.000,,,,,
5ea2077ec2aeecdcc61c5c20,2.01E+11,3,additions alterations or repairs,2007-01-09T00:00:00.000,3587,18,3620,19th,St,bldg #2 - to install new fire sprinkler system.,complete,2009-04-01T00:00:00.000,2007-01-09T00:00:00.000,2007-04-06T00:00:00.000,2007-10-06T00:00:00.000Z,5600,10222,1 family dwelling,1 family dwelling,2,8,Mission,94110,"{'latitude': '37.760438746139016', 'longitude': '-122.42432226418329', 'human_address': '{""address"": """", ""city"": """", ""state"": """", ""zip"": """"}'}",1.09E+12,,2,2,1,1,5,wood frame (5),5,wood frame (5),2009-04-01T00:00:00.000,,,,,
5ea2077ec2aeecdcc61c5c21,2.01E+11,3,additions alterations or repairs,2007-01-09T00:00:00.000,3587,70,3620,19th,St,bldg #2 - to install new fire sprinkler system.,complete,2009-04-01T00:00:00.000,2007-01-09T00:00:00.000,2007-04-06T00:00:00.000,2007-10-06T00:00:00.000Z,5600,10222,1 family dwelling,1 family dwelling,2,8,Mission,94110,"{'latitude': '37.761014018841514', 'longitude': '-122.42432525968303', 'human_address': '{""address"": """", ""city"": """", ""state"": """", ""zip"": """"}'}",1.09E+12,,2,2,1,1,5,wood frame (5),5,wood frame (5),2009-04-01T00:00:00.000,,,,,
5ea2077ec2aeecdcc61c5c22,2.01E+11,3,additions alterations or repairs,2007-01-09T00:00:00.000,3587,18,3620,19th,St,bldg# 3 -  to install new fire sprinkler system.,complete,2009-04-01T00:00:00.000,2007-01-09T00:00:00.000,2007-04-06T00:00:00.000,2007-10-06T00:00:00.000Z,5600,5600,1 family dwelling,1 family dwelling,2,8,Mission,94110,"{'latitude': '37.760438746139016', 'longitude': '-122.42432226418329', 'human_address': '{""address"": """", ""city"": """", ""state"": """", ""zip"": """"}'}",1.09E+12,,2,2,1,1,5,wood frame (5),5,wood frame (5),2009-04-01T00:00:00.000,,,,,
5ea2077ec2aeecdcc61c5c23,2.01E+11,3,additions alterations or repairs,2007-01-09T00:00:00.000,3587,70,3620,19th,St,bldg# 3 -  to install new fire sprinkler system.,complete,2009-04-01T00:00:00.000,2007-01-09T00:00:00.000,2007-04-06T00:00:00.000,2007-10-06T00:00:00.000Z,5600,5600,1 family dwelling,1 family dwelling,2,8,Mission,94110,"{'latitude': '37.761014018841514', 'longitude': '-122.42432525968303', 'human_address': '{""address"": """", ""city"": """", ""state"": """", ""zip"": """"}'}",1.09E+12,,2,2,1,1,5,wood frame (5),5,wood frame (5),2009-04-01T00:00:00.000,,,,,
5ea2077ec2aeecdcc61c5c24,2.01E+11,3,additions alterations or repairs,2007-01-09T00:00:00.000,3587,18,3620,19th,St,bldg #4 - to install new fire sprinkler system.,complete,2009-04-01T00:00:00.000,2007-01-09T00:00:00.000,2007-04-06T00:00:00.000,2007-10-06T00:00:00.000Z,5600,10227,1 family dwelling,1 family dwelling,2,8,Mission,94110,"{'latitude': '37.760438746139016', 'longitude': '-122.42432226418329', 'human_address': '{""address"": """", ""city"": """", ""state"": """", ""zip"": """"}'}",1.09E+12,,2,2,1,1,5,wood frame (5),5,wood frame (5),2009-04-01T00:00:00.000,,,,,
5ea2077ec2aeecdcc61c5c25,2.01E+11,3,additions alterations or repairs,2007-01-09T00:00:00.000,3587,70,3620,19th,St,bldg #4 - to install new fire sprinkler system.,complete,2009-04-01T00:00:00.000,2007-01-09T00:00:00.000,2007-04-06T00:00:00.000,2007-10-06T00:00:00.000Z,5600,10227,1 family dwelling,1 family dwelling,2,8,Mission,94110,"{'latitude': '37.761014018841514', 'longitude': '-122.42432525968303', 'human_address': '{""address"": """", ""city"": """", ""state"": """", ""zip"": """"}'}",1.09E+12,,2,2,1,1,5,wood frame (5),5,wood frame (5),2009-04-01T00:00:00.000,,,,,
5ea2077fc2aeecdcc61c5c26,2.01E+11,8,otc alterations permit,2007-01-10T00:00:00.000,5471,21,205,Salinas,Av,replace kit;chen cabinets in kind. no structural changes. no other work (no lighting change).,expired,2007-08-23T00:00:00.000,2007-01-10T00:00:00.000,2007-01-10T00:00:00.000,2007-07-10T00:00:00.000Z,10869,10869,1 family dwelling,1 family dwelling,0,10,Bayview Hunters Point,94124,"{'latitude': '37.72095725789466', 'longitude': '-122.39856286991059', 'human_address': '{""address"": """", ""city"": """", ""state"": """", ""zip"": """"}'}",1.08E+12,,2,2,1,1,5,wood frame (5),5,wood frame (5),,,,,,
5ea2077fc2aeecdcc61c5c27,M53502,8,otc alterations permit,2007-01-10T00:00:00.000,3787,12,216,Townsend,St,sidewalk permit,issued,2007-01-10T00:00:00.000,2007-01-10T00:00:00.000,2007-01-10T00:00:00.000,,,0,,,,6,South of Market,94107,"{'latitude': '37.778694759874895', 'longitude': '-122.39334678077768', 'human_address': '{""address"": """", ""city"": """", ""state"": """", ""zip"": """"}'}",1.08E+12,,,,,,,,,,,,,,,
5ea2077fc2aeecdcc61c5c28,2.01E+11,8,otc alterations permit,2007-01-10T00:00:00.000,6742,30,657,Chenery,St,"replace (e) stucco finish with shingles @ east west and north walls per plan, reface east wall with exterior grade plywood siding.",expired,2008-02-26T00:00:00.000,2007-01-10T00:00:00.000,2007-01-10T00:00:00.000,2007-07-10T00:00:00.000Z,10000,10000,1 family dwelling,1 family dwelling,2,8,Glen Park,94131,"{'latitude': '37.734304560900426', 'longitude': '-122.43309134097113', 'human_address': '{""address"": """", ""city"": """", ""state"": """", ""zip"": """"}'}",1.08E+12,,2,2,1,1,5,wood frame (5),5,wood frame (5),,,,,,
5ea2077fc2aeecdcc61c5c29,2.01E+11,8,otc alterations permit,2007-01-10T00:00:00.000,3010,47,709,Myra,Wy,reroofing,complete,2007-01-17T00:00:00.000,2007-01-10T00:00:00.000,2007-01-10T00:00:00.000,2007-07-10T00:00:00.000Z,10000,10000,1 family dwelling,1 family dwelling,0,7,West of Twin Peaks,94127,"{'latitude': '37.74010066108492', 'longitude': '-122.45104523136398', 'human_address': '{""address"": """", ""city"": """", ""state"": """", ""zip"": """"}'}",1.08E+12,,,,,,,,,,2007-01-17T00:00:00.000,,,,,
5ea2077fc2aeecdcc61c5c2a,2.01E+11,3,additions alterations or repairs,2007-01-10T00:00:00.000,55,18,298,Chestnut,St,revision pa# 200602285576-trellis at rear.,expired,2009-01-26T00:00:00.000,2007-01-10T00:00:00.000,2007-02-23T00:00:00.000,2007-06-23T00:00:00.000Z,1,1,1 family dwelling,1 family dwelling,2,3,North Beach,94133,"{'latitude': '37.804651045438476', 'longitude': '-122.40818237305187', 'human_address': '{""address"": """", ""city"": """", ""state"": """", ""zip"": """"}'}",1.08E+11,,3,3,1,1,5,wood frame (5),5,wood frame (5),,,,,,
5ea2077fc2aeecdcc61c5c2b,2.01E+11,8,otc alterations permit,2007-01-10T00:00:00.000,862,27,723,Haight,St,"remodel (e) kitchen at 2nd floor (unit #2), remove (e) partition walls at ground level, remove door and window at rear elevation & relocate door, provide (n) 1-hr rated corridor to (e) exit passageway",expired,2009-06-03T00:00:00.000,2007-01-10T00:00:00.000,2007-01-10T00:00:00.000,2007-07-10T00:00:00.000Z,10000,10000,apartments,apartments,2,5,Haight Ashbury,94117,"{'latitude': '37.77141948829418', 'longitude': '-122.43413603090688', 'human_address': '{""address"": """", ""city"": """", ""state"": """", ""zip"": """"}'}",1.08E+11,,4,4,6,6,5,wood frame (5),5,wood frame (5),,,,,,
5ea2077fc2aeecdcc61c5c2c,M53503,8,otc alterations permit,2007-01-10T00:00:00.000,1528,1,5201,Geary,Bl,street space,issued,2007-01-10T00:00:00.000,2007-01-10T00:00:00.000,2007-01-10T00:00:00.000,,,0,,,,1,Outer Richmond,94118,"{'latitude': '37.78024782265665', 'longitude': '-122.47526607788316', 'human_address': '{""address"": """", ""city"": """", ""state"": """", ""zip"": """"}'}",1.08E+12,,,,,,,,,,,,,,,
5ea2077fc2aeecdcc61c5c2d,2.01E+11,8,otc alterations permit,2007-01-10T00:00:00.000,6954,022C,975,Cayuga,Av,reroofing,expired,2007-08-09T00:00:00.000,2007-01-10T00:00:00.000,2007-01-10T00:00:00.000,2007-07-10T00:00:00.000Z,6480,6480,1 family dwelling,1 family dwelling,0,11,Outer Mission,94112,"{'latitude': '37.722424967405395', 'longitude': '-122.43927168116689', 'human_address': '{""address"": """", ""city"": """", ""state"": """", ""zip"": """"}'}",1.08E+12,,,,,,,,,,,,,,,
5ea2077fc2aeecdcc61c5c2e,2.01E+11,8,otc alterations permit,2007-01-10T00:00:00.000,4968,31,1125,Ingerson,Av,"to replace approximily 500 sqft of redwood siding on left side of building. repair of 10 feet of foundation on left side. install, new foundation j bolts on all foundation repair some dry rot on existing doundation plates or 2x4 studs.",expired,2007-07-02T00:00:00.000,2007-01-10T00:00:00.000,2007-01-10T00:00:00.000,2007-05-10T00:00:00.000Z,5000,5000,1 family dwelling,1 family dwelling,0,10,Bayview Hunters Point,94124,"{'latitude': '37.72016998645565', 'longitude': '-122.39542270177228', 'human_address': '{""address"": """", ""city"": """", ""state"": """", ""zip"": """"}'}",1.08E+12,,2,2,1,1,5,wood frame (5),5,wood frame (5),,,,,,
5ea2077fc2aeecdcc61c5c2f,2.01E+11,8,otc alterations permit,2007-01-10T00:00:00.000,3532,58,71,Woodward,St,reroofing,complete,2012-06-29T00:00:00.000,2007-01-10T00:00:00.000,2007-01-10T00:00:00.000,2007-07-10T00:00:00.000Z,7480,7480,apartments,apartments,0,9,Mission,94103,"{'latitude': '37.768834066736545', 'longitude': '-122.420644052027', 'human_address': '{""address"": """", ""city"": """", ""state"": """", ""zip"": """"}'}",1.08E+12,,,,,,,,,,2012-06-29T00:00:00.000,,,,,
5ea2077fc2aeecdcc61c5c30,2.01E+11,8,otc alterations permit,2007-01-10T00:00:00.000,3532,58,73,Woodward,St,reroofing,complete,2012-06-29T00:00:00.000,2007-01-10T00:00:00.000,2007-01-10T00:00:00.000,2007-07-10T00:00:00.000Z,7480,7480,apartments,apartments,0,9,Mission,94103,"{'latitude': '37.768834066736545', 'longitude': '-122.420644052027', 'human_address': '{""address"": """", ""city"": """", ""state"": """", ""zip"": """"}'}",1.08E+12,,,,,,,,,,2012-06-29T00:00:00.000,,,,,
5ea2077fc2aeecdcc61c5c31,2.01E+11,3,additions alterations or repairs,2007-01-10T00:00:00.000,3775,53,70,South Park,,revision to application 200510064957 s-1 update structural  dreawings for segamentd pour and steam walls,withdrawn,2007-02-01T00:00:00.000,2007-01-10T00:00:00.000,,,1,,1 family dwelling,1 family dwelling,2,6,Financial District/South Beach,94107,"{'latitude': '37.78206805521809', 'longitude': '-122.39395673506083', 'human_address': '{""address"": """", ""city"": """", ""state"": """", ""zip"": """"}'}",1.08E+12,,3,3,1,1,1,constr type 1,1,constr type 1,,,,,,
5ea2077fc2aeecdcc61c5c32,2.01E+11,8,otc alterations permit,2007-01-10T00:00:00.000,1856,40,1528,11th,Av,rev. to pa#2005/07/07/7031- closet and bathroom removel on second floor a.3. new wood screening on roof deck. all on separate permit in future.,complete,2007-01-30T00:00:00.000,2007-01-10T00:00:00.000,2007-01-10T00:00:00.000,2007-05-10T00:00:00.000Z,1,1,1 family dwelling,1 family dwelling,0,7,Inner Sunset,94122,"{'latitude': '37.759676641726855', 'longitude': '-122.46782530344032', 'human_address': '{""address"": """", ""city"": """", ""state"": """", ""zip"": """"}'}",1.08E+12,,2,2,1,1,5,wood frame (5),5,wood frame (5),2007-01-30T00:00:00.000,,,,,
5ea2077fc2aeecdcc61c5c33,2.01E+11,8,otc alterations permit,2007-01-10T00:00:00.000,7013,37,58,Jules,Av,"new double pained windows will be installed, two are in front and two are in back.",expired,2009-04-06T00:00:00.000,2007-01-10T00:00:00.000,2007-01-10T00:00:00.000,2007-05-10T00:00:00.000Z,3500,3500,1 family dwelling,1 family dwelling,0,11,Oceanview/Merced/Ingleside,94112,"{'latitude': '37.719287218928265', 'longitude': '-122.4609206433264', 'human_address': '{""address"": """", ""city"": """", ""state"": """", ""zip"": """"}'}",1.08E+12,,2,2,1,1,5,wood frame (5),5,wood frame (5),,,,,,
5ea2077fc2aeecdcc61c5c34,M53544,8,otc alterations permit,2007-01-10T00:00:00.000,6516,9,2890,Mission,St,street space & sidewalk repair,issued,2007-01-10T00:00:00.000,2007-01-10T00:00:00.000,2007-01-10T00:00:00.000,,,0,,,,9,Mission,94110,"{'latitude': '37.75079553471085', 'longitude': '-122.4186488303516', 'human_address': '{""address"": """", ""city"": """", ""state"": """", ""zip"": """"}'}",1.08E+12,,,,,,,,,,,,,,,
5ea2077fc2aeecdcc61c5c35,2.01E+11,8,otc alterations permit,2007-01-10T00:00:00.000,868,11,244,Hermann,St,"install 12 vinyl windows in kind into (e) frames. no change in size or location. windows do face the street. if applicable, bedroom windows will comply with section 310.4 for rescue. all windows will be double pane & have a u-factor of 0.30.",complete,2007-02-14T00:00:00.000,2007-01-10T00:00:00.000,2007-01-10T00:00:00.000,2007-07-10T00:00:00.000Z,5933,5933,apartments,apartments,0,5,Hayes Valley,94117,"{'latitude': '37.77054078660429', 'longitude': '-122.4292464893063', 'human_address': '{""address"": """", ""city"": """", ""state"": """", ""zip"": """"}'}",1.08E+11,,2,2,4,4,5,wood frame (5),5,wood frame (5),2007-02-14T00:00:00.000,,,,,
5ea2077fc2aeecdcc61c5c36,2.01E+11,8,otc alterations permit,2007-01-10T00:00:00.000,2375,21,3620,Taraval,St,unit#1. install 3 vinyl windows in kind into (e) frames.no change in size or location. windows do face the street. all windows will be double pane & have a u-factor of 0.30.,complete,2007-03-08T00:00:00.000,2007-01-10T00:00:00.000,2007-01-10T00:00:00.000,2007-05-10T00:00:00.000Z,2897,2897,2 family dwelling,2 family dwelling,0,4,Sunset/Parkside,94116,"{'latitude': '37.742003103936156', 'longitude': '-122.50508751489104', 'human_address': '{""address"": """", ""city"": """", ""state"": """", ""zip"": """"}'}",1.08E+12,,2,2,2,2,5,wood frame (5),5,wood frame (5),2007-03-08T00:00:00.000,,,,,
5ea2077fc2aeecdcc61c5c37,2.01E+11,8,otc alterations permit,2007-01-10T00:00:00.000,2518,36,2821,Yorba,St,"install 3 vinyl windows in kind into (e) frames. no change in size or location. windows do face the front. if applicable, bedroom windows will comply with section 310.4 for rescue. windows do face the street. all windows will be double pane & have a u-factor of 0.30.",issued,2007-01-10T00:00:00.000,2007-01-10T00:00:00.000,2007-01-10T00:00:00.000,2007-05-10T00:00:00.000Z,3188,3188,1 family dwelling,1 family dwelling,0,4,Sunset/Parkside,94116,"{'latitude': '37.73441320792425', 'longitude': '-122.49699699428179', 'human_address': '{""address"": """", ""city"": """", ""state"": """", ""zip"": """"}'}",1.08E+12,,2,2,1,1,5,wood frame (5),5,wood frame (5),,,,,,
5ea2077fc2aeecdcc61c5c38,2.01E+11,8,otc alterations permit,2007-01-10T00:00:00.000,1895,26,1678,Great,Hy,"revisiont permit to: app.#20404060513, pernut 1021694. ab built condition in living room area, kitchen layout and family room colset and bedroom.",complete,2008-03-14T00:00:00.000,2007-01-10T00:00:00.000,2007-01-10T00:00:00.000,2007-05-10T00:00:00.000Z,1,1,1 family dwelling,1 family dwelling,2,4,Sunset/Parkside,94122,"{'latitude': '37.75515709321531', 'longitude': '-122.50842135800593', 'human_address': '{""address"": """", ""city"": """", ""state"": """", ""zip"": """"}'}",1.08E+12,,2,2,1,1,5,wood frame (5),5,wood frame (5),2008-03-14T00:00:00.000,,,,,
5ea2077fc2aeecdcc61c5c39,2.01E+11,8,otc alterations permit,2007-01-10T00:00:00.000,4710,60,1550,La Salle,Av,"safety bars on three windows (2 in the back of the upstairs, 1 on the side downstair) and on the gate door (back of the house).1 more in front of the house downstairs. totl 4 windows & 1 door. safety bars operable from inside without tools.",complete,2007-04-13T00:00:00.000,2007-01-10T00:00:00.000,2007-01-10T00:00:00.000,2007-05-10T00:00:00.000Z,1000,1000,1 family dwelling,1 family dwelling,0,10,Bayview Hunters Point,94124,"{'latitude': '37.73614514857685', 'longitude': '-122.38759205712786', 'human_address': '{""address"": """", ""city"": """", ""state"": """", ""zip"": """"}'}",1.08E+12,,2,2,1,1,5,wood frame (5),5,wood frame (5),2007-04-13T00:00:00.000,,,,,
5ea2077fc2aeecdcc61c5c3a,2.01E+11,8,otc alterations permit,2007-01-10T00:00:00.000,6022,31,800,Excelsior,Av,reroofing.,expired,2007-11-30T00:00:00.000,2007-01-10T00:00:00.000,2007-01-10T00:00:00.000,2007-07-10T00:00:00.000Z,8100,8100,1 family dwelling,1 family dwelling,0,11,Excelsior,94112,"{'latitude': '37.72297827910005', 'longitude': '-122.42707399019837', 'human_address': '{""address"": """", ""city"": """", ""state"": """", ""zip"": """"}'}",1.08E+12,,,,,,,,,,,,,,,
5ea2077fc2aeecdcc61c5c3b,M53522,8,otc alterations permit,2007-01-10T00:00:00.000,1215,16,1100,Oak,St,street space & sidewalk,issued,2007-01-10T00:00:00.000,2007-01-10T00:00:00.000,2007-01-10T00:00:00.000,,,0,,,,5,Hayes Valley,94117,"{'latitude': '37.7733640668518', 'longitude': '-122.43787522657315', 'human_address': '{""address"": """", ""city"": """", ""state"": """", ""zip"": """"}'}",1.08E+11,,,,,,,,,,,,,,,
5ea2077fc2aeecdcc61c5c3c,M53523,8,otc alterations permit,2007-01-10T00:00:00.000,5362,3,5245,03rd,St,sidewalk,issued,2007-01-10T00:00:00.000,2007-01-10T00:00:00.000,2007-01-10T00:00:00.000,,,0,,,,10,Bayview Hunters Point,94124,"{'latitude': '37.73021354609903', 'longitude': '-122.39201808948252', 'human_address': '{""address"": """", ""city"": """", ""state"": """", ""zip"": """"}'}",1.08E+12,,,,,,,,,,,,,,,
5ea2077fc2aeecdcc61c5c3d,M53524,8,otc alterations permit,2007-01-10T00:00:00.000,1229,33,1700,Haight,St,sidewalk,issued,2007-01-10T00:00:00.000,2007-01-10T00:00:00.000,2007-01-10T00:00:00.000,,,0,,,,5,Haight Ashbury,94117,"{'latitude': '37.769790601805454', 'longitude': '-122.45045850523246', 'human_address': '{""address"": """", ""city"": """", ""state"": """", ""zip"": """"}'}",10795362379,,,,,,,,,,,,,,,
5ea2077fc2aeecdcc61c5c3e,M53525,8,otc alterations permit,2007-01-10T00:00:00.000,1228,5,1878,Haight,St,sidewalk,issued,2007-01-10T00:00:00.000,2007-01-10T00:00:00.000,2007-01-10T00:00:00.000,,,0,,,,5,Haight Ashbury,94117,"{'latitude': '37.76954808656871', 'longitude': '-122.45281470382479', 'human_address': '{""address"": """", ""city"": """", ""state"": """", ""zip"": """"}'}",1.08E+12,,,,,,,,,,,,,,,
5ea2077fc2aeecdcc61c5c3f,M53526,8,otc alterations permit,2007-01-10T00:00:00.000,1228,6,690,Stanyan,St,sidewalk,issued,2007-01-10T00:00:00.000,2007-01-10T00:00:00.000,2007-01-10T00:00:00.000,,,0,,,,5,Haight Ashbury,94117,"{'latitude': '37.769485908014', 'longitude': '-122.45328169319872', 'human_address': '{""address"": """", ""city"": """", ""state"": """", ""zip"": """"}'}",1.08E+12,,,,,,,,,,,,,,,
5ea2077fc2aeecdcc61c5c40,M53527,8,otc alterations permit,2007-01-10T00:00:00.000,3932,1,208,Utah,St,street space permit only.,issued,2007-01-10T00:00:00.000,2007-01-10T00:00:00.000,2007-01-10T00:00:00.000,,,0,,,,10,Mission,94103,"{'latitude': '37.76676642726421', 'longitude': '-122.40712560720348', 'human_address': '{""address"": """", ""city"": """", ""state"": """", ""zip"": """"}'}",1.08E+12,,,,,,,,,,,,,,,
5ea2077fc2aeecdcc61c5c41,2.01E+11,4,sign - erect,2007-01-10T00:00:00.000,489,22,2398,Lombard,St,to erect a single-faced non-electric walal sign,complete,2007-02-01T00:00:00.000,2007-01-10T00:00:00.000,2007-01-10T00:00:00.000,2007-07-10T00:00:00.000Z,,7000,retail sales,,2,2,Marina,94123,"{'latitude': '37.79950902441924', 'longitude': '-122.44086756460982', 'human_address': '{""address"": """", ""city"": """", ""state"": """", ""zip"": """"}'}",1.08E+12,,,,,,,,,,2007-02-01T00:00:00.000,,,,,
5ea2077fc2aeecdcc61c5c42,2.01E+11,8,otc alterations permit,2007-01-10T00:00:00.000,5575,8,16,Joy,St,remove stucco on front of building. re-finish & paint (e) redwood siding. replace 3 windows of same design & size on front of building. replace wood deck of same design & size on front of house. no framing or concrete alterations are planned.,expired,2007-08-01T00:00:00.000,2007-01-10T00:00:00.000,2007-01-10T00:00:00.000,2007-07-10T00:00:00.000Z,20000,20000,1 family dwelling,1 family dwelling,0,9,Bernal Heights,94110,"{'latitude': '37.743940386796424', 'longitude': '-122.40685209756282', 'human_address': '{""address"": """", ""city"": """", ""state"": """", ""zip"": """"}'}",1.08E+12,,2,2,1,1,5,wood frame (5),5,wood frame (5),,,,,,
5ea2077fc2aeecdcc61c5c43,2.01E+11,8,otc alterations permit,2007-01-10T00:00:00.000,2618A,21,60,Clifford,Tr,"item ia,3a,3b,3c,5a,5b,5c & 5d per lingruen assoc. report #48843 &8843-s1 (non structural work)",complete,2007-02-01T00:00:00.000,2007-01-10T00:00:00.000,2007-01-10T00:00:00.000,2007-07-10T00:00:00.000Z,9500,9500,1 family dwelling,1 family dwelling,0,8,Castro/Upper Market,94117,"{'latitude': '37.76408753102657', 'longitude': '-122.4437695735175', 'human_address': '{""address"": """", ""city"": """", ""state"": """", ""zip"": """"}'}",1.08E+12,,2,2,1,1,5,wood frame (5),5,wood frame (5),2007-02-01T00:00:00.000,,,,,
5ea2077fc2aeecdcc61c5c44,M53542,8,otc alterations permit,2007-01-10T00:00:00.000,5575,8,16,Joy,St,street space permit only.,issued,2007-01-10T00:00:00.000,2007-01-10T00:00:00.000,2007-01-10T00:00:00.000,,,0,,,,9,Bernal Heights,94110,"{'latitude': '37.743940386796424', 'longitude': '-122.40685209756282', 'human_address': '{""address"": """", ""city"": """", ""state"": """", ""zip"": """"}'}",1.08E+12,,,,,,,,,,,,,,,
5ea2077fc2aeecdcc61c5c45,M53543,8,otc alterations permit,2007-01-10T00:00:00.000,3786,13,310,Townsend,St,street space,issued,2007-01-10T00:00:00.000,2007-01-10T00:00:00.000,2007-01-10T00:00:00.000,,,0,,,,6,South of Market,94107,"{'latitude': '37.777052036991954', 'longitude': '-122.39574899018349', 'human_address': '{""address"": """", ""city"": """", ""state"": """", ""zip"": """"}'}",1.08E+12,0,,,,,,,,,,,,,,
5ea2077fc2aeecdcc61c5c46,M53544,8,otc alterations permit,2007-01-10T00:00:00.000,6516,9,2884,Mission,St,street space & sidewalk repair,issued,2007-01-10T00:00:00.000,2007-01-10T00:00:00.000,2007-01-10T00:00:00.000,,,0,,,,9,Mission,94110,"{'latitude': '37.75079553471085', 'longitude': '-122.4186488303516', 'human_address': '{""address"": """", ""city"": """", ""state"": """", ""zip"": """"}'}",1.08E+12,,,,,,,,,,,,,,,
5ea2077fc2aeecdcc61c5c47,2.01E+11,3,additions alterations or repairs,2007-01-10T00:00:00.000,3000B,17,675,Teresita,Bl,"remodel of (e) residence to include (n) master suite (nte 500 sq ft). replace (e) siding, add all windows and exit doors. new decks and balconies, interior stair to be replaced. no vertical.",complete,2009-05-28T00:00:00.000,2007-01-10T00:00:00.000,2007-09-04T00:00:00.000,2008-09-04T00:00:00.000Z,100000,275000,1 family dwelling,1 family dwelling,2,7,West of Twin Peaks,94131,"{'latitude': '37.736017263394785', 'longitude': '-122.44582902716726', 'human_address': '{""address"": """", ""city"": """", ""state"": """", ""zip"": """"}'}",1.08E+12,,3,3,1,1,5,wood frame (5),5,wood frame (5),2009-05-28T00:00:00.000,Y,Y,,,
5ea2077fc2aeecdcc61c5c48,2.01E+11,8,otc alterations permit,2007-01-10T00:00:00.000,1155,18,914,Divisadero,St,to renew pa# 2005/09/02/2013 to continue work.,expired,2011-01-20T00:00:00.000,2007-01-10T00:00:00.000,2007-01-10T00:00:00.000,2008-01-10T00:00:00.000Z,50000,50000,office,2 family dwelling,0,5,Western Addition,94115,"{'latitude': '37.778095523567764', 'longitude': '-122.43810811490475', 'human_address': '{""address"": """", ""city"": """", ""state"": """", ""zip"": """"}'}",1.08E+11,,4,4,0,2,5,wood frame (5),5,wood frame (5),,,,,,
5ea2077fc2aeecdcc61c5c49,2.01E+11,6,demolitions,2007-01-10T00:00:00.000,4108,003F,2420,03rd,St,to demolish 1 story building,complete,2007-02-16T00:00:00.000,2007-01-10T00:00:00.000,2007-01-10T00:00:00.000,2007-07-09T00:00:00.000Z,,,barber/beauty salon,,0,10,Potrero Hill,94107,"{'latitude': '37.75894062441518', 'longitude': '-122.38872195088865', 'human_address': '{""address"": """", ""city"": """", ""state"": """", ""zip"": """"}'}",1.08E+12,,1,,0,,5,wood frame (5),,,2007-02-16T00:00:00.000,,,,,
5ea2077fc2aeecdcc61c5c4a,M53545,8,otc alterations permit,2007-01-10T00:00:00.000,5710,23,29,Gladys,St,street space permit only.,issued,2007-01-10T00:00:00.000,2007-01-10T00:00:00.000,2007-01-10T00:00:00.000,,,0,,,,9,Bernal Heights,94110,"{'latitude': '37.73967856610072', 'longitude': '-122.42237884479093', 'human_address': '{""address"": """", ""city"": """", ""state"": """", ""zip"": """"}'}",1.08E+12,,,,,,,,,,,,,,,
5ea2077fc2aeecdcc61c5c4b,2.01E+11,8,otc alterations permit,2007-01-10T00:00:00.000,6536,23,1175,Sanchez,St,"replace (e) brick foundation with reinforced concrete foundation, replace one section of central support beam with steel i beam.",complete,2008-11-25T00:00:00.000,2007-01-10T00:00:00.000,2007-01-10T00:00:00.000,2008-01-10T00:00:00.000Z,35000,35000,2 family dwelling,2 family dwelling,2,8,Noe Valley,94114,"{'latitude': '37.75026410880694', 'longitude': '-122.4292122772067', 'human_address': '{""address"": """", ""city"": """", ""state"": """", ""zip"": """"}'}",1.08E+12,,3,3,2,2,5,wood frame (5),5,wood frame (5),2008-11-25T00:00:00.000,,,,,
5ea2077fc2aeecdcc61c5c4c,2.01E+11,8,otc alterations permit,2007-01-10T00:00:00.000,177,1,935,Kearny,St,renew pa#200603297769 for final inspection only.,complete,2007-01-18T00:00:00.000,2007-01-10T00:00:00.000,2007-01-10T00:00:00.000,2007-05-10T00:00:00.000Z,1,1,residential hotel,residential hotel,0,3,Chinatown,94133,"{'latitude': '37.79678685362231', 'longitude': '-122.40557965827051', 'human_address': '{""address"": """", ""city"": """", ""state"": """", ""zip"": """"}'}",10795532153,,4,4,149,149,3,constr type 3,3,constr type 3,2007-01-18T00:00:00.000,,,,,
5ea2077fc2aeecdcc61c5c4d,2.01E+11,8,otc alterations permit,2007-01-10T00:00:00.000,7096A,36,18,Moneta,Ct,renew pa#2005/12/19/0606 for final inspection only,expired,2008-05-22T00:00:00.000,2007-01-10T00:00:00.000,2007-01-10T00:00:00.000,2007-05-10T00:00:00.000Z,1,1,1 family dwelling,1 family dwelling,0,11,Outer Mission,94112,"{'latitude': '37.71336312419069', 'longitude': '-122.44943069280687', 'human_address': '{""address"": """", ""city"": """", ""state"": """", ""zip"": """"}'}",1.08E+12,,2,2,1,1,5,wood frame (5),5,wood frame (5),,,,,,
5ea2077fc2aeecdcc61c5c4e,M53546,8,otc alterations permit,2007-01-10T00:00:00.000,200,14,460,Davis,St,street space permit only.,issued,2007-01-10T00:00:00.000,2007-01-10T00:00:00.000,2007-01-10T00:00:00.000,,,0,,,,3,Financial District/South Beach,94111,"{'latitude': '37.79669693582685', 'longitude': '-122.39777129258873', 'human_address': '{""address"": """", ""city"": """", ""state"": """", ""zip"": """"}'}",1.08E+12,,,,,,,,,,,,,,,
5ea2077fc2aeecdcc61c5c4f,2.01E+11,8,otc alterations permit,2007-01-10T00:00:00.000,2683,5,361,Warren,Dr,"revise appl#200606053193, revise design at  master bath, replace all windows same size, same kind wood windows. remodel (e) 2 baths and kitchen at 2/f",complete,2007-12-05T00:00:00.000,2007-01-10T00:00:00.000,2007-01-10T00:00:00.000,2007-07-10T00:00:00.000Z,22000,22000,1 family dwelling,1 family dwelling,2,7,Inner Sunset,94131,"{'latitude': '37.75587718575485', 'longitude': '-122.46158886846138', 'human_address': '{""address"": """", ""city"": """", ""state"": """", ""zip"": """"}'}",1.08E+12,,2,2,1,1,5,wood frame (5),5,wood frame (5),2007-12-05T00:00:00.000,,,,,
5ea2077fc2aeecdcc61c5c50,2.01E+11,8,otc alterations permit,2007-01-10T00:00:00.000,1799,21,1390,45th,Av,replace bath tub. repair & replace damaged walls. repair & replace damaged counter.,issued,2007-01-10T00:00:00.000,2007-01-10T00:00:00.000,2007-01-10T00:00:00.000,2007-05-10T00:00:00.000Z,1000,1000,1 family dwelling,1 family dwelling,0,4,Sunset/Parkside,94122,"{'latitude': '37.76069744292894', 'longitude': '-122.5045867662041', 'human_address': '{""address"": """", ""city"": """", ""state"": """", ""zip"": """"}'}",1.08E+12,,3,3,1,1,5,wood frame (5),5,wood frame (5),,,,,,
5ea2077fc2aeecdcc61c5c51,2.01E+11,8,otc alterations permit,2007-01-10T00:00:00.000,1641,43,630,04th,Av,"interior remodeling for an existing residential unit. work includes relocation of kitchen and bedrrom. rearrange of bathrooms as shown, relocate water heater to basement at an open space.",complete,2007-08-07T00:00:00.000,2007-01-10T00:00:00.000,2007-01-10T00:00:00.000,2007-07-10T00:00:00.000Z,25000,25000,2 family dwelling,2 family dwelling,2,1,Inner Richmond,94118,"{'latitude': '37.77676314797811', 'longitude': '-122.46149787639686', 'human_address': '{""address"": """", ""city"": """", ""state"": """", ""zip"": """"}'}",1.08E+12,,2,2,2,2,5,wood frame (5),5,wood frame (5),2007-08-07T00:00:00.000,,,,,
5ea2077fc2aeecdcc61c5c52,2.01E+11,3,additions alterations or repairs,2007-01-10T00:00:00.000,229,3,301,Battery,St,"mechanical work, chiller replacement and lighting control. floor 1 thru penthouse.",complete,2008-09-25T00:00:00.000,2007-01-10T00:00:00.000,2007-02-27T00:00:00.000,2009-08-27T00:00:00.000Z,2000000,2000000,office,office,2,3,Chinatown,94111,"{'latitude': '37.79428947707852', 'longitude': '-122.40078475025547', 'human_address': '{""address"": """", ""city"": """", ""state"": """", ""zip"": """"}'}",1.08E+12,,8,8,0,0,2,constr type 2,2,constr type 2,2008-09-25T00:00:00.000,,,,,
5ea2077fc2aeecdcc61c5c53,2.01E+11,8,otc alterations permit,2007-01-10T00:00:00.000,3606,48,232,Liberty,St,replace kitchen cabinets + countertops in same locations. (lower unit) (no change in lighting).,complete,2007-03-05T00:00:00.000,2007-01-10T00:00:00.000,2007-01-10T00:00:00.000,2007-07-10T00:00:00.000Z,25000,25000,2 family dwelling,2 family dwelling,0,8,Castro/Upper Market,94114,"{'latitude': '37.75762072705879', 'longitude': '-122.42658440146589', 'human_address': '{""address"": """", ""city"": """", ""state"": """", ""zip"": """"}'}",1.08E+12,,2,2,2,2,5,wood frame (5),5,wood frame (5),2007-03-05T00:00:00.000,,,,,
5ea2077fc2aeecdcc61c5c54,2.01E+11,8,otc alterations permit,2007-01-10T00:00:00.000,7138,22,182,Sagamore,St,renewal of permit applic. #2006/02/17/4950 for final inspection only.,complete,2007-01-16T00:00:00.000,2007-01-10T00:00:00.000,2007-01-10T00:00:00.000,2007-05-10T00:00:00.000Z,1,1,1 family dwelling,1 family dwelling,0,11,Oceanview/Merced/Ingleside,94112,"{'latitude': '37.711699507056686', 'longitude': '-122.45851796471565', 'human_address': '{""address"": """", ""city"": """", ""state"": """", ""zip"": """"}'}",1.08E+12,,2,2,1,1,5,wood frame (5),5,wood frame (5),2007-01-16T00:00:00.000,,,,,
5ea2077fc2aeecdcc61c5c55,2.01E+11,8,otc alterations permit,2007-01-10T00:00:00.000,5437,41,2469,San Bruno,Av,reroofing,complete,2007-01-24T00:00:00.000,2007-01-10T00:00:00.000,2007-01-10T00:00:00.000,2007-07-10T00:00:00.000Z,19303,19303,1 family dwelling,1 family dwelling,0,9,Portola,94134,"{'latitude': '37.73099141407293', 'longitude': '-122.4047572902765', 'human_address': '{""address"": """", ""city"": """", ""state"": """", ""zip"": """"}'}",1.08E+12,,,,,,,,,,2007-01-24T00:00:00.000,,,,,
5ea2077fc2aeecdcc61c5c56,M53562,8,otc alterations permit,2007-01-10T00:00:00.000,3533,73,45,Brosnan,St,street space,issued,2007-01-10T00:00:00.000,2007-01-10T00:00:00.000,2007-01-10T00:00:00.000,,,0,,,,8,Mission,94103,"{'latitude': '37.76855043225975', 'longitude': '-122.42331806825595', 'human_address': '{""address"": """", ""city"": """", ""state"": """", ""zip"": """"}'}",1.08E+12,,,,,,,,,,,,,,,
5ea2077fc2aeecdcc61c5c57,2.01E+11,8,otc alterations permit,2007-01-10T00:00:00.000,3704,50,47,06th,St,"renew pa#200406216923,3200304112095 to continue work.",issued,2007-01-10T00:00:00.000,2007-01-10T00:00:00.000,2007-01-10T00:00:00.000,2007-05-10T00:00:00.000Z,1000,1000,residential hotel,residential hotel,0,6,South of Market,94103,"{'latitude': '37.78168696794942', 'longitude': '-122.40922244503778', 'human_address': '{""address"": """", ""city"": """", ""state"": """", ""zip"": """"}'}",1.08E+12,,5,5,63,63,5,wood frame (5),5,wood frame (5),,,,,,
5ea2077fc2aeecdcc61c5c58,2.01E+11,8,otc alterations permit,2007-01-10T00:00:00.000,3704,50,55,06th,St,"renew pa#200406216923,3200304112095 to continue work.",issued,2007-01-10T00:00:00.000,2007-01-10T00:00:00.000,2007-01-10T00:00:00.000,2007-05-10T00:00:00.000Z,1000,1000,residential hotel,residential hotel,0,6,South of Market,94103,"{'latitude': '37.78168696794942', 'longitude': '-122.40922244503778', 'human_address': '{""address"": """", ""city"": """", ""state"": """", ""zip"": """"}'}",1.08E+12,,5,5,63,63,5,wood frame (5),5,wood frame (5),,,,,,
5ea2077fc2aeecdcc61c5c59,2.01E+11,8,otc alterations permit,2007-01-10T00:00:00.000,804,2,643,Webster,St,revision to appl#200612270583 change from cast-in-place to shotcrete for foundation strengthening.,complete,2007-01-29T00:00:00.000,2007-01-10T00:00:00.000,2007-01-10T00:00:00.000,2007-05-10T00:00:00.000Z,1,1,apartments,apartments,2,5,Hayes Valley,94117,"{'latitude': '37.77667142659695', 'longitude': '-122.42997201236338', 'human_address': '{""address"": """", ""city"": """", ""state"": """", ""zip"": """"}'}",1.08E+12,,3,3,10,10,5,wood frame (5),5,wood frame (5),2007-01-29T00:00:00.000,,,,,
5ea2077fc2aeecdcc61c5c5a,2.01E+11,8,otc alterations permit,2007-01-10T00:00:00.000,2503A,6,2735,34th,Av,reroofing.,complete,2007-07-19T00:00:00.000,2007-01-10T00:00:00.000,2007-01-10T00:00:00.000,2007-07-10T00:00:00.000Z,15981,15981,1 family dwelling,1 family dwelling,0,4,Sunset/Parkside,94116,"{'latitude': '37.736562637232524', 'longitude': '-122.49170229497658', 'human_address': '{""address"": """", ""city"": """", ""state"": """", ""zip"": """"}'}",1.08E+12,,,,,,,,,,2007-07-19T00:00:00.000,,,,,
5ea2077fc2aeecdcc61c5c5b,2.01E+11,8,otc alterations permit,2007-01-10T00:00:00.000,3729,57,249,09th,St,(e) garage room with stainless steel surround.,complete,2007-08-06T00:00:00.000,2007-01-10T00:00:00.000,2007-01-10T00:00:00.000,2007-05-10T00:00:00.000Z,1000,1000,residential hotel,residential hotel,2,6,South of Market,94103,"{'latitude': '37.774508876514055', 'longitude': '-122.41217066101979', 'human_address': '{""address"": """", ""city"": """", ""state"": """", ""zip"": """"}'}",1.08E+12,,3,3,20,20,5,wood frame (5),5,wood frame (5),2007-08-06T00:00:00.000,,,,,
5ea2077fc2aeecdcc61c5c5c,2.01E+11,8,otc alterations permit,2007-01-10T00:00:00.000,3729,57,251,09th,St,(e) garage room with stainless steel surround.,complete,2007-08-06T00:00:00.000,2007-01-10T00:00:00.000,2007-01-10T00:00:00.000,2007-05-10T00:00:00.000Z,1000,1000,residential hotel,residential hotel,2,6,South of Market,94103,"{'latitude': '37.774508876514055', 'longitude': '-122.41217066101979', 'human_address': '{""address"": """", ""city"": """", ""state"": """", ""zip"": """"}'}",1.08E+12,,3,3,20,20,5,wood frame (5),5,wood frame (5),2007-08-06T00:00:00.000,,,,,
5ea2077fc2aeecdcc61c5c5d,2.01E+11,8,otc alterations permit,2007-01-10T00:00:00.000,6552,22,1285,Sanchez,St,termit & dryrot repair# 8680-06.,expired,2008-05-14T00:00:00.000,2007-01-10T00:00:00.000,2007-01-10T00:00:00.000,2007-07-10T00:00:00.000Z,7100,7100,2 family dwelling,2 family dwelling,0,,,,,1.08E+12,,2,2,2,2,5,wood frame (5),5,wood frame (5),,,,,,
5ea2077fc2aeecdcc61c5c5e,2.01E+11,8,otc alterations permit,2007-01-10T00:00:00.000,6552,22,1287,Sanchez,St,termit & dryrot repair# 8680-06.,expired,2008-05-14T00:00:00.000,2007-01-10T00:00:00.000,2007-01-10T00:00:00.000,2007-07-10T00:00:00.000Z,7100,7100,2 family dwelling,2 family dwelling,0,,,,,1.08E+12,,2,2,2,2,5,wood frame (5),5,wood frame (5),,,,,,
5ea2077fc2aeecdcc61c5c5f,2.01E+11,8,otc alterations permit,2007-01-10T00:00:00.000,3544,40,62,Landers,St,"remove  & replace  (e) plywood & rustic siding in the left side lightwell. also repair strructurally damaged studs, plate a sill. approx 100sqft.dryrot  repair only. not visible from street replace in kind.",expired,2008-04-18T00:00:00.000,2007-01-10T00:00:00.000,2007-01-10T00:00:00.000,2007-07-10T00:00:00.000Z,6500,6500,apartments,apartments,0,8,Castro/Upper Market,94114,"{'latitude': '37.76680613769998', 'longitude': '-122.42809136294592', 'human_address': '{""address"": """", ""city"": """", ""state"": """", ""zip"": """"}'}",1.08E+12,,3,3,3,3,5,wood frame (5),5,wood frame (5),,,,,,
5ea2077fc2aeecdcc61c5c60,2.01E+11,8,otc alterations permit,2007-01-10T00:00:00.000,3544,40,64,Landers,St,"remove  & replace  (e) plywood & rustic siding in the left side lightwell. also repair strructurally damaged studs, plate a sill. approx 100sqft.dryrot  repair only. not visible from street replace in kind.",expired,2008-04-18T00:00:00.000,2007-01-10T00:00:00.000,2007-01-10T00:00:00.000,2007-07-10T00:00:00.000Z,6500,6500,apartments,apartments,0,8,Castro/Upper Market,94114,"{'latitude': '37.76680613769998', 'longitude': '-122.42809136294592', 'human_address': '{""address"": """", ""city"": """", ""state"": """", ""zip"": """"}'}",1.08E+12,,3,3,3,3,5,wood frame (5),5,wood frame (5),,,,,,
5ea2077fc2aeecdcc61c5c61,2.01E+11,8,otc alterations permit,2007-01-10T00:00:00.000,3584,94,155,Hancock,St,aluminum replacement 2 windows & 1 sliding patio door. size for size. no new opening. clear opening to remain the same or greater. duel glazing. u valve 0.42 or lower.,expired,2010-02-02T00:00:00.000,2007-01-10T00:00:00.000,2007-01-10T00:00:00.000,2007-07-10T00:00:00.000Z,6661,6661,apartments,apartments,0,8,Castro/Upper Market,94114,"{'latitude': '37.76003536189801', 'longitude': '-122.43177147361828', 'human_address': '{""address"": """", ""city"": """", ""state"": """", ""zip"": """"}'}",1.08E+12,2,4,4,6,6,5,wood frame (5),5,wood frame (5),,,,,,
5ea2077fc2aeecdcc61c5c62,2.01E+11,3,additions alterations or repairs,2007-01-10T00:00:00.000,7109,19,825,Huron,Av,proposed two story horizontal addition @ front of bldg.,cancelled,2009-03-17T00:00:00.000,2007-01-10T00:00:00.000,,,150000,150000,1 family dwelling,1 family dwelling,2,11,Outer Mission,94112,"{'latitude': '37.71062898455714', 'longitude': '-122.45100173167633', 'human_address': '{""address"": """", ""city"": """", ""state"": """", ""zip"": """"}'}",1.08E+12,,2,2,1,1,5,wood frame (5),5,wood frame (5),,Y,Y,,,
5ea2077fc2aeecdcc61c5c63,2.01E+11,8,otc alterations permit,2007-01-10T00:00:00.000,3584,95,155,Hancock,St,aluminum replacement 4 windows. size for size. no new opening. clear opening to remain the same or greater. duel glazing. u valve 0.42 or lower.,complete,2007-01-30T00:00:00.000,2007-01-10T00:00:00.000,2007-01-10T00:00:00.000,2007-05-10T00:00:00.000Z,2500,2500,apartments,apartments,0,8,Castro/Upper Market,94114,"{'latitude': '37.76003536189801', 'longitude': '-122.43177147361828', 'human_address': '{""address"": """", ""city"": """", ""state"": """", ""zip"": """"}'}",1.08E+12,3,4,4,6,6,5,wood frame (5),5,wood frame (5),2007-01-30T00:00:00.000,,,,,
5ea2077fc2aeecdcc61c5c64,2.01E+11,8,otc alterations permit,2007-01-10T00:00:00.000,3584,96,155,Hancock,St,aluminum replacement 9 windows & 1 sliding patio door. like for like. no new opening. clear opening to remain the same or greater. duel glazing. u valve 0.42 or lower.,complete,2007-01-30T00:00:00.000,2007-01-10T00:00:00.000,2007-01-10T00:00:00.000,2007-05-10T00:00:00.000Z,3511,3511,apartments,apartments,0,8,Castro/Upper Market,94114,"{'latitude': '37.76003536189801', 'longitude': '-122.43177147361828', 'human_address': '{""address"": """", ""city"": """", ""state"": """", ""zip"": """"}'}",1.08E+12,4,4,4,6,6,5,wood frame (5),5,wood frame (5),2007-01-30T00:00:00.000,,,,,
5ea2077fc2aeecdcc61c5c65,2.01E+11,8,otc alterations permit,2007-01-10T00:00:00.000,3584,97,155,Hancock,St,work @ unit# 5 only. aluminum replacement 7 windows. size for size. no new opening. clear opening to remain the same or greater. duel glazing. u valve 0.42 or lower.,complete,2007-01-30T00:00:00.000,2007-01-10T00:00:00.000,2007-01-10T00:00:00.000,2007-05-10T00:00:00.000Z,4002,4002,apartments,apartments,0,8,Castro/Upper Market,94114,"{'latitude': '37.76003536189801', 'longitude': '-122.43177147361828', 'human_address': '{""address"": """", ""city"": """", ""state"": """", ""zip"": """"}'}",1.08E+12,5,4,4,6,6,5,wood frame (5),5,wood frame (5),2007-01-30T00:00:00.000,,,,,
5ea2077fc2aeecdcc61c5c66,2.01E+11,8,otc alterations permit,2007-01-10T00:00:00.000,993,21,3725,Washington,St,"replace 3 existing skylights  same size, location, style.",complete,2007-03-12T00:00:00.000,2007-01-10T00:00:00.000,2007-01-10T00:00:00.000,2007-07-10T00:00:00.000Z,6000,6000,1 family dwelling,1 family dwelling,0,2,Presidio Heights,94118,"{'latitude': '37.78877659062538', 'longitude': '-122.45436274204886', 'human_address': '{""address"": """", ""city"": """", ""state"": """", ""zip"": """"}'}",1.08E+11,,2,2,1,1,5,wood frame (5),5,wood frame (5),2007-03-12T00:00:00.000,,,,,
5ea2077fc2aeecdcc61c5c67,2.01E+11,8,otc alterations permit,2007-01-10T00:00:00.000,3544,40,62,Landers,St,"remove  & replace  (e) plywood & rustic siding in the left side lightwell. also repair strructurally damaged studs, plate a sill. approx 100sqft.dryrot  repair only. not visible from street replace in kind.",expired,2008-04-18T00:00:00.000,2007-01-10T00:00:00.000,2007-01-10T00:00:00.000,2007-07-10T00:00:00.000Z,6500,6500,apartments,apartments,0,8,Castro/Upper Market,94114,"{'latitude': '37.76680613769998', 'longitude': '-122.42809136294592', 'human_address': '{""address"": """", ""city"": """", ""state"": """", ""zip"": """"}'}",1.08E+12,,3,3,3,3,5,wood frame (5),5,wood frame (5),,,,A,,
5ea2077fc2aeecdcc61c5c68,2.01E+11,8,otc alterations permit,2007-01-10T00:00:00.000,7550,31,333,Addison,St,revise pa# 2007/01/02/0833. dryrot explore. repair sheething & siding and less than 10 studs. not visible from street.,complete,2007-02-06T00:00:00.000,2007-01-10T00:00:00.000,2007-01-10T00:00:00.000,2007-05-10T00:00:00.000Z,1,1,1 family dwelling,1 family dwelling,0,8,Glen Park,94131,"{'latitude': '37.73992689728953', 'longitude': '-122.43469595547313', 'human_address': '{""address"": """", ""city"": """", ""state"": """", ""zip"": """"}'}",1.08E+12,,2,2,1,1,5,wood frame (5),5,wood frame (5),2007-02-06T00:00:00.000,,,,,
5ea2077fc2aeecdcc61c5c69,2.01E+11,8,otc alterations permit,2007-01-10T00:00:00.000,207,32,600,Montgomery,St,"oti-1  13th floor el, me, l/s, sp",complete,2008-12-17T00:00:00.000,2007-01-10T00:00:00.000,2007-01-10T00:00:00.000,2008-01-10T00:00:00.000Z,35000,35000,office,office,2,3,Chinatown,94111,"{'latitude': '37.79515270651952', 'longitude': '-122.4027150305396', 'human_address': '{""address"": """", ""city"": """", ""state"": """", ""zip"": """"}'}",1.08E+11,,48,48,0,0,1,constr type 1,1,constr type 1,2008-12-17T00:00:00.000,,,,,
5ea2077fc2aeecdcc61c5c6a,2.01E+11,8,otc alterations permit,2007-01-10T00:00:00.000,207,32,600,Montgomery,St,"oti-1, 5th floor, el, ls, sp",complete,2008-12-22T00:00:00.000,2007-01-10T00:00:00.000,2007-01-10T00:00:00.000,2007-07-10T00:00:00.000Z,20000,20000,office,office,2,3,Chinatown,94111,"{'latitude': '37.79515270651952', 'longitude': '-122.4027150305396', 'human_address': '{""address"": """", ""city"": """", ""state"": """", ""zip"": """"}'}",1.08E+11,,48,48,0,0,1,constr type 1,1,constr type 1,2008-12-22T00:00:00.000,,,,,
5ea2077fc2aeecdcc61c5c6b,M53582,8,otc alterations permit,2007-01-10T00:00:00.000,1422,39,206,12th,Av,street space,issued,2007-01-10T00:00:00.000,2007-01-10T00:00:00.000,2007-01-10T00:00:00.000,,,0,,,,1,Inner Richmond,94118,"{'latitude': '37.78428628910282', 'longitude': '-122.47078696424983', 'human_address': '{""address"": """", ""city"": """", ""state"": """", ""zip"": """"}'}",1.08E+12,,,,,,,,,,,,,,,
5ea2077fc2aeecdcc61c5c6c,M53582,8,otc alterations permit,2007-01-10T00:00:00.000,1422,39,212,12th,Av,street space,issued,2007-01-10T00:00:00.000,2007-01-10T00:00:00.000,2007-01-10T00:00:00.000,,,0,,,,1,Inner Richmond,94118,"{'latitude': '37.78428628910282', 'longitude': '-122.47078696424983', 'human_address': '{""address"": """", ""city"": """", ""state"": """", ""zip"": """"}'}",1.08E+12,,,,,,,,,,,,,,,
5ea2077fc2aeecdcc61c5c6d,2.01E+11,8,otc alterations permit,2007-01-10T00:00:00.000,1125,9,2010,Eddy,St,"all work in kind: to repair dry rot sill plate, 14' in garage from leaking bath tub drain.to repair and replace deck posts (3) to replace beetle damaged deck ledger and decking close to house shingles, replace deck facia board due to beetle and fungus damage.not seen from street. 20' long x 8' wide",complete,2007-04-10T00:00:00.000,2007-01-10T00:00:00.000,2007-01-10T00:00:00.000,2007-07-10T00:00:00.000Z,10800,10800,apartments,apartments,0,2,Western Addition,94115,"{'latitude': '37.7805172188185', 'longitude': '-122.44102431128223', 'human_address': '{""address"": """", ""city"": """", ""state"": """", ""zip"": """"}'}",1.08E+11,,3,3,4,4,5,wood frame (5),5,wood frame (5),2007-04-10T00:00:00.000,,,,,
5ea2077fc2aeecdcc61c5c6e,M53583,8,otc alterations permit,2007-01-10T00:00:00.000,864,22,627,Waller,St,streetspace,issued,2007-01-10T00:00:00.000,2007-01-10T00:00:00.000,2007-01-10T00:00:00.000,,,0,,,,8,Haight Ashbury,94117,"{'latitude': '37.770478429455174', 'longitude': '-122.43398709060403', 'human_address': '{""address"": """", ""city"": """", ""state"": """", ""zip"": """"}'}",1.08E+11,,,,,,,,,,,,,,,
5ea2077fc2aeecdcc61c5c6f,2.01E+11,8,otc alterations permit,2007-01-10T00:00:00.000,73,002A,2135,Taylor,St,remove one interior wall between dining and kitchen area only on 3rd floor.,complete,2007-05-25T00:00:00.000,2007-01-10T00:00:00.000,2007-01-10T00:00:00.000,2007-05-10T00:00:00.000Z,2000,2000,apartments,apartments,2,3,Russian Hill,94133,"{'latitude': '37.80215723607119', 'longitude': '-122.41484100574996', 'human_address': '{""address"": """", ""city"": """", ""state"": """", ""zip"": """"}'}",1.08E+12,,4,4,3,3,5,wood frame (5),5,wood frame (5),2007-05-25T00:00:00.000,,,,,
5ea2077fc2aeecdcc61c5c70,2.01E+11,8,otc alterations permit,2007-01-10T00:00:00.000,7218,7,3070,21st,Av,"termite repair at bay window at front of the house, replace 22 of (e) windows.",expired,2008-11-18T00:00:00.000,2007-01-10T00:00:00.000,2007-01-10T00:00:00.000,2007-07-10T00:00:00.000Z,12000,12000,1 family dwelling,1 family dwelling,2,7,Sunset/Parkside,94132,"{'latitude': '37.7315917351761', 'longitude': '-122.47660495263123', 'human_address': '{""address"": """", ""city"": """", ""state"": """", ""zip"": """"}'}",1.08E+12,,2,2,1,1,5,wood frame (5),5,wood frame (5),,,,,,
5ea2077fc2aeecdcc61c5c71,2.01E+11,8,otc alterations permit,2007-01-10T00:00:00.000,2851,20,201,Glenview,Dr,repair and replace dry rotted guard rail,complete,2007-01-17T00:00:00.000,2007-01-10T00:00:00.000,2007-01-10T00:00:00.000,2007-05-10T00:00:00.000Z,1500,1500,2 family dwelling,2 family dwelling,0,8,Twin Peaks,94131,"{'latitude': '37.74880516699032', 'longitude': '-122.44707062076658', 'human_address': '{""address"": """", ""city"": """", ""state"": """", ""zip"": """"}'}",1.08E+12,,2,2,2,2,5,wood frame (5),5,wood frame (5),2007-01-17T00:00:00.000,,,,,
5ea2077fc2aeecdcc61c5c72,2.01E+11,8,otc alterations permit,2007-01-10T00:00:00.000,6534,021A,1265,Dolores,St,renewal of permit application #200511188536 and permit 1072806 for final inspection.,complete,2007-01-16T00:00:00.000,2007-01-10T00:00:00.000,2007-01-10T00:00:00.000,2007-05-10T00:00:00.000Z,1,1,apartments,apartments,0,8,Mission,94110,"{'latitude': '37.74926195254733', 'longitude': '-122.42448475997335', 'human_address': '{""address"": """", ""city"": """", ""state"": """", ""zip"": """"}'}",1.08E+12,,2,2,6,6,5,wood frame (5),5,wood frame (5),2007-01-16T00:00:00.000,,,,,
5ea2077fc2aeecdcc61c5c73,2.01E+11,8,otc alterations permit,2007-01-10T00:00:00.000,3254,3,220,San Benito,Wy,renovate (e) kitchen and bathrooms only on 2nd floor.,complete,2007-05-18T00:00:00.000,2007-01-10T00:00:00.000,2007-01-10T00:00:00.000,2007-07-10T00:00:00.000Z,15000,15000,1 family dwelling,1 family dwelling,2,7,West of Twin Peaks,94127,"{'latitude': '37.73269782902508', 'longitude': '-122.46720875325877', 'human_address': '{""address"": """", ""city"": """", ""state"": """", ""zip"": """"}'}",1.08E+12,,2,2,1,1,5,wood frame (5),5,wood frame (5),2007-05-18T00:00:00.000,,,,,
5ea2077fc2aeecdcc61c5c74,2.01E+11,3,additions alterations or repairs,2007-01-10T00:00:00.000,1028,23,2863,California,St,"revision to pa #2002/08/06/3236 - revise garage level plan, foundation and 1st floor framing plans, where and as shown on the plans. expansion of mezzanine to floor - revise all floor plans.",complete,2009-02-18T00:00:00.000,2007-01-10T00:00:00.000,2007-11-05T00:00:00.000,2008-11-05T00:00:00.000Z,1,30000,apartments,apartments,2,2,Pacific Heights,94115,"{'latitude': '37.78762156844761', 'longitude': '-122.44150652913073', 'human_address': '{""address"": """", ""city"": """", ""state"": """", ""zip"": """"}'}",1.08E+11,,4,4,3,3,5,wood frame (5),5,wood frame (5),2009-02-18T00:00:00.000,Y,,,,
5ea2077fc2aeecdcc61c5c75,2.01E+11,8,otc alterations permit,2007-01-10T00:00:00.000,5708,18,205,Bennington,St,"optional voluntary anchorbolt retrofit. install anchorbolts at 4"" intervals in existing perimeter foundation. anchors to be 5/8 x12"" threaded rod with 2' square washers, epoxy set with 7"" embedment. construct plywood stiffening panels on existing basement walls.panels to be 1/2 cdx plywood, nailed",expired,2013-02-04T00:00:00.000,2007-01-10T00:00:00.000,2007-01-10T00:00:00.000,2007-05-10T00:00:00.000Z,2000,2000,2 family dwelling,2 family dwelling,0,9,Bernal Heights,94110,"{'latitude': '37.73815800729215', 'longitude': '-122.41767420492035', 'human_address': '{""address"": """", ""city"": """", ""state"": """", ""zip"": """"}'}",1.08E+12,,2,2,2,2,5,wood frame (5),5,wood frame (5),,,,,,
5ea2077fc2aeecdcc61c5c76,2.01E+11,8,otc alterations permit,2007-01-10T00:00:00.000,5708,18,207,Bennington,St,"optional voluntary anchorbolt retrofit. install anchorbolts at 4"" intervals in existing perimeter foundation. anchors to be 5/8 x12"" threaded rod with 2' square washers, epoxy set with 7"" embedment. construct plywood stiffening panels on existing basement walls.panels to be 1/2 cdx plywood, nailed",expired,2013-02-04T00:00:00.000,2007-01-10T00:00:00.000,2007-01-10T00:00:00.000,2007-05-10T00:00:00.000Z,2000,2000,2 family dwelling,2 family dwelling,0,9,Bernal Heights,94110,"{'latitude': '37.73815800729215', 'longitude': '-122.41767420492035', 'human_address': '{""address"": """", ""city"": """", ""state"": """", ""zip"": """"}'}",1.08E+12,,2,2,2,2,5,wood frame (5),5,wood frame (5),,,,,,
5ea2077fc2aeecdcc61c5c77,M53602,8,otc alterations permit,2007-01-10T00:00:00.000,620,14,1680,Clay,St,streetspace,issued,2007-01-10T00:00:00.000,2007-01-10T00:00:00.000,2007-01-10T00:00:00.000,,,0,,,,3,Russian Hill,94109,"{'latitude': '37.792632426447135', 'longitude': '-122.42071995251334', 'human_address': '{""address"": """", ""city"": """", ""state"": """", ""zip"": """"}'}",1.08E+11,,,,,,,,,,,,,,,
5ea2077fc2aeecdcc61c5c78,2.01E+11,8,otc alterations permit,2007-01-10T00:00:00.000,942,37,2775,Greenwich,St,split one bathroom and closer ino two bathroom all lighting per title 24,cancelled,2007-08-03T00:00:00.000,2007-01-10T00:00:00.000,2007-01-10T00:00:00.000,2007-07-10T00:00:00.000Z,10000,10000,1 family dwelling,1 family dwelling,2,2,Marina,94123,"{'latitude': '37.797495310705614', 'longitude': '-122.44525601401125', 'human_address': '{""address"": """", ""city"": """", ""state"": """", ""zip"": """"}'}",1.08E+11,2775,2,2,1,1,5,wood frame (5),5,wood frame (5),,,,,,
5ea2077fc2aeecdcc61c5c79,2.01E+11,8,otc alterations permit,2007-01-10T00:00:00.000,5802,20,3999,Mission,St,renewal for expired permit applic. #2000/10/26/4172 for final inspection.,complete,2007-03-01T00:00:00.000,2007-01-10T00:00:00.000,2007-01-10T00:00:00.000,2007-05-10T00:00:00.000Z,1,1,apartments,apartments,0,9,Bernal Heights,94112,"{'latitude': '37.73385183654777', 'longitude': '-122.42585121398481', 'human_address': '{""address"": """", ""city"": """", ""state"": """", ""zip"": """"}'}",10795992565,,4,4,16,16,4,constr type 4,4,constr type 4,2007-03-01T00:00:00.000,,,,,
5ea2077fc2aeecdcc61c5c7a,M53603,8,otc alterations permit,2007-01-10T00:00:00.000,106,017D,33,Alta,St,streetpace,issued,2007-01-10T00:00:00.000,2007-01-10T00:00:00.000,2007-01-10T00:00:00.000,,,0,,,,3,North Beach,94133,"{'latitude': '37.80147114754607', 'longitude': '-122.40415862467185', 'human_address': '{""address"": """", ""city"": """", ""state"": """", ""zip"": """"}'}",1.08E+11,,,,,,,,,,,,,,,
5ea2077fc2aeecdcc61c5c7b,M53604,8,otc alterations permit,2007-01-10T00:00:00.000,979,5,2311,Scott,St,street space permit,issued,2007-01-10T00:00:00.000,2007-01-10T00:00:00.000,2007-01-10T00:00:00.000,,,0,,,,,,,,1.08E+12,,,,,,,,,,,,,,,
5ea2077fc2aeecdcc61c5c7c,2.01E+11,8,otc alterations permit,2007-01-10T00:00:00.000,7025,18,211,Tara,St,reroofing,complete,2007-01-23T00:00:00.000,2007-01-10T00:00:00.000,2007-01-10T00:00:00.000,2007-07-10T00:00:00.000Z,8000,8000,1 family dwelling,1 family dwelling,0,11,Oceanview/Merced/Ingleside,94112,"{'latitude': '37.71982946546408', 'longitude': '-122.44916624255849', 'human_address': '{""address"": """", ""city"": """", ""state"": """", ""zip"": """"}'}",1.08E+12,,,,,,,,,,2007-01-23T00:00:00.000,,,,,
5ea2077fc2aeecdcc61c5c7d,M53605,8,otc alterations permit,2007-01-10T00:00:00.000,1444,9,345,12th,Av,sidewalk permit only.,issued,2007-01-10T00:00:00.000,2007-01-10T00:00:00.000,2007-01-10T00:00:00.000,,,0,,,,1,Inner Richmond,94118,"{'latitude': '37.7817394499235', 'longitude': '-122.47110954106573', 'human_address': '{""address"": """", ""city"": """", ""state"": """", ""zip"": """"}'}",1.08E+11,,,,,,,,,,,,,,,
5ea2077fc2aeecdcc61c5c7e,M53606,8,otc alterations permit,2007-01-10T00:00:00.000,3556,25,299,Dolores,St,street space,issued,2007-01-10T00:00:00.000,2007-01-10T00:00:00.000,2007-01-10T00:00:00.000,,,0,,,,8,Mission,94103,"{'latitude': '37.76503523792591', 'longitude': '-122.42584448457588', 'human_address': '{""address"": """", ""city"": """", ""state"": """", ""zip"": """"}'}",1.08E+12,,,,,,,,,,,,,,,
5ea2077fc2aeecdcc61c5c7f,2.01E+11,8,otc alterations permit,2007-01-10T00:00:00.000,6915,12,60,Urbano,Dr,"remodel bathrooms,1 kitchen, change accessories, light fixtures,appliances,(2). no change to fixtures. remove wall to wall carpet,refinish hardwood floors, paint interior/exterior, rpair cracks on ceiling of living rm/dining rm",complete,2007-05-25T00:00:00.000,2007-01-10T00:00:00.000,2007-01-10T00:00:00.000,2007-05-10T00:00:00.000Z,5000,5000,1 family dwelling,1 family dwelling,0,7,West of Twin Peaks,94127,"{'latitude': '37.72521762793758', 'longitude': '-122.46357079197217', 'human_address': '{""address"": """", ""city"": """", ""state"": """", ""zip"": """"}'}",1.08E+12,,2,2,1,1,5,wood frame (5),5,wood frame (5),2007-05-25T00:00:00.000,,,,,
5ea2077fc2aeecdcc61c5c80,2.01E+11,8,otc alterations permit,2007-01-10T00:00:00.000,5339,15,1623,Quesada,Av,"remove unused gas line, ground floor (cap in wall). modify existin gcoutner @ ground floor for installation of new a/v entertainment center (less than 50% of voltage). open wall 1' max. between family & bedroom for opening family room. see plan",complete,2007-01-29T00:00:00.000,2007-01-10T00:00:00.000,2007-01-10T00:00:00.000,2007-05-10T00:00:00.000Z,3000,3000,1 family dwelling,1 family dwelling,2,10,Bayview Hunters Point,94124,"{'latitude': '37.73235753170797', 'longitude': '-122.3902589305954', 'human_address': '{""address"": """", ""city"": """", ""state"": """", ""zip"": """"}'}",1.08E+12,,2,2,1,1,5,wood frame (5),5,wood frame (5),2007-01-29T00:00:00.000,,,,,
5ea2077fc2aeecdcc61c5c81,2.01E+11,8,otc alterations permit,2007-01-10T00:00:00.000,6509,20,3899,24th,St,"revise storefront, office partitions, & restroom to pa# 2006/07/07/5910 submit for mechanical drawings.",complete,2007-03-12T00:00:00.000,2007-01-10T00:00:00.000,2007-01-10T00:00:00.000,2007-05-10T00:00:00.000Z,500,500,office,office,2,8,Noe Valley,94114,"{'latitude': '37.75138466492652', 'longitude': '-122.42944977279261', 'human_address': '{""address"": """", ""city"": """", ""state"": """", ""zip"": """"}'}",1.08E+12,,3,3,2,2,5,wood frame (5),5,wood frame (5),2007-03-12T00:00:00.000,,,,,
5ea2077fc2aeecdcc61c5c82,2.01E+11,8,otc alterations permit,2007-01-10T00:00:00.000,1013,14,3880,Sacramento,St,revise current permit app#200606053233 to eliminate work on o upper floor and reinforce (e) fireplace at foundation only.,complete,2007-10-19T00:00:00.000,2007-01-10T00:00:00.000,2007-01-10T00:00:00.000,2007-05-10T00:00:00.000Z,1,1,2 family dwelling,2 family dwelling,2,2,Presidio Heights,94118,"{'latitude': '37.78720305442757', 'longitude': '-122.45655278739959', 'human_address': '{""address"": """", ""city"": """", ""state"": """", ""zip"": """"}'}",1.08E+11,,2,2,1,1,5,wood frame (5),5,wood frame (5),2007-10-19T00:00:00.000,,,,,
5ea2077fc2aeecdcc61c5c83,2.01E+11,3,additions alterations or repairs,2007-01-10T00:00:00.000,4268,36,2889,24th,St,installation of fire alarm system in new bldng.,complete,2007-02-01T00:00:00.000,2007-01-10T00:00:00.000,2007-01-23T00:00:00.000,2008-01-23T00:00:00.000Z,49000,49000,apartments,apartments,2,9,Mission,94110,"{'latitude': '37.75253683431497', 'longitude': '-122.40971714882464', 'human_address': '{""address"": """", ""city"": """", ""state"": """", ""zip"": """"}'}",1.08E+12,,4,4,8,8,5,wood frame (5),5,wood frame (5),2007-02-01T00:00:00.000,,,,,
5ea2077fc2aeecdcc61c5c84,2.01E+11,8,otc alterations permit,2007-01-10T00:00:00.000,6604,23,1527,Diamond,St,roofing,complete,2007-02-07T00:00:00.000,2007-01-10T00:00:00.000,2007-01-10T00:00:00.000,2007-07-10T00:00:00.000Z,13000,13000,1 family dwelling,1 family dwelling,0,8,Noe Valley,94131,"{'latitude': '37.74518126902893', 'longitude': '-122.43540089214032', 'human_address': '{""address"": """", ""city"": """", ""state"": """", ""zip"": """"}'}",1.08E+12,,,,,,,,,,2007-02-07T00:00:00.000,,,,,
5ea2077fc2aeecdcc61c5c85,2.01E+11,8,otc alterations permit,2007-01-10T00:00:00.000,6611,037B,549,28th,St,shoring permit to comply with nov# 200684891,expired,2008-02-22T00:00:00.000,2007-01-10T00:00:00.000,2007-01-10T00:00:00.000,2007-05-10T00:00:00.000Z,1000,1000,1 family dwelling,1 family dwelling,2,8,Noe Valley,94131,"{'latitude': '37.744589254495374', 'longitude': '-122.43450948258679', 'human_address': '{""address"": """", ""city"": """", ""state"": """", ""zip"": """"}'}",1.08E+12,,1,1,1,1,5,wood frame (5),5,wood frame (5),,,,,,
5ea2077fc2aeecdcc61c5c86,2.01E+11,3,additions alterations or repairs,2007-01-10T00:00:00.000,1846,29,1478,08th,Av,remodel existing single family residence with small addition for a new interior stairwell down to the ground floor and a slight enlargement to the existing 3rd floor to rationalize the structural design and voluntary seismic upgrade. rebuild front porch with similar layout.,complete,2008-08-20T00:00:00.000,2007-01-10T00:00:00.000,2007-11-19T00:00:00.000,2008-11-19T00:00:00.000Z,80000,90000,1 family dwelling,1 family dwelling,2,5,Inner Sunset,94122,"{'latitude': '37.760859480961784', 'longitude': '-122.46468835442931', 'human_address': '{""address"": """", ""city"": """", ""state"": """", ""zip"": """"}'}",1.08E+12,,3,3,1,1,5,wood frame (5),5,wood frame (5),2008-08-20T00:00:00.000,Y,Y,,,
5ea2077fc2aeecdcc61c5c87,2.01E+11,8,otc alterations permit,2007-01-10T00:00:00.000,914,2,2136,Beach,St,renew 200210017862 for final,complete,2007-01-25T00:00:00.000,2007-01-10T00:00:00.000,2007-01-10T00:00:00.000,2007-05-10T00:00:00.000Z,1,1,2 family dwelling,2 family dwelling,0,2,Marina,94123,"{'latitude': '37.80390028924285', 'longitude': '-122.44432506882231', 'human_address': '{""address"": """", ""city"": """", ""state"": """", ""zip"": """"}'}",1.08E+11,,3,3,2,2,5,wood frame (5),5,wood frame (5),2007-01-25T00:00:00.000,,,,,
5ea2077fc2aeecdcc61c5c88,2.01E+11,8,otc alterations permit,2007-01-10T00:00:00.000,914,2,2138,Beach,St,renew 200210017862 for final,complete,2007-01-25T00:00:00.000,2007-01-10T00:00:00.000,2007-01-10T00:00:00.000,2007-05-10T00:00:00.000Z,1,1,2 family dwelling,2 family dwelling,0,2,Marina,94123,"{'latitude': '37.80390028924285', 'longitude': '-122.44432506882231', 'human_address': '{""address"": """", ""city"": """", ""state"": """", ""zip"": """"}'}",1.08E+12,,3,3,2,2,5,wood frame (5),5,wood frame (5),2007-01-25T00:00:00.000,,,,,
5ea2077fc2aeecdcc61c5c89,M53622,8,otc alterations permit,2007-01-10T00:00:00.000,5526,7,1646,Alabama,St,street space permit,filed,2007-01-10T00:00:00.000,2007-01-10T00:00:00.000,,,,0,,,,9,Bernal Heights,94110,"{'latitude': '37.74613409138239', 'longitude': '-122.41087784717728', 'human_address': '{""address"": """", ""city"": """", ""state"": """", ""zip"": """"}'}",1.08E+12,,,,,,,,,,,,,,,
5ea2077fc2aeecdcc61c5c8a,2.01E+11,8,otc alterations permit,2007-01-10T00:00:00.000,3727,120,1167,Mission,St,renew pa#200110039866 for final inspection.,complete,2007-05-08T00:00:00.000,2007-01-10T00:00:00.000,2007-01-10T00:00:00.000,2007-05-10T00:00:00.000Z,1,1,manufacturing,manufacturing,0,6,South of Market,94103,"{'latitude': '37.77774114291746', 'longitude': '-122.41219799754302', 'human_address': '{""address"": """", ""city"": """", ""state"": """", ""zip"": """"}'}",1.08E+12,,4,4,0,0,2,constr type 2,2,constr type 2,2007-05-08T00:00:00.000,,,,,
5ea2077fc2aeecdcc61c5c8b,2.01E+11,8,otc alterations permit,2007-01-10T00:00:00.000,2771,66,680,Alvarado,St,replace broken window & replace door with similar kind window. replace damaged bathtub @ upper floor,complete,2007-05-16T00:00:00.000,2007-01-10T00:00:00.000,2007-01-10T00:00:00.000,2007-05-10T00:00:00.000Z,2900,2900,2 family dwelling,2 family dwelling,0,8,Noe Valley,94114,"{'latitude': '37.75381625592184', 'longitude': '-122.43600410805419', 'human_address': '{""address"": """", ""city"": """", ""state"": """", ""zip"": """"}'}",1.08E+12,,3,3,2,2,5,wood frame (5),5,wood frame (5),2007-05-16T00:00:00.000,,,,,
5ea2077fc2aeecdcc61c5c8c,2.01E+11,8,otc alterations permit,2007-01-10T00:00:00.000,5720,57,190,Park,St,renew pa# 200406095892.,complete,2007-02-28T00:00:00.000,2007-01-10T00:00:00.000,2007-01-10T00:00:00.000,2007-05-10T00:00:00.000Z,2000,2000,1 family dwelling,2 family dwelling,0,9,Bernal Heights,94110,"{'latitude': '37.73632920930865', 'longitude': '-122.4212955044089', 'human_address': '{""address"": """", ""city"": """", ""state"": """", ""zip"": """"}'}",1.08E+12,,2,2,2,1,5,wood frame (5),5,wood frame (5),2007-02-28T00:00:00.000,,,,,
5ea2077fc2aeecdcc61c5c8d,2.01E+11,8,otc alterations permit,2007-01-10T00:00:00.000,875,13,34,Steiner,St,"dry rot rrpair on rear stairs, repair replace in kind less that 50% not visabel form street",complete,2007-01-23T00:00:00.000,2007-01-10T00:00:00.000,2007-01-10T00:00:00.000,2007-07-10T00:00:00.000Z,6000,6000,apartments,apartments,0,8,Hayes Valley,94117,"{'latitude': '37.76989870874836', 'longitude': '-122.43141147166934', 'human_address': '{""address"": """", ""city"": """", ""state"": """", ""zip"": """"}'}",1.08E+12,,3,3,7,7,5,wood frame (5),5,wood frame (5),2007-01-23T00:00:00.000,,,,,
5ea2077fc2aeecdcc61c5c8e,2.01E+11,8,otc alterations permit,2007-01-10T00:00:00.000,2141,4,2051,21st,Av,remodel 2nd floor kitchen. revision to approved pa# 2007/01/08/1220 in kind. (less than 50% voltage). replace counter top cabinets & sink only.,complete,2007-07-16T00:00:00.000,2007-01-10T00:00:00.000,2007-01-10T00:00:00.000,2007-07-10T00:00:00.000Z,7000,7000,1 family dwelling,1 family dwelling,0,4,Sunset/Parkside,94116,"{'latitude': '37.74943449716588', 'longitude': '-122.47861469125525', 'human_address': '{""address"": """", ""city"": """", ""state"": """", ""zip"": """"}'}",1.08E+12,,2,2,1,1,5,wood frame (5),5,wood frame (5),2007-07-16T00:00:00.000,,,,,
5ea2077fc2aeecdcc61c5c8f,2.01E+11,8,otc alterations permit,2007-01-10T00:00:00.000,1364,24,164,05th,Av,"renovate kitchen, split bathroom, reframe existing hallway ceiling in kind to accomodate carrier central heating duct work due to unit being located in middle flat of 3 unit bldg. relocate water heater in kitchen to rear porch which is located in adjacent room to kitchen, install new ducting for",complete,2007-05-09T00:00:00.000,2007-01-10T00:00:00.000,2007-01-10T00:00:00.000,2007-07-10T00:00:00.000Z,12000,12000,apartments,apartments,0,2,Inner Richmond,94118,"{'latitude': '37.78556477954677', 'longitude': '-122.46320680897367', 'human_address': '{""address"": """", ""city"": """", ""state"": """", ""zip"": """"}'}",1.08E+12,,3,3,3,3,5,wood frame (5),5,wood frame (5),2007-05-09T00:00:00.000,,,,,
5ea2077fc2aeecdcc61c5c90,M53642,8,otc alterations permit,2007-01-10T00:00:00.000,1426,35,240,08th,Av,streetspace and sidewalk,issued,2007-01-10T00:00:00.000,2007-01-10T00:00:00.000,2007-01-10T00:00:00.000,,,0,,,,1,Inner Richmond,94118,"{'latitude': '37.783954505269854', 'longitude': '-122.46631400384872', 'human_address': '{""address"": """", ""city"": """", ""state"": """", ""zip"": """"}'}",1.08E+11,,,,,,,,,,,,,,,
5ea2077fc2aeecdcc61c5c91,M53642,8,otc alterations permit,2007-01-10T00:00:00.000,1426,35,242,08th,Av,streetspace and sidewalk,issued,2007-01-10T00:00:00.000,2007-01-10T00:00:00.000,2007-01-10T00:00:00.000,,,0,,,,1,Inner Richmond,94118,"{'latitude': '37.783954505269854', 'longitude': '-122.46631400384872', 'human_address': '{""address"": """", ""city"": """", ""state"": """", ""zip"": """"}'}",1.08E+12,0,,,,,,,,,,,,,,
5ea20780c2aeecdcc61c5c92,2.01E+11,8,otc alterations permit,2007-01-10T00:00:00.000,860,62,551,Haight,St,add1 smoke and 2 horn/strobe to existing fire alarm system moved some devices to . rev to pa#200605242399.r-1 comply with nov#200006795 & #200671742.,expired,2009-06-24T00:00:00.000,2007-01-10T00:00:00.000,2007-01-10T00:00:00.000,2007-05-10T00:00:00.000Z,1,1,apartments,apartments,2,5,Hayes Valley,94117,"{'latitude': '37.77180527600348', 'longitude': '-122.43131826239697', 'human_address': '{""address"": """", ""city"": """", ""state"": """", ""zip"": """"}'}",1.08E+11,,3,3,4,4,3,constr type 3,3,constr type 3,,,,,,
5ea20780c2aeecdcc61c5c93,2.01E+11,8,otc alterations permit,2007-01-10T00:00:00.000,860,62,559,Haight,St,add1 smoke and 2 horn/strobe to existing fire alarm system moved some devices to . rev to pa#200605242399.r-1 comply with nov#200006795 & #200671742.,expired,2009-06-24T00:00:00.000,2007-01-10T00:00:00.000,2007-01-10T00:00:00.000,2007-05-10T00:00:00.000Z,1,1,apartments,apartments,2,5,Hayes Valley,94117,"{'latitude': '37.77180527600348', 'longitude': '-122.43131826239697', 'human_address': '{""address"": """", ""city"": """", ""state"": """", ""zip"": """"}'}",1.08E+12,,3,3,4,4,3,constr type 3,3,constr type 3,,,,,,
5ea20780c2aeecdcc61c5c94,2.01E+11,2,new construction wood frame,2007-01-10T00:00:00.000,6621,30,497,Valley,St,to erect a new 3 story single family dwelling unit,complete,2016-06-13T00:00:00.000,2007-01-10T00:00:00.000,2013-07-22T00:00:00.000,2016-07-06T00:00:00.000Z,680000,807609,,1 family dwelling,2,8,Noe Valley,94131,"{'latitude': '37.743991613033565', 'longitude': '-122.43305245930195', 'human_address': '{""address"": """", ""city"": """", ""state"": """", ""zip"": """"}'}",1.08E+12,,,3,,1,,,5,wood frame (5),2016-06-13T00:00:00.000,,Y,,2014-05-09T00:00:00.000,
5ea20780c2aeecdcc61c5c95,2.01E+11,2,new construction wood frame,2007-01-10T00:00:00.000,1334,40,107,24th,Av,"to erect 3 stories, single family resident building.",issued,2010-09-16T00:00:00.000,2007-01-10T00:00:00.000,2010-09-16T00:00:00.000,2013-08-31T00:00:00.000Z,700000,915000,,1 family dwelling,2,2,Seacliff,94121,"{'latitude': '37.78728293276914', 'longitude': '-122.4844254186266', 'human_address': '{""address"": """", ""city"": """", ""state"": """", ""zip"": """"}'}",1.16E+12,,,3,,1,,,5,wood frame (5),,,Y,,2010-09-16T00:00:00.000,
5ea20780c2aeecdcc61c5c96,M53662,8,otc alterations permit,2007-01-11T00:00:00.000,7018,43,990,Plymouth,Av,street space & sidewalk repair,issued,2007-01-11T00:00:00.000,2007-01-11T00:00:00.000,2007-01-11T00:00:00.000,,,0,,,,11,Oceanview/Merced/Ingleside,94112,"{'latitude': '37.719814236968524', 'longitude': '-122.4559727979612', 'human_address': '{""address"": """", ""city"": """", ""state"": """", ""zip"": """"}'}",1.08E+12,,,,,,,,,,,,,,,
5ea20780c2aeecdcc61c5c97,2.01E+11,8,otc alterations permit,2007-01-11T00:00:00.000,3705,42,865,Market,St,relocate or add 46 fire sprinlers in a remodeled retail space on the 2nd floor only,issued,2007-01-11T00:00:00.000,2007-01-11T00:00:00.000,2007-01-11T00:00:00.000,2007-07-11T00:00:00.000Z,12000,12000,retail sales,retail sales,2,6,South of Market,94103,"{'latitude': '37.78394695457302', 'longitude': '-122.40715830829208', 'human_address': '{""address"": """", ""city"": """", ""state"": """", ""zip"": """"}'}",1.08E+12,,7,7,0,0,1,constr type 1,1,constr type 1,,,,,,
5ea20780c2aeecdcc61c5c98,2.01E+11,8,otc alterations permit,2007-01-11T00:00:00.000,1602,4,727,42nd,Av,to renew 200604048168,issued,2007-01-11T00:00:00.000,2007-01-11T00:00:00.000,2007-01-11T00:00:00.000,2007-07-11T00:00:00.000Z,8000,8000,1 family dwelling,1 family dwelling,0,1,Outer Richmond,94121,"{'latitude': '37.774897888243736', 'longitude': '-122.50295406042888', 'human_address': '{""address"": """", ""city"": """", ""state"": """", ""zip"": """"}'}",1.08E+12,,4,4,1,1,5,wood frame (5),5,wood frame (5),,,,,,
5ea20780c2aeecdcc61c5c99,2.01E+11,8,otc alterations permit,2007-01-11T00:00:00.000,293,5,126,Post,St,"tenant improvement-5th floor, relocate 18 fire sprinklers.",expired,2009-04-07T00:00:00.000,2007-01-11T00:00:00.000,2007-01-11T00:00:00.000,2007-05-11T00:00:00.000Z,4250,4250,office,office,2,3,Financial District/South Beach,94108,"{'latitude': '37.789101650295486', 'longitude': '-122.40429166209135', 'human_address': '{""address"": """", ""city"": """", ""state"": """", ""zip"": """"}'}",1.08E+11,,6,6,0,0,3,constr type 3,3,constr type 3,,,,,,
5ea20780c2aeecdcc61c5c9a,2.01E+11,8,otc alterations permit,2007-01-11T00:00:00.000,3717,21,150,Spear,St,oti-3 10th floor sp,complete,2007-08-21T00:00:00.000,2007-01-11T00:00:00.000,2007-01-11T00:00:00.000,2007-07-11T00:00:00.000Z,11000,11000,office,office,2,6,Financial District/South Beach,94105,"{'latitude': '37.79175339067497', 'longitude': '-122.39361386013451', 'human_address': '{""address"": """", ""city"": """", ""state"": """", ""zip"": """"}'}",1.08E+12,,17,17,0,0,1,constr type 1,1,constr type 1,2007-08-21T00:00:00.000,,,,,
5ea20780c2aeecdcc61c5c9b,2.01E+11,8,otc alterations permit,2007-01-11T00:00:00.000,4975,16,11,Gilroy,St,"address complaint #20078781-kitchen and bathroom remodel. no structural work. repair and replace kitchen, toilet, hardwood floor. wattage of kitchen lighting to be 50% fluorescent, bathroom lighting to be fluorescent or on motion detector",complete,2007-05-04T00:00:00.000,2007-01-11T00:00:00.000,2007-01-11T00:00:00.000,2007-07-11T00:00:00.000Z,8000,13500,1 family dwelling,1 family dwelling,0,10,Bayview Hunters Point,94124,"{'latitude': '37.71624900337328', 'longitude': '-122.38852755348928', 'human_address': '{""address"": """", ""city"": """", ""state"": """", ""zip"": """"}'}",1.08E+12,,1,1,1,1,5,wood frame (5),5,wood frame (5),2007-05-04T00:00:00.000,,,,,
5ea20780c2aeecdcc61c5c9c,2.01E+11,8,otc alterations permit,2007-01-11T00:00:00.000,1767,12,1345,12th,Av,install fire sprinkler heads (6) for garage only,issued,2007-01-11T00:00:00.000,2007-01-11T00:00:00.000,2007-01-11T00:00:00.000,2007-05-11T00:00:00.000Z,3200,3200,apartments,apartments,2,5,Inner Sunset,94122,"{'latitude': '37.76298608691113', 'longitude': '-122.46978868573704', 'human_address': '{""address"": """", ""city"": """", ""state"": """", ""zip"": """"}'}",1.08E+12,,2,2,3,3,5,wood frame (5),5,wood frame (5),,,,,,
5ea20780c2aeecdcc61c5c9d,2.01E+11,8,otc alterations permit,2007-01-11T00:00:00.000,1076,34,1635,Divisadero,St,relocation of 2 existing lines in work area submitting as buits for 200609071577,issued,2007-01-11T00:00:00.000,2007-01-11T00:00:00.000,2007-01-11T00:00:00.000,2007-05-11T00:00:00.000Z,1,1,office,office,2,5,Japantown,94115,"{'latitude': '37.78473107445393', 'longitude': '-122.44038678313258', 'human_address': '{""address"": """", ""city"": """", ""state"": """", ""zip"": """"}'}",1.08E+11,,4,4,0,0,1,constr type 1,1,constr type 1,,,,,,
5ea20780c2aeecdcc61c5c9e,2.01E+11,3,additions alterations or repairs,2007-01-11T00:00:00.000,3730,102,64,Langton,St,"install a fire sprinkler to protect the entire building per nfpa 13r, fire sprinkler work only",complete,2009-03-03T00:00:00.000,2007-01-11T00:00:00.000,2007-03-22T00:00:00.000,2007-09-22T00:00:00.000Z,22250,22250,apartments,apartments,2,6,South of Market,94103,"{'latitude': '37.77665427596063', 'longitude': '-122.40907750423263', 'human_address': '{""address"": """", ""city"": """", ""state"": """", ""zip"": """"}'}",1.08E+12,,3,3,4,4,5,wood frame (5),5,wood frame (5),2009-03-03T00:00:00.000,,,,,
5ea20780c2aeecdcc61c5c9f,2.01E+11,3,additions alterations or repairs,2007-01-11T00:00:00.000,3730,102,66,Langton,St,"install a fire sprinkler to protect the entire building per nfpa 13r, fire sprinkler work only",complete,2009-03-03T00:00:00.000,2007-01-11T00:00:00.000,2007-03-22T00:00:00.000,2007-09-22T00:00:00.000Z,22250,22250,apartments,apartments,2,6,South of Market,94103,"{'latitude': '37.77665427596063', 'longitude': '-122.40907750423263', 'human_address': '{""address"": """", ""city"": """", ""state"": """", ""zip"": """"}'}",1.08E+12,,3,3,4,4,5,wood frame (5),5,wood frame (5),2009-03-03T00:00:00.000,,,,,
5ea20780c2aeecdcc61c5ca0,2.01E+11,3,additions alterations or repairs,2007-01-11T00:00:00.000,3730,102,68,Langton,St,"install a fire sprinkler to protect the entire building per nfpa 13r, fire sprinkler work only",complete,2009-03-03T00:00:00.000,2007-01-11T00:00:00.000,2007-03-22T00:00:00.000,2007-09-22T00:00:00.000Z,22250,22250,apartments,apartments,2,6,South of Market,94103,"{'latitude': '37.77665427596063', 'longitude': '-122.40907750423263', 'human_address': '{""address"": """", ""city"": """", ""state"": """", ""zip"": """"}'}",1.08E+12,,3,3,4,4,5,wood frame (5),5,wood frame (5),2009-03-03T00:00:00.000,,,,,
5ea20780c2aeecdcc61c5ca1,2.01E+11,3,additions alterations or repairs,2007-01-11T00:00:00.000,3730,102,70,Langton,St,"install a fire sprinkler to protect the entire building per nfpa 13r, fire sprinkler work only",complete,2009-03-03T00:00:00.000,2007-01-11T00:00:00.000,2007-03-22T00:00:00.000,2007-09-22T00:00:00.000Z,22250,22250,apartments,apartments,2,6,South of Market,94103,"{'latitude': '37.77665427596063', 'longitude': '-122.40907750423263', 'human_address': '{""address"": """", ""city"": """", ""state"": """", ""zip"": """"}'}",1.08E+12,,3,3,4,4,5,wood frame (5),5,wood frame (5),2009-03-03T00:00:00.000,,,,,
5ea20780c2aeecdcc61c5ca2,2.01E+11,8,otc alterations permit,2007-01-11T00:00:00.000,2355,001F,2327,26th,Av,revision to pa# 2006/07/13/6415: change extent of (n) wall seperate (e) garage from (n) addition: relocate (n) door & furnace & water heater. delete swing door from (e) family room to (n) addition (entertainment rm). request extension of completion date for construction work. (lerrter from owner).,complete,2007-08-03T00:00:00.000,2007-01-11T00:00:00.000,2007-01-11T00:00:00.000,2007-05-11T00:00:00.000Z,1,1,1 family dwelling,1 family dwelling,2,4,Sunset/Parkside,94116,"{'latitude': '37.74399789894487', 'longitude': '-122.48361037376898', 'human_address': '{""address"": """", ""city"": """", ""state"": """", ""zip"": """"}'}",1.08E+12,,2,2,1,1,5,wood frame (5),5,wood frame (5),2007-08-03T00:00:00.000,,,,,
5ea20780c2aeecdcc61c5ca3,M53682,8,otc alterations permit,2007-01-11T00:00:00.000,618,4,1890,Clay,St,street space,issued,2007-01-11T00:00:00.000,2007-01-11T00:00:00.000,2007-01-11T00:00:00.000,,,0,,,,2,Pacific Heights,94109,"{'latitude': '37.792189466278046', 'longitude': '-122.42402443478369', 'human_address': '{""address"": """", ""city"": """", ""state"": """", ""zip"": """"}'}",1.08E+11,,,,,,,,,,,,,,,
5ea20780c2aeecdcc61c5ca4,2.01E+11,8,otc alterations permit,2007-01-11T00:00:00.000,633,001D,2001,Pierce,St,"remodel kitchen, bath in kind. no structural changes. plumbing & electrical code upgrades. no lighting change.",complete,2007-06-01T00:00:00.000,2007-01-11T00:00:00.000,2007-01-11T00:00:00.000,2007-07-11T00:00:00.000Z,13500,13500,apartments,apartments,0,2,Pacific Heights,94115,"{'latitude': '37.788751535693045', 'longitude': '-122.43743338152997', 'human_address': '{""address"": """", ""city"": """", ""state"": """", ""zip"": """"}'}",1.08E+12,,5,5,45,45,1,constr type 1,1,constr type 1,2007-06-01T00:00:00.000,,,,,
5ea20780c2aeecdcc61c5ca5,2.01E+11,8,otc alterations permit,2007-01-11T00:00:00.000,633,001D,2001,Pierce,St,"replace kitchen cabinet, counter top in kind. no structural changes. hook up sink & faucet. no door window or light work to be done.",issued,2007-01-11T00:00:00.000,2007-01-11T00:00:00.000,2007-01-11T00:00:00.000,2007-07-11T00:00:00.000Z,7300,7300,apartments,apartments,0,2,Pacific Heights,94115,"{'latitude': '37.788751535693045', 'longitude': '-122.43743338152997', 'human_address': '{""address"": """", ""city"": """", ""state"": """", ""zip"": """"}'}",1.08E+12,,5,5,45,45,1,constr type 1,1,constr type 1,,,,,,
5ea20780c2aeecdcc61c5ca6,2.01E+11,8,otc alterations permit,2007-01-11T00:00:00.000,668,2,1330,Bush,St,"unit 96:1 kitchen and 1 bath remodel in kind. no structural changes. plumbing and elec code upgrades. no windows, doors, or lighting",complete,2007-04-06T00:00:00.000,2007-01-11T00:00:00.000,2007-01-11T00:00:00.000,2007-07-11T00:00:00.000Z,9000,13500,apartments,apartments,0,3,Nob Hill,94109,"{'latitude': '37.789112947112365', 'longitude': '-122.41909261693445', 'human_address': '{""address"": """", ""city"": """", ""state"": """", ""zip"": """"}'}",1.08E+11,,12,12,117,117,1,constr type 1,1,constr type 1,2007-04-06T00:00:00.000,,,,,
5ea20780c2aeecdcc61c5ca7,2.01E+11,8,otc alterations permit,2007-01-11T00:00:00.000,633,001D,2001,Pierce,St,work @ unit# 55 only. replace kitchen cabinets counter tops in kind. hook up sink faucets & toilet. no structural change. no lighting.,complete,2007-06-01T00:00:00.000,2007-01-11T00:00:00.000,2007-01-11T00:00:00.000,2007-07-11T00:00:00.000Z,7300,7300,apartments,apartments,0,2,Pacific Heights,94115,"{'latitude': '37.788751535693045', 'longitude': '-122.43743338152997', 'human_address': '{""address"": """", ""city"": """", ""state"": """", ""zip"": """"}'}",1.08E+11,,5,5,45,45,1,constr type 1,1,constr type 1,2007-06-01T00:00:00.000,,,,,
5ea20780c2aeecdcc61c5ca8,2.01E+11,8,otc alterations permit,2007-01-11T00:00:00.000,129,29,755,Green,St,"1 kitchen, 1 bath remodel in kind. no structural changes, sink, faucets, shower valves, cabinet, counter tops & electrical code upgrades. no light changes.",issued,2007-01-11T00:00:00.000,2007-01-11T00:00:00.000,2007-01-11T00:00:00.000,2007-07-11T00:00:00.000Z,13500,13500,apartments,apartments,0,3,Chinatown,94133,"{'latitude': '37.798907237280126', 'longitude': '-122.41152666033851', 'human_address': '{""address"": """", ""city"": """", ""state"": """", ""zip"": """"}'}",1.08E+12,0,3,3,15,15,5,wood frame (5),5,wood frame (5),,,,,,
5ea20780c2aeecdcc61c5ca9,2.01E+11,8,otc alterations permit,2007-01-11T00:00:00.000,920,002H,3615,Scott,St,"remove old lath/plaster. new sheetrock. upgrade electrical/plumbing to code. kitchen remodel, existing. no change to partitions or windows",complete,2007-09-21T00:00:00.000,2007-01-11T00:00:00.000,2007-01-11T00:00:00.000,2007-07-11T00:00:00.000Z,10000,10000,2 family dwelling,2 family dwelling,0,2,Marina,94123,"{'latitude': '37.803213151349986', 'longitude': '-122.44207102172292', 'human_address': '{""address"": """", ""city"": """", ""state"": """", ""zip"": """"}'}",1.08E+11,,2,2,2,2,5,wood frame (5),5,wood frame (5),2007-09-21T00:00:00.000,,,,,
5ea20780c2aeecdcc61c5caa,M53702,8,otc alterations permit,2007-01-11T00:00:00.000,494,22,47,Magnolia,St,street space permit.,issued,2007-01-11T00:00:00.000,2007-01-11T00:00:00.000,2007-01-11T00:00:00.000,,,0,,,,2,Marina,94123,"{'latitude': '37.80072515026727', 'longitude': '-122.4322037163521', 'human_address': '{""address"": """", ""city"": """", ""state"": """", ""zip"": """"}'}",1.08E+12,,,,,,,,,,,,,,,
5ea20780c2aeecdcc61c5cab,2.01E+11,8,otc alterations permit,2007-01-11T00:00:00.000,6514,18,257,San Jose,Av,reroofing,complete,2007-01-24T00:00:00.000,2007-01-11T00:00:00.000,2007-01-11T00:00:00.000,2007-07-11T00:00:00.000Z,11000,11000,apartments,apartments,0,8,Mission,94110,"{'latitude': '37.75120322081861', 'longitude': '-122.42123723209518', 'human_address': '{""address"": """", ""city"": """", ""state"": """", ""zip"": """"}'}",1.08E+12,,2,2,8,8,5,wood frame (5),5,wood frame (5),2007-01-24T00:00:00.000,,,,,
5ea20780c2aeecdcc61c5cac,2.01E+11,8,otc alterations permit,2007-01-11T00:00:00.000,3612,9,2900,21st,St,"renewal of pa# 2005/11/16/8238, pa# 2005/08/22/0859, pa# 2006/08/15/9471 & pa# 2006/08/15/9486 for final inspection only.",complete,2007-03-07T00:00:00.000,2007-01-11T00:00:00.000,2007-01-11T00:00:00.000,2007-05-11T00:00:00.000Z,1,1,apartments,apartments,0,9,Mission,94110,"{'latitude': '37.75764091875177', 'longitude': '-122.41258247302474', 'human_address': '{""address"": """", ""city"": """", ""state"": """", ""zip"": """"}'}",1.08E+12,,2,2,3,3,5,wood frame (5),5,wood frame (5),2007-03-07T00:00:00.000,,,,,
5ea20780c2aeecdcc61c5cad,2.01E+11,8,otc alterations permit,2007-01-11T00:00:00.000,3612,9,2902,21st,St,"renewal of pa# 2005/11/16/8238, pa# 2005/08/22/0859, pa# 2006/08/15/9471 & pa# 2006/08/15/9486 for final inspection only.",complete,2007-03-07T00:00:00.000,2007-01-11T00:00:00.000,2007-01-11T00:00:00.000,2007-05-11T00:00:00.000Z,1,1,apartments,apartments,0,9,Mission,94110,"{'latitude': '37.75764091875177', 'longitude': '-122.41258247302474', 'human_address': '{""address"": """", ""city"": """", ""state"": """", ""zip"": """"}'}",1.08E+12,,2,2,3,3,5,wood frame (5),5,wood frame (5),2007-03-07T00:00:00.000,,,,,
5ea20780c2aeecdcc61c5cae,2.01E+11,8,otc alterations permit,2007-01-11T00:00:00.000,3612,9,2904,21st,St,"renewal of pa# 2005/11/16/8238, pa# 2005/08/22/0859, pa# 2006/08/15/9471 & pa# 2006/08/15/9486 for final inspection only.",complete,2007-03-07T00:00:00.000,2007-01-11T00:00:00.000,2007-01-11T00:00:00.000,2007-05-11T00:00:00.000Z,1,1,apartments,apartments,0,9,Mission,94110,"{'latitude': '37.75764091875177', 'longitude': '-122.41258247302474', 'human_address': '{""address"": """", ""city"": """", ""state"": """", ""zip"": """"}'}",1.08E+12,,2,2,3,3,5,wood frame (5),5,wood frame (5),2007-03-07T00:00:00.000,,,,,
5ea20780c2aeecdcc61c5caf,M53703,8,otc alterations permit,2007-01-11T00:00:00.000,4004,33,215,Arkansas,St,sidewalk repair,issued,2007-01-11T00:00:00.000,2007-01-11T00:00:00.000,2007-01-11T00:00:00.000,,,0,,,,10,Potrero Hill,94107,"{'latitude': '37.763420888970224', 'longitude': '-122.39824086836789', 'human_address': '{""address"": """", ""city"": """", ""state"": """", ""zip"": """"}'}",1.08E+12,,,,,,,,,,,,,,,
5ea20780c2aeecdcc61c5cb0,2.01E+11,8,otc alterations permit,2007-01-11T00:00:00.000,289,4,1,Sansome,St,oti-3  30th floor sp,complete,2007-03-23T00:00:00.000,2007-01-11T00:00:00.000,2007-01-11T00:00:00.000,2007-05-11T00:00:00.000Z,4000,4000,office,office,2,3,Financial District/South Beach,94104,"{'latitude': '37.79043181197283', 'longitude': '-122.40135901191479', 'human_address': '{""address"": """", ""city"": """", ""state"": """", ""zip"": """"}'}",1.08E+11,,43,43,0,0,1,constr type 1,1,constr type 1,2007-03-23T00:00:00.000,,,,,
5ea20780c2aeecdcc61c5cb1,M53704,8,otc alterations permit,2007-01-11T00:00:00.000,3636,1,2600,Mission,St,sidewalk repair,issued,2007-01-11T00:00:00.000,2007-01-11T00:00:00.000,2007-01-11T00:00:00.000,,,0,,,,9,Mission,94110,"{'latitude': '37.75527237416796', 'longitude': '-122.41909297026417', 'human_address': '{""address"": """", ""city"": """", ""state"": """", ""zip"": """"}'}",1.08E+12,,,,,,,,,,,,,,,
5ea20780c2aeecdcc61c5cb2,2.01E+11,8,otc alterations permit,2007-01-11T00:00:00.000,328,3,77,Ofarrell,St,"fire sprinkler system. 239 new speakers, 3rd & 4th floors.",complete,2007-12-07T00:00:00.000,2007-01-11T00:00:00.000,2007-01-11T00:00:00.000,2008-01-11T00:00:00.000Z,60000,60000,retail sales,retail sales,2,3,Financial District/South Beach,94108,"{'latitude': '37.78630347434889', 'longitude': '-122.40608977025623', 'human_address': '{""address"": """", ""city"": """", ""state"": """", ""zip"": """"}'}",1.08E+12,0,6,6,0,0,5,wood frame (5),5,wood frame (5),2007-12-07T00:00:00.000,,,,,
5ea20780c2aeecdcc61c5cb3,2.01E+11,8,otc alterations permit,2007-01-11T00:00:00.000,328,4,77,Ofarrell,St,"fire sprinkler system. 239 new speakers, 3rd & 4th floors.",complete,2007-12-07T00:00:00.000,2007-01-11T00:00:00.000,2007-01-11T00:00:00.000,2008-01-11T00:00:00.000Z,60000,60000,retail sales,retail sales,2,3,Financial District/South Beach,94108,"{'latitude': '37.78645873330659', 'longitude': '-122.4060990357068', 'human_address': '{""address"": """", ""city"": """", ""state"": """", ""zip"": """"}'}",1.08E+12,,6,6,0,0,5,wood frame (5),5,wood frame (5),2007-12-07T00:00:00.000,,,,,
5ea20780c2aeecdcc61c5cb4,2.01E+11,8,otc alterations permit,2007-01-11T00:00:00.000,2831,8,4120,24th,St,remodel of (e) apartment: addition of new forced air furnace in structure on roof and all required services and ducting; general repairs; full decoration.,complete,2008-12-18T00:00:00.000,2007-01-11T00:00:00.000,2007-01-11T00:00:00.000,2008-01-11T00:00:00.000Z,57000,57000,apartments,apartments,2,8,Noe Valley,94114,"{'latitude': '37.75150142047014', 'longitude': '-122.43474967375936', 'human_address': '{""address"": """", ""city"": """", ""state"": """", ""zip"": """"}'}",1.08E+12,,2,2,5,5,5,wood frame (5),5,wood frame (5),2008-12-18T00:00:00.000,,,,,
5ea20780c2aeecdcc61c5cb5,2.01E+11,8,otc alterations permit,2007-01-11T00:00:00.000,2831,8,4122,24th,St,remodel of (e) apartment: addition of new forced air furnace in structure on roof and all required services and ducting; general repairs; full decoration.,complete,2008-12-18T00:00:00.000,2007-01-11T00:00:00.000,2007-01-11T00:00:00.000,2008-01-11T00:00:00.000Z,57000,57000,apartments,apartments,2,8,Noe Valley,94114,"{'latitude': '37.75150142047014', 'longitude': '-122.43474967375936', 'human_address': '{""address"": """", ""city"": """", ""state"": """", ""zip"": """"}'}",1.08E+12,,2,2,5,5,5,wood frame (5),5,wood frame (5),2008-12-18T00:00:00.000,,,,,
5ea20780c2aeecdcc61c5cb6,2.01E+11,8,otc alterations permit,2007-01-11T00:00:00.000,2831,8,4124,24th,St,remodel of (e) apartment: addition of new forced air furnace in structure on roof and all required services and ducting; general repairs; full decoration.,complete,2008-12-18T00:00:00.000,2007-01-11T00:00:00.000,2007-01-11T00:00:00.000,2008-01-11T00:00:00.000Z,57000,57000,apartments,apartments,2,8,Noe Valley,94114,"{'latitude': '37.75150142047014', 'longitude': '-122.43474967375936', 'human_address': '{""address"": """", ""city"": """", ""state"": """", ""zip"": """"}'}",1.08E+12,0,2,2,5,5,5,wood frame (5),5,wood frame (5),2008-12-18T00:00:00.000,,,,,
5ea20780c2aeecdcc61c5cb7,2.01E+11,8,otc alterations permit,2007-01-11T00:00:00.000,2432,002I,2551,31st,Av,"kchn remodel. install new cnbys, new counter tops, sink, gas range , dichwaser, and sinks and faucets. 50% of lighting wattage to be flourescent",complete,2007-07-10T00:00:00.000,2007-01-11T00:00:00.000,2007-01-11T00:00:00.000,2007-07-11T00:00:00.000Z,15000,15000,1 family dwelling,1 family dwelling,0,4,Sunset/Parkside,94116,"{'latitude': '37.73963539735925', 'longitude': '-122.48867723319893', 'human_address': '{""address"": """", ""city"": """", ""state"": """", ""zip"": """"}'}",1.08E+12,,1,1,1,1,5,wood frame (5),5,wood frame (5),2007-07-10T00:00:00.000,,,,,
5ea20780c2aeecdcc61c5cb8,2.01E+11,8,otc alterations permit,2007-01-11T00:00:00.000,289,4,1,Sansome,St,oti-3  38th floor l/s,complete,2007-03-23T00:00:00.000,2007-01-11T00:00:00.000,2007-01-11T00:00:00.000,2007-07-11T00:00:00.000Z,20000,20000,office,office,2,3,Financial District/South Beach,94104,"{'latitude': '37.79043181197283', 'longitude': '-122.40135901191479', 'human_address': '{""address"": """", ""city"": """", ""state"": """", ""zip"": """"}'}",1.08E+11,,43,43,0,0,1,constr type 1,1,constr type 1,2007-03-23T00:00:00.000,,,,,
5ea20780c2aeecdcc61c5cb9,2.01E+11,8,otc alterations permit,2007-01-11T00:00:00.000,6614,25,1521,Sanchez,St,"replace 12 windows, size for size. wood to wood composite. visible from street. u-value 0.39.",expired,2007-07-12T00:00:00.000,2007-01-11T00:00:00.000,2007-01-11T00:00:00.000,2007-07-11T00:00:00.000Z,17900,17900,1 family dwelling,1 family dwelling,0,8,Noe Valley,94131,"{'latitude': '37.74478470819793', 'longitude': '-122.42868352299222', 'human_address': '{""address"": """", ""city"": """", ""state"": """", ""zip"": """"}'}",1.08E+12,,2,2,1,1,5,wood frame (5),5,wood frame (5),,,,,,
5ea20780c2aeecdcc61c5cba,2.01E+11,8,otc alterations permit,2007-01-11T00:00:00.000,2192,1,1601,Quintara,St,"kitchen remodel, no structural work. replace cbnts, sink, dishwaser, faucet, hood, wndw to insulated. .67 uf and gas range and counter tops. 50% of lighing wattage to be flourescent",expired,2008-01-03T00:00:00.000,2007-01-11T00:00:00.000,2007-01-11T00:00:00.000,2007-07-11T00:00:00.000Z,15000,15000,1 family dwelling,1 family dwelling,0,4,Sunset/Parkside,94116,"{'latitude': '37.74820635950506', 'longitude': '-122.48278771599598', 'human_address': '{""address"": """", ""city"": """", ""state"": """", ""zip"": """"}'}",1.08E+12,,2,2,1,1,5,wood frame (5),5,wood frame (5),,,,,,
5ea20780c2aeecdcc61c5cbb,2.01E+11,8,otc alterations permit,2007-01-11T00:00:00.000,1329,6,2800,Lake,St,"replace 22 windows, size for size. wood to wood composite. visible from street. u-value 0.39.",complete,2007-03-02T00:00:00.000,2007-01-11T00:00:00.000,2007-01-11T00:00:00.000,2008-01-11T00:00:00.000Z,37600,37600,1 family dwelling,1 family dwelling,0,2,Seacliff,94121,"{'latitude': '37.785302819695254', 'longitude': '-122.48962753498058', 'human_address': '{""address"": """", ""city"": """", ""state"": """", ""zip"": """"}'}",1.08E+11,,2,2,1,1,5,wood frame (5),5,wood frame (5),2007-03-02T00:00:00.000,,,,,
5ea20780c2aeecdcc61c5cbc,2.01E+11,8,otc alterations permit,2007-01-11T00:00:00.000,729,44,1835,Ellis,St,"level 1 - tenant improvements. existing fire speaker system. 35 relocates, 9 new, 1 removed.",complete,2007-10-05T00:00:00.000,2007-01-11T00:00:00.000,2007-01-11T00:00:00.000,2007-07-11T00:00:00.000Z,7750,7750,theater,theater,2,5,Western Addition,94115,"{'latitude': '37.78135386569716', 'longitude': '-122.43652937212623', 'human_address': '{""address"": """", ""city"": """", ""state"": """", ""zip"": """"}'}",1.08E+12,,2,2,0,0,2,constr type 2,2,constr type 2,2007-10-05T00:00:00.000,,,,,
5ea20780c2aeecdcc61c5cbd,2.01E+11,8,otc alterations permit,2007-01-11T00:00:00.000,3578,28,487,Dolores,St,"replace 2-4x post in existing deck, less than 50% of structural comply with notice of violation #200682672",complete,2007-05-11T00:00:00.000,2007-01-11T00:00:00.000,2007-01-11T00:00:00.000,2007-05-11T00:00:00.000Z,1500,1500,apartments,apartments,0,8,Mission,94110,"{'latitude': '37.76167671334953', 'longitude': '-122.4257154752594', 'human_address': '{""address"": """", ""city"": """", ""state"": """", ""zip"": """"}'}",1.08E+12,,3,3,6,6,5,wood frame (5),5,wood frame (5),2007-05-11T00:00:00.000,,,,,
5ea20780c2aeecdcc61c5cbe,2.01E+11,8,otc alterations permit,2007-01-11T00:00:00.000,3578,28,489,Dolores,St,"replace 2-4x post in existing deck, less than 50% of structural comply with notice of violation #200682672",complete,2007-05-11T00:00:00.000,2007-01-11T00:00:00.000,2007-01-11T00:00:00.000,2007-05-11T00:00:00.000Z,1500,1500,apartments,apartments,0,8,Mission,94110,"{'latitude': '37.76167671334953', 'longitude': '-122.4257154752594', 'human_address': '{""address"": """", ""city"": """", ""state"": """", ""zip"": """"}'}",1.08E+12,,3,3,6,6,5,wood frame (5),5,wood frame (5),2007-05-11T00:00:00.000,,,,,
5ea20780c2aeecdcc61c5cbf,2.01E+11,8,otc alterations permit,2007-01-11T00:00:00.000,2134A,7,2025,14th,Av,"kchn remodel, no structural work or walls removed. replace cbnts, counter tops, sink, faucet, dixh washer and gas range. 50% of lighting wattage to be flourescent",expired,2008-01-22T00:00:00.000,2007-01-11T00:00:00.000,2007-01-11T00:00:00.000,2007-07-11T00:00:00.000Z,15000,15000,1 family dwelling,1 family dwelling,0,7,Inner Sunset,94116,"{'latitude': '37.7502441387774', 'longitude': '-122.47122332945204', 'human_address': '{""address"": """", ""city"": """", ""state"": """", ""zip"": """"}'}",1.08E+12,,1,1,1,1,5,wood frame (5),5,wood frame (5),,,,,,
5ea20780c2aeecdcc61c5cc0,2.01E+11,8,otc alterations permit,2007-01-11T00:00:00.000,6935,16,542,Faxon,Av,"two bedroom, full bathoom & laundry room to be added at ground floor.",complete,2007-05-17T00:00:00.000,2007-01-11T00:00:00.000,2007-01-11T00:00:00.000,2008-01-11T00:00:00.000Z,32000,32000,1 family dwelling,1 family dwelling,2,7,Oceanview/Merced/Ingleside,94112,"{'latitude': '37.72424684952734', 'longitude': '-122.45993874511964', 'human_address': '{""address"": """", ""city"": """", ""state"": """", ""zip"": """"}'}",1.08E+12,,2,2,1,1,5,wood frame (5),5,wood frame (5),2007-05-17T00:00:00.000,,,,,
5ea20780c2aeecdcc61c5cc1,2.01E+11,8,otc alterations permit,2007-01-11T00:00:00.000,259,26,555,California,St,"48th floor - tenant improvements. existing fire sprinkler system. 223 relocates, existing & new calc's.",complete,2007-05-08T00:00:00.000,2007-01-11T00:00:00.000,2007-01-11T00:00:00.000,2008-01-11T00:00:00.000Z,51000,51000,office,office,2,3,Financial District/South Beach,94104,"{'latitude': '37.79226164880319', 'longitude': '-122.40348595414692', 'human_address': '{""address"": """", ""city"": """", ""state"": """", ""zip"": """"}'}",1.08E+12,0,55,55,0,0,1,constr type 1,1,constr type 1,2007-05-08T00:00:00.000,,,,,
5ea20780c2aeecdcc61c5cc2,M53722,8,otc alterations permit,2007-01-11T00:00:00.000,926,9,3301,Broderick,St,street space & sidewalk permit only.,issued,2007-01-11T00:00:00.000,2007-01-11T00:00:00.000,2007-01-11T00:00:00.000,,,0,,,,2,Marina,94123,"{'latitude': '37.80082083954642', 'longitude': '-122.4450113916085', 'human_address': '{""address"": """", ""city"": """", ""state"": """", ""zip"": """"}'}",1.08E+11,,,,,,,,,,,,,,,
5ea20780c2aeecdcc61c5cc3,2.01E+11,8,otc alterations permit,2007-01-11T00:00:00.000,293,5,126,Post,St,tanner hecht: oti-2  5th floor el,expired,2009-06-29T00:00:00.000,2007-01-11T00:00:00.000,2007-01-11T00:00:00.000,2008-01-11T00:00:00.000Z,31800,31800,office,office,2,3,Financial District/South Beach,94108,"{'latitude': '37.789101650295486', 'longitude': '-122.40429166209135', 'human_address': '{""address"": """", ""city"": """", ""state"": """", ""zip"": """"}'}",1.08E+11,,6,6,0,0,3,constr type 3,3,constr type 3,,,,,,
5ea20780c2aeecdcc61c5cc4,2.01E+11,8,otc alterations permit,2007-01-11T00:00:00.000,1622,27,658,23rd,Av,"remodel replace fixtures in bathroom, sink, floors toilets.",issued,2007-01-11T00:00:00.000,2007-01-11T00:00:00.000,2007-01-11T00:00:00.000,2007-07-11T00:00:00.000Z,6000,6000,2 family dwelling,2 family dwelling,0,1,Outer Richmond,94121,"{'latitude': '37.77531028790537', 'longitude': '-122.48191151349963', 'human_address': '{""address"": """", ""city"": """", ""state"": """", ""zip"": """"}'}",1.08E+12,,2,2,2,2,5,wood frame (5),5,wood frame (5),,,,,,
5ea20780c2aeecdcc61c5cc5,2.01E+11,8,otc alterations permit,2007-01-11T00:00:00.000,814,20,100,Van Ness,Av,"renew: 9415883, 9415884 951145 for final inspection only",cancelled,2007-01-22T00:00:00.000,2007-01-11T00:00:00.000,2007-01-11T00:00:00.000,2007-05-11T00:00:00.000Z,1,1,office,office,0,6,Tenderloin,94102,"{'latitude': '37.776721112206374', 'longitude': '-122.41917732348324', 'human_address': '{""address"": """", ""city"": """", ""state"": """", ""zip"": """"}'}",1.08E+11,,28,28,0,0,2,constr type 2,2,constr type 2,,,,,,
5ea20780c2aeecdcc61c5cc6,M53723,8,otc alterations permit,2007-01-11T00:00:00.000,589,25,2209,Pacific,Av,street space permit,issued,2007-01-11T00:00:00.000,2007-01-11T00:00:00.000,2007-01-11T00:00:00.000,,,0,,,,2,Pacific Heights,94115,"{'latitude': '37.79343426231262', 'longitude': '-122.43191761910658', 'human_address': '{""address"": """", ""city"": """", ""state"": """", ""zip"": """"}'}",1.08E+12,0,,,,,,,,,,,,,,
5ea20780c2aeecdcc61c5cc7,2.01E+11,8,otc alterations permit,2007-01-11T00:00:00.000,177,1,935,Kearny,St,"renew appl#200107113379, 200512200723, 200502155514, 200502014480 to continue work.",issued,2007-01-11T00:00:00.000,2007-01-11T00:00:00.000,2007-01-11T00:00:00.000,2008-01-11T00:00:00.000Z,30000,30000,residential hotel,residential hotel,0,3,Chinatown,94133,"{'latitude': '37.79678685362231', 'longitude': '-122.40557965827051', 'human_address': '{""address"": """", ""city"": """", ""state"": """", ""zip"": """"}'}",10796802153,,3,3,149,149,3,constr type 3,3,constr type 3,,,,,,
5ea20780c2aeecdcc61c5cc8,2.01E+11,8,otc alterations permit,2007-01-11T00:00:00.000,3708,15,560,Mission,St,"oti-2, jp morgan, 3rd floor, ls",complete,2007-04-13T00:00:00.000,2007-01-11T00:00:00.000,2007-01-11T00:00:00.000,2008-01-11T00:00:00.000Z,26000,26000,office,office,2,,,,,1.08E+12,,31,31,0,0,1,constr type 1,1,constr type 1,2007-04-13T00:00:00.000,,,,,
5ea20780c2aeecdcc61c5cc9,2.01E+11,8,otc alterations permit,2007-01-11T00:00:00.000,814,20,100,Van Ness,Av,renew: 9415803 and 9415885 for final inspection,cancelled,2007-01-22T00:00:00.000,2007-01-11T00:00:00.000,2007-01-11T00:00:00.000,2007-05-11T00:00:00.000Z,1,1,office,office,0,6,Tenderloin,94102,"{'latitude': '37.776721112206374', 'longitude': '-122.41917732348324', 'human_address': '{""address"": """", ""city"": """", ""state"": """", ""zip"": """"}'}",1.08E+11,,28,28,0,0,2,constr type 2,2,constr type 2,,,,,,
5ea20780c2aeecdcc61c5cca,2.01E+11,8,otc alterations permit,2007-01-11T00:00:00.000,96,3,2049,Hyde,St,"voluntary seismic strengthening anchor bolt extg concrete foundation per ubc 1806.6 using 3/4x12"" long. redhead exp. ab. placed at 6'-0 max o.c. to extg 4x sill plate for seismic safety",complete,2007-01-19T00:00:00.000,2007-01-11T00:00:00.000,2007-01-11T00:00:00.000,2007-05-11T00:00:00.000Z,4000,4000,apartments,apartments,0,2,Russian Hill,94109,"{'latitude': '37.79984715682498', 'longitude': '-122.41942353629767', 'human_address': '{""address"": """", ""city"": """", ""state"": """", ""zip"": """"}'}",1.08E+11,,3,3,3,3,5,wood frame (5),5,wood frame (5),2007-01-19T00:00:00.000,,,,,
5ea20780c2aeecdcc61c5ccb,2.01E+11,8,otc alterations permit,2007-01-11T00:00:00.000,96,3,2053,Hyde,St,"voluntary seismic strengthening anchor bolt extg concrete foundation per ubc 1806.6 using 3/4x12"" long. redhead exp. ab. placed at 6'-0 max o.c. to extg 4x sill plate for seismic safety",complete,2007-01-19T00:00:00.000,2007-01-11T00:00:00.000,2007-01-11T00:00:00.000,2007-05-11T00:00:00.000Z,4000,4000,apartments,apartments,0,2,Russian Hill,94109,"{'latitude': '37.79984715682498', 'longitude': '-122.41942353629767', 'human_address': '{""address"": """", ""city"": """", ""state"": """", ""zip"": """"}'}",1.08E+12,,3,3,3,3,5,wood frame (5),5,wood frame (5),2007-01-19T00:00:00.000,,,,,
5ea20780c2aeecdcc61c5ccc,2.01E+11,3,additions alterations or repairs,2007-01-11T00:00:00.000,259,29,315,Montgomery,St,"oti-1, jones lang lasalle, 9th fl, el, me, sp.",complete,2007-06-18T00:00:00.000,2007-01-11T00:00:00.000,2007-02-01T00:00:00.000,2008-02-01T00:00:00.000Z,275000,275000,office,office,2,3,Financial District/South Beach,94104,"{'latitude': '37.79226164880319', 'longitude': '-122.40348595414692', 'human_address': '{""address"": """", ""city"": """", ""state"": """", ""zip"": """"}'}",1.08E+11,,12,12,0,0,1,constr type 1,1,constr type 1,2007-06-18T00:00:00.000,,,,,
5ea20780c2aeecdcc61c5ccd,2.01E+11,8,otc alterations permit,2007-01-11T00:00:00.000,1803,35,1322,La Playa,,"1)bathroom: change wall, floor, tiles, add exhaust fan, change lighting fixture. shower, toilet, bathtub, sink, light replacement in kind. 2) kchn: change out kchn floor tiles. 3) change out room dresser door to sliding door. fireplace change and cosmetic change only",complete,2007-06-22T00:00:00.000,2007-01-11T00:00:00.000,2007-01-11T00:00:00.000,2007-07-11T00:00:00.000Z,6000,6000,1 family dwelling,1 family dwelling,0,4,Sunset/Parkside,94122,"{'latitude': '37.7616747889227', 'longitude': '-122.50890866835077', 'human_address': '{""address"": """", ""city"": """", ""state"": """", ""zip"": """"}'}",1.08E+12,,2,2,1,1,5,wood frame (5),5,wood frame (5),2007-06-22T00:00:00.000,,,,,
5ea20780c2aeecdcc61c5cce,2.01E+11,3,additions alterations or repairs,2007-01-11T00:00:00.000,3721,11,500,Howard,St,"oti-2 - prosodie interactive, 4th floor, el, me.",issued,2007-04-19T00:00:00.000,2007-01-11T00:00:00.000,2007-04-19T00:00:00.000,2009-04-19T00:00:00.000Z,499900,499900,office,office,2,6,Financial District/South Beach,94105,"{'latitude': '37.788422712787614', 'longitude': '-122.39656873618254', 'human_address': '{""address"": """", ""city"": """", ""state"": """", ""zip"": """"}'}",1.08E+12,,10,10,0,0,1,constr type 1,1,constr type 1,,,,,,
5ea20780c2aeecdcc61c5ccf,2.01E+11,8,otc alterations permit,2007-01-11T00:00:00.000,3707,62,33,New Montgomery,St,"to renew pa# 2005/04/06/9266 (oti-1), pa# 2005/05/24/3218 (oti-2), pa# 2005/06/14/4994 (oti-3) & pa# 2005/05/27/3596 (oti-4) for final inspection only.",complete,2007-06-15T00:00:00.000,2007-01-11T00:00:00.000,2007-01-11T00:00:00.000,2007-05-11T00:00:00.000Z,1,1,office,office,0,6,Financial District/South Beach,94105,"{'latitude': '37.788655395540395', 'longitude': '-122.40133025178771', 'human_address': '{""address"": """", ""city"": """", ""state"": """", ""zip"": """"}'}",1.08E+12,,20,20,0,0,1,constr type 1,1,constr type 1,2007-06-15T00:00:00.000,,,,,
5ea20780c2aeecdcc61c5cd0,2.01E+11,3,additions alterations or repairs,2007-01-11T00:00:00.000,259,29,315,Montgomery,St,"business regent centers -oti-1 8th fl el,me,ls,sp",complete,2007-06-18T00:00:00.000,2007-01-11T00:00:00.000,2007-02-01T00:00:00.000,2008-02-01T00:00:00.000Z,275000,275000,office,office,2,3,Financial District/South Beach,94104,"{'latitude': '37.79226164880319', 'longitude': '-122.40348595414692', 'human_address': '{""address"": """", ""city"": """", ""state"": """", ""zip"": """"}'}",1.08E+11,,12,12,0,0,1,constr type 1,1,constr type 1,2007-06-18T00:00:00.000,,,,,
5ea20780c2aeecdcc61c5cd1,2.01E+11,8,otc alterations permit,2007-01-11T00:00:00.000,1456,1,405,24th,Av,repair the rear exterior winder. type stair. remove the dry rot and damage member. replace with new pressured treated or redwood lumber. comply to n.o.v. #200684036 less than 50% of total stairs,complete,2007-03-09T00:00:00.000,2007-01-11T00:00:00.000,2007-01-11T00:00:00.000,2007-05-11T00:00:00.000Z,5000,5000,apartments,apartments,0,1,Outer Richmond,94121,"{'latitude': '37.78181433223167', 'longitude': '-122.48396441403142', 'human_address': '{""address"": """", ""city"": """", ""state"": """", ""zip"": """"}'}",1.08E+12,,3,3,8,8,5,wood frame (5),5,wood frame (5),2007-03-09T00:00:00.000,,,,,
5ea20780c2aeecdcc61c5cd2,2.01E+11,8,otc alterations permit,2007-01-11T00:00:00.000,1465,001D,3215,Clement,St,"cap (e) foundation to bring above (e) grade. expoy #4 rebar at 16 inch into (e) foundation for 12 ft type 2 horizontal. #4 rebar to vertical rebar and poor 12""x12"". install new mud sill with j bolts at 4' oc fix stairs.",complete,2007-03-16T00:00:00.000,2007-01-11T00:00:00.000,2007-01-11T00:00:00.000,2007-05-11T00:00:00.000Z,2500,2500,apartments,apartments,2,1,Outer Richmond,94121,"{'latitude': '37.781361626876794', 'longitude': '-122.49378053986081', 'human_address': '{""address"": """", ""city"": """", ""state"": """", ""zip"": """"}'}",1.08E+12,0,3,3,12,12,5,wood frame (5),5,wood frame (5),2007-03-16T00:00:00.000,,,,,
5ea20780c2aeecdcc61c5cd3,M53742,8,otc alterations permit,2007-01-11T00:00:00.000,2307,19,3138,Santiago,St,street space permit,issued,2007-01-11T00:00:00.000,2007-01-11T00:00:00.000,2007-01-11T00:00:00.000,,,0,,,,4,Sunset/Parkside,94116,"{'latitude': '37.7440477317833', 'longitude': '-122.50118950238712', 'human_address': '{""address"": """", ""city"": """", ""state"": """", ""zip"": """"}'}",1.08E+12,,,,,,,,,,,,,,,
5ea20780c2aeecdcc61c5cd4,2.01E+11,8,otc alterations permit,2007-01-11T00:00:00.000,1729,023L,1274,22nd,Av,legalized the storage rooms and toilet room at g/f to complying with complaint 34161 and abate comply the abatement order 1822-a.,issued,2007-01-11T00:00:00.000,2007-01-11T00:00:00.000,2007-01-11T00:00:00.000,2007-07-11T00:00:00.000Z,12000,12000,1 family dwelling,1 family dwelling,2,4,Sunset/Parkside,94122,"{'latitude': '37.76392449914793', 'longitude': '-122.48004308990029', 'human_address': '{""address"": """", ""city"": """", ""state"": """", ""zip"": """"}'}",1.08E+12,,2,2,1,1,5,wood frame (5),5,wood frame (5),,,,,,
5ea20780c2aeecdcc61c5cd5,M53743,8,otc alterations permit,2007-01-11T00:00:00.000,1554,3,521,11th,Av,street space,issued,2007-01-11T00:00:00.000,2007-01-11T00:00:00.000,2007-01-11T00:00:00.000,,,0,,,,1,Inner Richmond,94118,"{'latitude': '37.77842302989954', 'longitude': '-122.46979368037285', 'human_address': '{""address"": """", ""city"": """", ""state"": """", ""zip"": """"}'}",1.08E+12,0,,,,,,,,,,,,,,
5ea20780c2aeecdcc61c5cd6,2.01E+11,8,otc alterations permit,2007-01-11T00:00:00.000,1174,11,21,Atalaya,Tr,"delmolish existing bath and replace with new tile, fixtures etc. non structural",complete,2007-07-24T00:00:00.000,2007-01-11T00:00:00.000,2007-01-11T00:00:00.000,2007-07-11T00:00:00.000Z,20000,20000,1 family dwelling,1 family dwelling,2,1,Lone Mountain/USF,94117,"{'latitude': '37.776213119420824', 'longitude': '-122.44776856202841', 'human_address': '{""address"": """", ""city"": """", ""state"": """", ""zip"": """"}'}",1.08E+11,,3,3,1,1,5,wood frame (5),5,wood frame (5),2007-07-24T00:00:00.000,,,,,
5ea20780c2aeecdcc61c5cd7,2.01E+11,8,otc alterations permit,2007-01-11T00:00:00.000,517,018C,3044,Webster,St,repair dry rot at rear stairs and decks. less than 50% of structure.,expired,2007-06-29T00:00:00.000,2007-01-11T00:00:00.000,2007-01-11T00:00:00.000,2007-05-11T00:00:00.000Z,3000,3000,2 family dwelling,2 family dwelling,0,2,Marina,94123,"{'latitude': '37.798980909481614', 'longitude': '-122.43393491788493', 'human_address': '{""address"": """", ""city"": """", ""state"": """", ""zip"": """"}'}",1.08E+11,,3,3,2,2,5,wood frame (5),5,wood frame (5),,,,,,
5ea20780c2aeecdcc61c5cd8,2.01E+11,8,otc alterations permit,2007-01-11T00:00:00.000,642,3,1625,Van Ness,Av,"relocate 109 existing sprinklers to new location, change existing 22 drops to upright due to demolish of ceiling per light haz. spacking.",complete,2007-05-08T00:00:00.000,2007-01-11T00:00:00.000,2007-01-11T00:00:00.000,2007-07-11T00:00:00.000Z,22000,22000,office,office,2,2,Pacific Heights,94109,"{'latitude': '37.79085330340229', 'longitude': '-122.42295883977695', 'human_address': '{""address"": """", ""city"": """", ""state"": """", ""zip"": """"}'}",1.08E+11,,4,4,0,0,3,constr type 3,3,constr type 3,2007-05-08T00:00:00.000,,,,,
5ea20780c2aeecdcc61c5cd9,2.01E+11,3,additions alterations or repairs,2007-01-11T00:00:00.000,230,28,1,Embarcadero Center,,"oti-2, bain & co, 35th floor, el, me.",complete,2008-01-09T00:00:00.000,2007-01-11T00:00:00.000,2007-02-01T00:00:00.000,2008-02-01T00:00:00.000Z,80000,80000,office,office,2,3,Financial District/South Beach,94111,"{'latitude': '37.79464865862657', 'longitude': '-122.39964659799554', 'human_address': '{""address"": """", ""city"": """", ""state"": """", ""zip"": """"}'}",1.08E+11,,40,40,0,0,1,constr type 1,1,constr type 1,2008-01-09T00:00:00.000,,,,,
5ea20780c2aeecdcc61c5cda,2.01E+11,3,additions alterations or repairs,2007-01-11T00:00:00.000,233,44,4,Embarcadero Center,,pantera: life safety work 11 devices. work on floor 36th only.,cancelled,2008-01-07T00:00:00.000,2007-01-11T00:00:00.000,,,5500,5500,office,office,2,3,Financial District/South Beach,94111,"{'latitude': '37.79506002552974', 'longitude': '-122.39593224461805', 'human_address': '{""address"": """", ""city"": """", ""state"": """", ""zip"": """"}'}",1.08E+11,,44,44,0,0,1,constr type 1,1,constr type 1,,,,,,
5ea20780c2aeecdcc61c5cdb,2.01E+11,8,otc alterations permit,2007-01-11T00:00:00.000,4337,001A,1418,Florida,St,"termite and dry rotted work around windows. 1st floor remodel, add a storage. all (e) windows to be replaced w/dual pane wooden windows (typ). recessed a minimum of 3"" w/1/4 wd trim (typ).",expired,2008-04-16T00:00:00.000,2007-01-11T00:00:00.000,2007-01-11T00:00:00.000,2007-07-11T00:00:00.000Z,12000,12000,1 family dwelling,1 family dwelling,2,9,Mission,94110,"{'latitude': '37.74915938859649', 'longitude': '-122.41000254556074', 'human_address': '{""address"": """", ""city"": """", ""state"": """", ""zip"": """"}'}",1.08E+12,,2,2,1,1,5,wood frame (5),5,wood frame (5),,,,,,
5ea20780c2aeecdcc61c5cdc,M53762,8,otc alterations permit,2007-01-11T00:00:00.000,5526,7,1646,Alabama,St,street space,issued,2007-01-11T00:00:00.000,2007-01-11T00:00:00.000,2007-01-11T00:00:00.000,,,0,,,,9,Bernal Heights,94110,"{'latitude': '37.74613409138239', 'longitude': '-122.41087784717728', 'human_address': '{""address"": """", ""city"": """", ""state"": """", ""zip"": """"}'}",1.08E+12,,,,,,,,,,,,,,,
5ea20780c2aeecdcc61c5cdd,2.01E+11,8,otc alterations permit,2007-01-11T00:00:00.000,1157,13,752,Baker,St,rvision to application #200610064416:replace rear 1/2 permiter  foundation and add 2 piers to center for new beam 100 linear fi. approx.,complete,2008-03-19T00:00:00.000,2007-01-11T00:00:00.000,2007-01-11T00:00:00.000,2007-07-11T00:00:00.000Z,20000,20000,apartments,apartments,2,5,Western Addition,94115,"{'latitude': '37.778118431497774', 'longitude': '-122.44148401775165', 'human_address': '{""address"": """", ""city"": """", ""state"": """", ""zip"": """"}'}",1.08E+12,,3,3,3,3,5,wood frame (5),5,wood frame (5),2008-03-19T00:00:00.000,,,,,
5ea20780c2aeecdcc61c5cde,2.01E+11,8,otc alterations permit,2007-01-11T00:00:00.000,1157,13,756,Baker,St,rvision to application #200610064416:replace rear 1/2 permiter  foundation and add 2 piers to center for new beam 100 linear fi. approx.,complete,2008-03-19T00:00:00.000,2007-01-11T00:00:00.000,2007-01-11T00:00:00.000,2007-07-11T00:00:00.000Z,20000,20000,apartments,apartments,2,5,Western Addition,94115,"{'latitude': '37.778118431497774', 'longitude': '-122.44148401775165', 'human_address': '{""address"": """", ""city"": """", ""state"": """", ""zip"": """"}'}",1.08E+12,,3,3,3,3,5,wood frame (5),5,wood frame (5),2008-03-19T00:00:00.000,,,,,
5ea20780c2aeecdcc61c5cdf,2.01E+11,8,otc alterations permit,2007-01-11T00:00:00.000,1050,17,1824,Divisadero,St,reroofing,expired,2011-04-20T00:00:00.000,2007-01-11T00:00:00.000,2007-01-11T00:00:00.000,2007-07-11T00:00:00.000Z,5500,5500,2 family dwelling,2 family dwelling,0,2,Pacific Heights,94115,"{'latitude': '37.786628503966504', 'longitude': '-122.4398583698828', 'human_address': '{""address"": """", ""city"": """", ""state"": """", ""zip"": """"}'}",1.08E+11,,,,,,,,,,,,,,,
5ea20780c2aeecdcc61c5ce0,2.01E+11,8,otc alterations permit,2007-01-11T00:00:00.000,1050,17,1830,Divisadero,St,reroofing,expired,2011-04-20T00:00:00.000,2007-01-11T00:00:00.000,2007-01-11T00:00:00.000,2007-07-11T00:00:00.000Z,5500,5500,2 family dwelling,2 family dwelling,0,2,Pacific Heights,94115,"{'latitude': '37.786628503966504', 'longitude': '-122.4398583698828', 'human_address': '{""address"": """", ""city"": """", ""state"": """", ""zip"": """"}'}",1.08E+12,,,,,,,,,,,,,,,
5ea20780c2aeecdcc61c5ce1,2.01E+11,8,otc alterations permit,2007-01-11T00:00:00.000,8709,7,1700,Owens,St,"oti-1 5/f alexandria real estate el, me, sp, ls",complete,2007-10-10T00:00:00.000,2007-01-11T00:00:00.000,2007-01-11T00:00:00.000,2007-07-11T00:00:00.000Z,25000,25000,office,office,2,6,Mission Bay,94158,"{'latitude': '37.767059407789866', 'longitude': '-122.39366420349594', 'human_address': '{""address"": """", ""city"": """", ""state"": """", ""zip"": """"}'}",1.08E+12,,5,5,0,0,1,constr type 1,1,constr type 1,2007-10-10T00:00:00.000,,,,,
5ea20780c2aeecdcc61c5ce2,M53763,8,otc alterations permit,2007-01-11T00:00:00.000,210,43,815,Washington,St,street space permit,issued,2007-01-11T00:00:00.000,2007-01-11T00:00:00.000,2007-01-11T00:00:00.000,,,0,,,,3,Chinatown,94108,"{'latitude': '37.79495266259033', 'longitude': '-122.40676097985464', 'human_address': '{""address"": """", ""city"": """", ""state"": """", ""zip"": """"}'}",1.08E+11,,,,,,,,,,,,,,,
5ea20780c2aeecdcc61c5ce3,M53763,8,otc alterations permit,2007-01-11T00:00:00.000,210,43,817,Washington,St,street space permit,issued,2007-01-11T00:00:00.000,2007-01-11T00:00:00.000,2007-01-11T00:00:00.000,,,0,,,,3,Chinatown,94108,"{'latitude': '37.79495266259033', 'longitude': '-122.40676097985464', 'human_address': '{""address"": """", ""city"": """", ""state"": """", ""zip"": """"}'}",1.08E+12,,,,,,,,,,,,,,,
5ea20780c2aeecdcc61c5ce4,2.01E+11,8,otc alterations permit,2007-01-11T00:00:00.000,8709,7,1700,Owens,St,"oti-2 alexandria real estate 5th floor, el, me",complete,2007-10-10T00:00:00.000,2007-01-11T00:00:00.000,2007-01-11T00:00:00.000,2007-07-11T00:00:00.000Z,25000,25000,office,office,2,6,Mission Bay,94158,"{'latitude': '37.767059407789866', 'longitude': '-122.39366420349594', 'human_address': '{""address"": """", ""city"": """", ""state"": """", ""zip"": """"}'}",1.08E+12,,5,5,0,0,1,constr type 1,1,constr type 1,2007-10-10T00:00:00.000,,,,,
5ea20780c2aeecdcc61c5ce5,2.01E+11,8,otc alterations permit,2007-01-11T00:00:00.000,7010,30,434,Bright,St,"install 4 replacement windows. 2 visible from street, u-value 0.38 - 0.52.",expired,2010-01-13T00:00:00.000,2007-01-11T00:00:00.000,2007-01-11T00:00:00.000,2007-05-11T00:00:00.000Z,3000,3000,1 family dwelling,1 family dwelling,0,11,Oceanview/Merced/Ingleside,94132,"{'latitude': '37.71858275196858', 'longitude': '-122.46327292351062', 'human_address': '{""address"": """", ""city"": """", ""state"": """", ""zip"": """"}'}",1.08E+12,,2,2,1,1,5,wood frame (5),5,wood frame (5),,,,,,
5ea20780c2aeecdcc61c5ce6,2.01E+11,8,otc alterations permit,2007-01-11T00:00:00.000,5353,5,160,Maddux,Av,install 8 replacement windows. 2 visible from street. vinyl windows. u-value 0.38 - 0.52.,expired,2007-11-09T00:00:00.000,2007-01-11T00:00:00.000,2007-01-11T00:00:00.000,2007-07-11T00:00:00.000Z,5300,5300,1 family dwelling,1 family dwelling,0,10,Bayview Hunters Point,94124,"{'latitude': '37.73298052378386', 'longitude': '-122.39963756992803', 'human_address': '{""address"": """", ""city"": """", ""state"": """", ""zip"": """"}'}",1.08E+12,,2,2,1,1,5,wood frame (5),5,wood frame (5),,,,,,
5ea20780c2aeecdcc61c5ce7,2.01E+11,8,otc alterations permit,2007-01-11T00:00:00.000,6902,9,390,Moncada,Wy,install 10 wood replacement windows & 1 wood replacement door.,expired,2010-03-30T00:00:00.000,2007-01-11T00:00:00.000,2007-01-11T00:00:00.000,2008-01-11T00:00:00.000Z,34876,34876,1 family dwelling,1 family dwelling,0,7,West of Twin Peaks,94127,"{'latitude': '37.7300125514345', 'longitude': '-122.4713622255982', 'human_address': '{""address"": """", ""city"": """", ""state"": """", ""zip"": """"}'}",1.08E+12,,2,2,1,1,5,wood frame (5),5,wood frame (5),,,,,,
5ea20780c2aeecdcc61c5ce8,M53782,8,otc alterations permit,2007-01-11T00:00:00.000,2847,84,140,Portola,Dr,street space and sidewalk repair,issued,2007-01-11T00:00:00.000,2007-01-11T00:00:00.000,2007-01-11T00:00:00.000,,,0,,,,8,Twin Peaks,94131,"{'latitude': '37.748842285043075', 'longitude': '-122.44432158009799', 'human_address': '{""address"": """", ""city"": """", ""state"": """", ""zip"": """"}'}",1.08E+12,0,,,,,,,,,,,,,,
5ea20780c2aeecdcc61c5ce9,2.01E+11,8,otc alterations permit,2007-01-11T00:00:00.000,819,22,536,Linden,St,renew app #200106201942 for final inspection,expired,2008-10-17T00:00:00.000,2007-01-11T00:00:00.000,2007-01-11T00:00:00.000,2007-05-11T00:00:00.000Z,1,1,2 family dwelling,2 family dwelling,0,5,Hayes Valley,94102,"{'latitude': '37.77612642787762', 'longitude': '-122.42684907467029', 'human_address': '{""address"": """", ""city"": """", ""state"": """", ""zip"": """"}'}",1.08E+12,,2,2,2,2,5,wood frame (5),5,wood frame (5),,,,,,
5ea20780c2aeecdcc61c5cea,2.01E+11,8,otc alterations permit,2007-01-11T00:00:00.000,819,22,538,Linden,St,renew app #200106201942 for final inspection,expired,2008-10-17T00:00:00.000,2007-01-11T00:00:00.000,2007-01-11T00:00:00.000,2007-05-11T00:00:00.000Z,1,1,2 family dwelling,2 family dwelling,0,5,Hayes Valley,94102,"{'latitude': '37.77612642787762', 'longitude': '-122.42684907467029', 'human_address': '{""address"": """", ""city"": """", ""state"": """", ""zip"": """"}'}",1.08E+12,,2,2,2,2,5,wood frame (5),5,wood frame (5),,,,,,
5ea20780c2aeecdcc61c5ceb,2.01E+11,8,otc alterations permit,2007-01-11T00:00:00.000,819,22,633,Hayes,St,renew app #200106201942 for final inspection,expired,2008-10-17T00:00:00.000,2007-01-11T00:00:00.000,2007-01-11T00:00:00.000,2007-05-11T00:00:00.000Z,1,1,2 family dwelling,2 family dwelling,0,5,Hayes Valley,94102,"{'latitude': '37.77612642787762', 'longitude': '-122.42684907467029', 'human_address': '{""address"": """", ""city"": """", ""state"": """", ""zip"": """"}'}",1.08E+12,,2,2,2,2,5,wood frame (5),5,wood frame (5),,,,,,
5ea20780c2aeecdcc61c5cec,2.01E+11,8,otc alterations permit,2007-01-11T00:00:00.000,4084,5,820,Alabama,St,"to comply with nov# 200673092. handrail to be put on at exterior stairs at front. 1.25"" - 2"" rail & 1.5"" away from way 28"" - 34"" from f.f. repair stairs & landing steps.",complete,2007-05-31T00:00:00.000,2007-01-11T00:00:00.000,2007-01-11T00:00:00.000,2007-05-11T00:00:00.000Z,1500,1500,apartments,apartments,0,9,Mission,94110,"{'latitude': '37.7584444669862', 'longitude': '-122.4117923619643', 'human_address': '{""address"": """", ""city"": """", ""state"": """", ""zip"": """"}'}",1.08E+12,,2,2,3,3,5,wood frame (5),5,wood frame (5),2007-05-31T00:00:00.000,,,,,
5ea20780c2aeecdcc61c5ced,2.01E+11,8,otc alterations permit,2007-01-11T00:00:00.000,6448,26,1166,Munich,St,"to comply with nov# 200677807 by removing illegal kitchen, bath, & 4 bedrooms per plan.",issued,2007-01-11T00:00:00.000,2007-01-11T00:00:00.000,2007-01-11T00:00:00.000,2007-05-11T00:00:00.000Z,2000,2000,1 family dwelling,1 family dwelling,2,11,Excelsior,94112,"{'latitude': '37.71102878648957', 'longitude': '-122.43729978563087', 'human_address': '{""address"": """", ""city"": """", ""state"": """", ""zip"": """"}'}",1.08E+12,,2,2,1,1,5,wood frame (5),5,wood frame (5),,,,,,
5ea20780c2aeecdcc61c5cee,2.01E+11,8,otc alterations permit,2007-01-11T00:00:00.000,1875,29,1546,30th,Av,"revise approved app #200612139780, relocate room door, reduce the hallway, relocate full bath for extg sewer stack",complete,2007-06-27T00:00:00.000,2007-01-11T00:00:00.000,2007-01-11T00:00:00.000,2007-05-11T00:00:00.000Z,1,1,1 family dwelling,1 family dwelling,2,4,Sunset/Parkside,94122,"{'latitude': '37.75843429462371', 'longitude': '-122.48825730623359', 'human_address': '{""address"": """", ""city"": """", ""state"": """", ""zip"": """"}'}",1.08E+12,,2,2,1,1,5,wood frame (5),5,wood frame (5),2007-06-27T00:00:00.000,,,,,
5ea20780c2aeecdcc61c5cef,2.01E+11,8,otc alterations permit,2007-01-11T00:00:00.000,1599,035A,722,46th,Av,"revision to appl#200701081154 correct plans to label ""basement entrance"" instead of ""main entrance"".",complete,2007-02-15T00:00:00.000,2007-01-11T00:00:00.000,2007-01-11T00:00:00.000,2007-05-11T00:00:00.000Z,1,1,1 family dwelling,1 family dwelling,2,1,Outer Richmond,94121,"{'latitude': '37.77479966502466', 'longitude': '-122.5065935591276', 'human_address': '{""address"": """", ""city"": """", ""state"": """", ""zip"": """"}'}",1.08E+12,,2,2,1,1,5,wood frame (5),5,wood frame (5),2007-02-15T00:00:00.000,,,,,
5ea20780c2aeecdcc61c5cf0,2.01E+11,3,additions alterations or repairs,2007-01-11T00:00:00.000,3705,49,845,Market,St,"revision to approved  pa#'s 200603318070 and  200604048186 as built changes to ""ruehl"" spaces#251 (2nd floor) no structural changes.",issued,2007-02-13T00:00:00.000,2007-01-11T00:00:00.000,2007-02-13T00:00:00.000,2007-08-13T00:00:00.000Z,13600,13600,retail sales,retail sales,2,6,South of Market,94103,"{'latitude': '37.78410015716841', 'longitude': '-122.40609807725492', 'human_address': '{""address"": """", ""city"": """", ""state"": """", ""zip"": """"}'}",1.08E+12,,9,9,0,0,1,constr type 1,1,constr type 1,,,,,,
5ea20780c2aeecdcc61c5cf1,2.01E+11,3,additions alterations or repairs,2007-01-11T00:00:00.000,2623,47,9,Douglass,St,vertical addition to rear portion of house for new master bedroom suite and interior renovation. site permit only. not for constructions.,withdrawn,2009-10-26T00:00:00.000,2007-01-11T00:00:00.000,2007-11-08T00:00:00.000,2008-11-08T00:00:00.000Z,160000,225000,1 family dwelling,1 family dwelling,2,8,Castro/Upper Market,94114,"{'latitude': '37.76334943469128', 'longitude': '-122.43931431105877', 'human_address': '{""address"": """", ""city"": """", ""state"": """", ""zip"": """"}'}",1.08E+12,,2,3,1,1,5,wood frame (5),5,wood frame (5),,Y,Y,,,
5ea20780c2aeecdcc61c5cf2,2.01E+11,8,otc alterations permit,2007-01-11T00:00:00.000,4101,39,1431,20th,St,"repair dryrot on the side of property approx 20-30 square feet. in garage. re,pve dryrotted portion at base of single post towards front of garage. raise concrete footing above slab level. install post base. all work not visible from the street",complete,2007-01-31T00:00:00.000,2007-01-11T00:00:00.000,2007-01-11T00:00:00.000,2007-05-11T00:00:00.000Z,1300,1300,1 family dwelling,1 family dwelling,0,10,Potrero Hill,94107,"{'latitude': '37.7598198001088', 'longitude': '-122.39590895289385', 'human_address': '{""address"": """", ""city"": """", ""state"": """", ""zip"": """"}'}",1.08E+12,,2,2,1,1,5,wood frame (5),5,wood frame (5),2007-01-31T00:00:00.000,,,,,
5ea20780c2aeecdcc61c5cf3,2.01E+11,8,otc alterations permit,2007-01-11T00:00:00.000,807,001B,539,Octavia,St,connection of fire alarm monitoring panel for sprinkler monitoring.,complete,2007-01-25T00:00:00.000,2007-01-11T00:00:00.000,2007-01-11T00:00:00.000,2007-05-11T00:00:00.000Z,800,800,apartments,apartments,2,5,Hayes Valley,94102,"{'latitude': '37.77725730736001', 'longitude': '-122.42495728120139', 'human_address': '{""address"": """", ""city"": """", ""state"": """", ""zip"": """"}'}",1.08E+12,,3,3,30,30,5,wood frame (5),5,wood frame (5),2007-01-25T00:00:00.000,,,,,
5ea20780c2aeecdcc61c5cf4,2.01E+11,8,otc alterations permit,2007-01-11T00:00:00.000,2771,58,650,Alvarado,St,replace termite damaged wood in kind at noted locations. replace certain beams and exterior load-bearing stud walls as shown on plans. finishes to  match existing.,expired,2008-11-05T00:00:00.000,2007-01-11T00:00:00.000,2007-01-11T00:00:00.000,2007-07-11T00:00:00.000Z,7500,7500,1 family dwelling,1 family dwelling,2,8,Noe Valley,94114,"{'latitude': '37.75400106963332', 'longitude': '-122.43553393745766', 'human_address': '{""address"": """", ""city"": """", ""state"": """", ""zip"": """"}'}",1.08E+12,,3,3,27,27,5,wood frame (5),5,wood frame (5),,,,,,
5ea20780c2aeecdcc61c5cf5,2.01E+11,3,additions alterations or repairs,2007-01-11T00:00:00.000,2608,21,118,Buena Vista,Tr,"3/fl addition to 2 story house.add rearyard decks&exit stair,new 3/fl contain bedroom,bathrm,study&front, rear decks. interior alterations @ 2/fl to incl renovation (e)bathrms(2),& expansion of (e)bedrm at (e)roof deck. partialrenovation of 1/fl. elec,mech,plumb appl under separate permit.",complete,2009-08-18T00:00:00.000,2007-01-11T00:00:00.000,2007-08-20T00:00:00.000,2009-08-20T00:00:00.000Z,450000,450000,1 family dwelling,1 family dwelling,2,8,Castro/Upper Market,94117,"{'latitude': '37.766953645829304', 'longitude': '-122.43853499055228', 'human_address': '{""address"": """", ""city"": """", ""state"": """", ""zip"": """"}'}",1.08E+12,,2,3,1,1,5,wood frame (5),5,wood frame (5),2009-08-18T00:00:00.000,Y,Y,,,
5ea20780c2aeecdcc61c5cf6,2.01E+11,3,additions alterations or repairs,2007-01-11T00:00:00.000,1361,20,3923,California,St,omply with 3r-4481,filed,2007-01-11T00:00:00.000,2007-01-11T00:00:00.000,,,7000,,2 family dwelling,2 family dwelling,0,1,Inner Richmond,94118,"{'latitude': '37.78537172683489', 'longitude': '-122.46005593994607', 'human_address': '{""address"": """", ""city"": """", ""state"": """", ""zip"": """"}'}",1.08E+11,,3,3,2,2,5,wood frame (5),5,wood frame (5),,,,,,
5ea20780c2aeecdcc61c5cf7,M53802,8,otc alterations permit,2007-01-11T00:00:00.000,5891,35,178,Ney,St,street space & sidewalk permit,issued,2007-01-11T00:00:00.000,2007-01-11T00:00:00.000,2007-01-11T00:00:00.000,,,0,,,,11,Excelsior,94112,"{'latitude': '37.72989385331528', 'longitude': '-122.42654122960529', 'human_address': '{""address"": """", ""city"": """", ""state"": """", ""zip"": """"}'}",1.08E+12,,,,,,,,,,,,,,,
5ea20780c2aeecdcc61c5cf8,M53822,8,otc alterations permit,2007-01-11T00:00:00.000,1429,23,332,Clement,St,street space & sidewalk permit only.,issued,2007-01-11T00:00:00.000,2007-01-11T00:00:00.000,2007-01-11T00:00:00.000,,,0,,,,1,Inner Richmond,94118,"{'latitude': '37.78326434492771', 'longitude': '-122.46292137345685', 'human_address': '{""address"": """", ""city"": """", ""state"": """", ""zip"": """"}'}",1.08E+11,,,,,,,,,,,,,,,
5ea20780c2aeecdcc61c5cf9,M53823,8,otc alterations permit,2007-01-11T00:00:00.000,3561,68,245,Castro,St,street space permit and sidewalk repair,issued,2007-01-11T00:00:00.000,2007-01-11T00:00:00.000,2007-01-11T00:00:00.000,,,0,,,,8,Castro/Upper Market,94114,"{'latitude': '37.765066039663736', 'longitude': '-122.43509192216244', 'human_address': '{""address"": """", ""city"": """", ""state"": """", ""zip"": """"}'}",1.08E+12,,,,,,,,,,,,,,,
5ea20780c2aeecdcc61c5cfa,2.01E+11,8,otc alterations permit,2007-01-11T00:00:00.000,859,27,459,Haight,St,repair dryrot sidding at rear of building with like kind.,issued,2007-01-11T00:00:00.000,2007-01-11T00:00:00.000,2007-01-11T00:00:00.000,2007-05-11T00:00:00.000Z,3000,3000,apartments,apartments,0,5,Hayes Valley,94117,"{'latitude': '37.7718814652616', 'longitude': '-122.42965979225858', 'human_address': '{""address"": """", ""city"": """", ""state"": """", ""zip"": """"}'}",1.08E+12,,3,3,3,3,5,wood frame (5),5,wood frame (5),,,,,,
5ea20780c2aeecdcc61c5cfb,2.01E+11,8,otc alterations permit,2007-01-11T00:00:00.000,4080,11,720,York,St,"unit #210-tear out (e) 1 kitchen, 1 bath and update design. extend mezzanini approx 3' to push stairs out to accomodate new kitchen.",complete,2007-11-08T00:00:00.000,2007-01-11T00:00:00.000,2007-01-11T00:00:00.000,2008-01-11T00:00:00.000Z,38000,38000,apartments,apartments,2,10,Mission,94110,"{'latitude': '37.759709668121424', 'longitude': '-122.40968183296171', 'human_address': '{""address"": """", ""city"": """", ""state"": """", ""zip"": """"}'}",1.08E+12,,2,2,20,20,3,constr type 3,3,constr type 3,2007-11-08T00:00:00.000,,,,,
5ea20780c2aeecdcc61c5cfc,M53824,8,otc alterations permit,2007-01-11T00:00:00.000,959,11,2770,Broadway,,street space permit,issued,2007-01-11T00:00:00.000,2007-01-11T00:00:00.000,2007-01-11T00:00:00.000,,,0,,,,2,Pacific Heights,94123,"{'latitude': '37.79360887022625', 'longitude': '-122.44257279287072', 'human_address': '{""address"": """", ""city"": """", ""state"": """", ""zip"": """"}'}",1.08E+11,,,,,,,,,,,,,,,
5ea20780c2aeecdcc61c5cfd,2.01E+11,8,otc alterations permit,2007-01-11T00:00:00.000,241,25,650,California,St,"renewal of pa# 2005/09/29/4271, pa# 2005/10/31/6940 & pa# 2005/10/31/6935 for final inspection.",complete,2007-03-19T00:00:00.000,2007-01-11T00:00:00.000,2007-01-11T00:00:00.000,2007-05-11T00:00:00.000Z,1,1,office,office,0,3,Chinatown,94108,"{'latitude': '37.793029020021095', 'longitude': '-122.40520964058072', 'human_address': '{""address"": """", ""city"": """", ""state"": """", ""zip"": """"}'}",1.08E+12,0,34,34,0,0,1,constr type 1,1,constr type 1,2007-03-19T00:00:00.000,,,,,
5ea20780c2aeecdcc61c5cfe,2.01E+11,8,otc alterations permit,2007-01-11T00:00:00.000,241,25,650,California,St,"renewal of pa# 2005/12/20/0691, pa# 2005/12/20/0689 & pa# 2005/11/22/8794 for final inspection.",complete,2007-03-20T00:00:00.000,2007-01-11T00:00:00.000,2007-01-11T00:00:00.000,2007-05-11T00:00:00.000Z,1,1,office,office,0,3,Chinatown,94108,"{'latitude': '37.793029020021095', 'longitude': '-122.40520964058072', 'human_address': '{""address"": """", ""city"": """", ""state"": """", ""zip"": """"}'}",1.08E+12,0,34,34,0,0,1,constr type 1,1,constr type 1,2007-03-20T00:00:00.000,,,,,
5ea20780c2aeecdcc61c5cff,2.01E+11,8,otc alterations permit,2007-01-11T00:00:00.000,149,21,1644,Taylor,St,renew appl#200607247402 for final.,complete,2007-06-01T00:00:00.000,2007-01-11T00:00:00.000,2007-01-11T00:00:00.000,2007-05-11T00:00:00.000Z,1,1,apartments,apartments,0,3,Nob Hill,94133,"{'latitude': '37.7975906577099', 'longitude': '-122.41342306391715', 'human_address': '{""address"": """", ""city"": """", ""state"": """", ""zip"": """"}'}",1.08E+12,0,4,4,17,17,5,wood frame (5),5,wood frame (5),2007-06-01T00:00:00.000,,,,,
5ea20780c2aeecdcc61c5d00,2.01E+11,3,additions alterations or repairs,2007-01-11T00:00:00.000,7243,8,258,Denslowe,Dr,horizontal addition to create maser bedroom with bathroom,complete,2009-08-27T00:00:00.000,2007-01-11T00:00:00.000,2007-08-06T00:00:00.000,2008-08-06T00:00:00.000Z,37000,37000,1 family dwelling,1 family dwelling,2,7,West of Twin Peaks,94132,"{'latitude': '37.72027927298699', 'longitude': '-122.47477723724327', 'human_address': '{""address"": """", ""city"": """", ""state"": """", ""zip"": """"}'}",1.08E+12,,2,2,1,1,5,wood frame (5),5,wood frame (5),2009-08-27T00:00:00.000,Y,Y,,2007-08-06T00:00:00.000,
5ea20780c2aeecdcc61c5d01,2.01E+11,8,otc alterations permit,2007-01-11T00:00:00.000,288,32,333,Bush,St,renewal for pa# 2006/02/27/5462.,expired,2008-06-17T00:00:00.000,2007-01-11T00:00:00.000,2007-01-11T00:00:00.000,2007-05-11T00:00:00.000Z,1,1,office,office,0,3,Financial District/South Beach,94108,"{'latitude': '37.79057472898199', 'longitude': '-122.4031096060195', 'human_address': '{""address"": """", ""city"": """", ""state"": """", ""zip"": """"}'}",1.08E+11,,34,34,0,0,1,constr type 1,1,constr type 1,,,,,,
5ea20780c2aeecdcc61c5d02,2.01E+11,3,additions alterations or repairs,2007-01-11T00:00:00.000,3706,74,50,03rd,St,"1st fl - renovations to lobby; lounge, restaurant, bar & port cochere. 3rd fl-renovation to meeting rooms, corridors and pre-function areas. exterior-modify marquere canopy, install decorative glass on facade over (e) facade. replace (e) marble w/cement fiber panels, glass/alum storefront.",expired,2013-10-23T00:00:00.000,2007-01-11T00:00:00.000,2007-03-21T00:00:00.000,2009-09-21T00:00:00.000Z,1500000,1800000,tourist hotel/motel,tourist hotel/motel,2,6,Financial District/South Beach,94103,"{'latitude': '37.78652508124445', 'longitude': '-122.40309239617214', 'human_address': '{""address"": """", ""city"": """", ""state"": """", ""zip"": """"}'}",1.08E+12,,36,36,669,676,1,constr type 1,1,constr type 1,,,,,,
5ea20780c2aeecdcc61c5d03,2.01E+11,8,otc alterations permit,2007-01-11T00:00:00.000,288,32,333,Bush,St,"renewal of pa# 2006/05/04/0737, pa# 2006/05/19/2001 & pa# 2006/01/18/2363 for final inspection.",complete,2007-03-21T00:00:00.000,2007-01-11T00:00:00.000,2007-01-11T00:00:00.000,2007-05-11T00:00:00.000Z,1,1,office,office,0,3,Financial District/South Beach,94108,"{'latitude': '37.79057472898199', 'longitude': '-122.4031096060195', 'human_address': '{""address"": """", ""city"": """", ""state"": """", ""zip"": """"}'}",1.08E+11,,34,34,0,0,1,constr type 1,1,constr type 1,2007-03-21T00:00:00.000,,,,,
5ea20780c2aeecdcc61c5d04,2.01E+11,8,otc alterations permit,2007-01-11T00:00:00.000,1141,22,672,Arguello,Bl,add 1 bath on 2nd floor delete partition wall in garage. maintain 3' clear extg way change ceiling height and maintain 40' maximum height per planing code. reconfigure bathrooms on 2nd floor per plan. ref #200502145404,complete,2010-06-07T00:00:00.000,2007-01-11T00:00:00.000,2007-01-11T00:00:00.000,2007-05-11T00:00:00.000Z,3800,3800,1 family dwelling,1 family dwelling,2,1,Lone Mountain/USF,94118,"{'latitude': '37.777671944607', 'longitude': '-122.45826870134962', 'human_address': '{""address"": """", ""city"": """", ""state"": """", ""zip"": """"}'}",1.08E+11,,4,4,1,1,5,wood frame (5),5,wood frame (5),2010-06-07T00:00:00.000,,,,,
5ea20780c2aeecdcc61c5d05,M53842,8,otc alterations permit,2007-01-11T00:00:00.000,689,16,1409,Sutter,St,street space permit only.,issued,2007-01-11T00:00:00.000,2007-01-11T00:00:00.000,2007-01-11T00:00:00.000,,,0,,,,2,Western Addition,94109,"{'latitude': '37.78699713231729', 'longitude': '-122.42382315123456', 'human_address': '{""address"": """", ""city"": """", ""state"": """", ""zip"": """"}'}",1.08E+11,,,,,,,,,,,,,,,
5ea20780c2aeecdcc61c5d06,2.01E+11,8,otc alterations permit,2007-01-11T00:00:00.000,1403,6,335,30th,Av,comply with complaint #200684997 new windows and bathroom repair - upper level.,complete,2007-03-05T00:00:00.000,2007-01-11T00:00:00.000,2007-01-11T00:00:00.000,2007-05-11T00:00:00.000Z,3000,3000,1 family dwelling,1 family dwelling,0,1,Outer Richmond,94121,"{'latitude': '37.78293703730282', 'longitude': '-122.49064325504841', 'human_address': '{""address"": """", ""city"": """", ""state"": """", ""zip"": """"}'}",1.08E+11,,2,2,1,1,5,wood frame (5),5,wood frame (5),2007-03-05T00:00:00.000,,,,,
5ea20780c2aeecdcc61c5d07,2.01E+11,8,otc alterations permit,2007-01-11T00:00:00.000,163,5,909,Montgomery,St,provide 2 new heat pumps. relocate 2 heat pumps. replace 6 existing heat pumps. miscellaneous ducting for th enew heat pump configuration. 8 new hp total. mechanical work only. ref to appl #200612220485 city approved permit. 1 new fire demper (fsd).,complete,2008-03-21T00:00:00.000,2007-01-11T00:00:00.000,2007-01-11T00:00:00.000,2008-01-11T00:00:00.000Z,30000,30000,office,office,2,3,North Beach,94133,"{'latitude': '37.797509439407904', 'longitude': '-122.40406962115884', 'human_address': '{""address"": """", ""city"": """", ""state"": """", ""zip"": """"}'}",1.08E+12,0,6,6,0,0,2,constr type 2,2,constr type 2,2008-03-21T00:00:00.000,,,,,
5ea20780c2aeecdcc61c5d08,2.01E+11,3,additions alterations or repairs,2007-01-11T00:00:00.000,2799,13,950,Corbett,Av,plan check comments for full spklr system. revision to plan checking #200612139741,cancelled,2007-06-27T00:00:00.000,2007-01-11T00:00:00.000,,,1,,apartments,apartments,2,8,Twin Peaks,94131,"{'latitude': '37.751845280725696', 'longitude': '-122.44372472154133', 'human_address': '{""address"": """", ""city"": """", ""state"": """", ""zip"": """"}'}",1.08E+12,,4,4,3,3,5,wood frame (5),5,wood frame (5),,,,,,
5ea20780c2aeecdcc61c5d09,2.01E+11,8,otc alterations permit,2007-01-11T00:00:00.000,977,001B,2815,Pacific,Av,remove & replace stucco & replace flashing at the rear of the building to repair water leak.,expired,2008-06-26T00:00:00.000,2007-01-11T00:00:00.000,2007-01-11T00:00:00.000,2008-01-11T00:00:00.000Z,42000,42000,1 family dwelling,1 family dwelling,0,2,Pacific Heights,94115,"{'latitude': '37.79225448327885', 'longitude': '-122.44163997677352', 'human_address': '{""address"": """", ""city"": """", ""state"": """", ""zip"": """"}'}",1.08E+11,,2,2,1,1,5,wood frame (5),5,wood frame (5),,,,,,
5ea20780c2aeecdcc61c5d0a,2.01E+11,8,otc alterations permit,2007-01-11T00:00:00.000,3730,7,262,07th,St,"new countertop, sink and refrigerator in staff break areas on mezzanine & ground level.",complete,2008-09-29T00:00:00.000,2007-01-11T00:00:00.000,2007-01-11T00:00:00.000,2007-07-11T00:00:00.000Z,10000,10000,workshop commercial,workshop commercial,2,6,South of Market,94103,"{'latitude': '37.77698554482191', 'longitude': '-122.40873675759948', 'human_address': '{""address"": """", ""city"": """", ""state"": """", ""zip"": """"}'}",1.08E+12,,1,1,0,0,3,constr type 3,3,constr type 3,2008-09-29T00:00:00.000,,,,,
5ea20780c2aeecdcc61c5d0b,2.01E+11,8,otc alterations permit,2007-01-11T00:00:00.000,4070,25,536,Wisconsin,St,remodel 2 bathrooms. install new plumbing valves in (e) locations. new shower pan. tile pan & walls & floor. shower drain in (e) location. no change.,complete,2007-03-06T00:00:00.000,2007-01-11T00:00:00.000,2007-01-11T00:00:00.000,2007-07-11T00:00:00.000Z,6000,6000,apartments,apartments,0,10,Potrero Hill,94107,"{'latitude': '37.76045905948295', 'longitude': '-122.39972399644871', 'human_address': '{""address"": """", ""city"": """", ""state"": """", ""zip"": """"}'}",1.08E+12,,4,4,80,80,5,wood frame (5),5,wood frame (5),2007-03-06T00:00:00.000,,,,,
5ea20780c2aeecdcc61c5d0c,2.01E+11,8,otc alterations permit,2007-01-11T00:00:00.000,2840,1,62,Castenada,Av,"remodel 2 bathrooms, change tile. replace sink, toilet and faucet.",complete,2007-04-11T00:00:00.000,2007-01-11T00:00:00.000,2007-01-11T00:00:00.000,2007-07-11T00:00:00.000Z,9000,9000,1 family dwelling,1 family dwelling,0,7,West of Twin Peaks,94116,"{'latitude': '37.75001835706547', 'longitude': '-122.46223606071992', 'human_address': '{""address"": """", ""city"": """", ""state"": """", ""zip"": """"}'}",1.08E+12,,2,2,1,1,5,wood frame (5),5,wood frame (5),2007-04-11T00:00:00.000,,,,,
5ea20780c2aeecdcc61c5d0d,2.01E+11,8,otc alterations permit,2007-01-11T00:00:00.000,7146,9,24,Regent,St,remodel (e) porch at front of house consisting of infilling (e) opening at side wall of porch. put paint w/stucco coat to exterior of porch. comply w/nov# 200684771.,complete,2007-02-07T00:00:00.000,2007-01-11T00:00:00.000,2007-01-11T00:00:00.000,2007-05-11T00:00:00.000Z,1000,1000,1 family dwelling,1 family dwelling,0,11,Outer Mission,94112,"{'latitude': '37.709558406259575', 'longitude': '-122.45597043246995', 'human_address': '{""address"": """", ""city"": """", ""state"": """", ""zip"": """"}'}",1.08E+12,,3,3,1,1,5,wood frame (5),5,wood frame (5),2007-02-07T00:00:00.000,,,,,
5ea20780c2aeecdcc61c5d0e,2.01E+11,4,sign - erect,2007-01-11T00:00:00.000,3760,119,65,Oak Grove,St,"sign permit - wall, single faced.",issued,2007-01-11T00:00:00.000,2007-01-11T00:00:00.000,2007-01-11T00:00:00.000,2008-01-11T00:00:00.000Z,,25506.78,office,,2,6,South of Market,94107,"{'latitude': '37.77755020000258', 'longitude': '-122.40164355791248', 'human_address': '{""address"": """", ""city"": """", ""state"": """", ""zip"": """"}'}",1.08E+12,,2,,0,,5,wood frame (5),,,,,,,,
5ea20780c2aeecdcc61c5d0f,2.01E+11,8,otc alterations permit,2007-01-11T00:00:00.000,6618,10,210,29th,St,"replace 13 windows, size for size, visable from street. aluminum to vinyl.",complete,2007-02-02T00:00:00.000,2007-01-11T00:00:00.000,2007-01-11T00:00:00.000,2007-07-11T00:00:00.000Z,10000,10000,2 family dwelling,2 family dwelling,0,8,Noe Valley,94131,"{'latitude': '37.74403911297648', 'longitude': '-122.42509418553365', 'human_address': '{""address"": """", ""city"": """", ""state"": """", ""zip"": """"}'}",1.08E+12,,2,2,2,2,5,wood frame (5),5,wood frame (5),2007-02-02T00:00:00.000,,,,,
5ea20780c2aeecdcc61c5d10,2.01E+11,8,otc alterations permit,2007-01-11T00:00:00.000,2771,58,650,Alvarado,St,replacement of termite damaged wood in kind at noted locations. replace certain beams and load-bearing stud walls. finishes to match (e). refer to plans.,expired,2008-11-05T00:00:00.000,2007-01-11T00:00:00.000,2007-01-11T00:00:00.000,2007-07-11T00:00:00.000Z,7500,7500,apartments,apartments,2,8,Noe Valley,94114,"{'latitude': '37.75400106963332', 'longitude': '-122.43553393745766', 'human_address': '{""address"": """", ""city"": """", ""state"": """", ""zip"": """"}'}",1.08E+12,,3,3,27,27,5,wood frame (5),5,wood frame (5),,,,,,
5ea20780c2aeecdcc61c5d11,2.01E+11,8,otc alterations permit,2007-01-11T00:00:00.000,6618,10,212,29th,St,"replace 13 windows, size for size, visable from street. aluminum to vinyl.",complete,2007-02-02T00:00:00.000,2007-01-11T00:00:00.000,2007-01-11T00:00:00.000,2007-07-11T00:00:00.000Z,10000,10000,2 family dwelling,2 family dwelling,0,8,Noe Valley,94131,"{'latitude': '37.74403911297648', 'longitude': '-122.42509418553365', 'human_address': '{""address"": """", ""city"": """", ""state"": """", ""zip"": """"}'}",1.08E+12,,2,2,2,2,5,wood frame (5),5,wood frame (5),2007-02-02T00:00:00.000,,,,,
5ea20781c2aeecdcc61c5d12,M53862,8,otc alterations permit,2007-01-11T00:00:00.000,519,19,3004,Laguna,St,sidewalk permit,issued,2007-01-11T00:00:00.000,2007-01-11T00:00:00.000,2007-01-11T00:00:00.000,,,0,,,,2,Marina,94123,"{'latitude': '37.79891260067376', 'longitude': '-122.43057142499232', 'human_address': '{""address"": """", ""city"": """", ""state"": """", ""zip"": """"}'}",1.08E+11,,,,,,,,,,,,,,,
5ea20781c2aeecdcc61c5d13,2.01E+11,8,otc alterations permit,2007-01-11T00:00:00.000,6513,34,1201,Guerrero,St,replace approx 60% of rear stairway in kind due to dry rot. used as 2nd means of egress for residential units. stair serves residential only.,complete,2007-06-14T00:00:00.000,2007-01-11T00:00:00.000,2007-01-11T00:00:00.000,2007-07-11T00:00:00.000Z,6500,6500,apartments,apartments,2,8,Mission,94110,"{'latitude': '37.7518361952855', 'longitude': '-122.42261967728669', 'human_address': '{""address"": """", ""city"": """", ""state"": """", ""zip"": """"}'}",1.08E+12,,3,3,3,3,5,wood frame (5),5,wood frame (5),2007-06-14T00:00:00.000,Y,,,,
5ea20781c2aeecdcc61c5d14,2.01E+11,8,otc alterations permit,2007-01-11T00:00:00.000,6421,2,287,South Hill,Bl,reroofing,complete,2007-01-22T00:00:00.000,2007-01-11T00:00:00.000,2007-01-11T00:00:00.000,2007-07-11T00:00:00.000Z,5250,5250,1 family dwelling,1 family dwelling,0,11,Excelsior,94112,"{'latitude': '37.70920756336609', 'longitude': '-122.4298448889036', 'human_address': '{""address"": """", ""city"": """", ""state"": """", ""zip"": """"}'}",1.08E+12,,,,,,,,,,2007-01-22T00:00:00.000,,,,,
5ea20781c2aeecdcc61c5d15,M53882,8,otc alterations permit,2007-01-11T00:00:00.000,120,24,933,Union,St,street space permit,issued,2007-01-11T00:00:00.000,2007-01-11T00:00:00.000,2007-01-11T00:00:00.000,,,0,,,,3,Russian Hill,94133,"{'latitude': '37.799574476142936', 'longitude': '-122.41470776144207', 'human_address': '{""address"": """", ""city"": """", ""state"": """", ""zip"": """"}'}",1.08E+12,0,,,,,,,,,,,,,,
5ea20781c2aeecdcc61c5d16,M53882,8,otc alterations permit,2007-01-11T00:00:00.000,120,24,935,Union,St,street space permit,issued,2007-01-11T00:00:00.000,2007-01-11T00:00:00.000,2007-01-11T00:00:00.000,,,0,,,,3,Russian Hill,94133,"{'latitude': '37.799574476142936', 'longitude': '-122.41470776144207', 'human_address': '{""address"": """", ""city"": """", ""state"": """", ""zip"": """"}'}",1.08E+12,,,,,,,,,,,,,,,
5ea20781c2aeecdcc61c5d17,2.01E+11,3,additions alterations or repairs,2007-01-11T00:00:00.000,180,45,977,Pacific,Av,"star fire installed without permit. we are taking job over. work remaining is riser tie-ins, test & inspections. owner is installing new system under voluntary conditions.",complete,2007-10-12T00:00:00.000,2007-01-11T00:00:00.000,2007-03-15T00:00:00.000,2007-09-15T00:00:00.000Z,5000,17000,apartments,apartments,2,3,Chinatown,94133,"{'latitude': '37.79619229981552', 'longitude': '-122.41126490532365', 'human_address': '{""address"": """", ""city"": """", ""state"": """", ""zip"": """"}'}",1.08E+12,0,3,3,6,6,5,wood frame (5),5,wood frame (5),2007-10-12T00:00:00.000,,,,,
5ea20781c2aeecdcc61c5d18,2.01E+11,8,otc alterations permit,2007-01-11T00:00:00.000,813,6,1390,Market,St,"remodel kitchen tops. no window or door work. cabinets, kit, sink, dishwasher, bathroom, tile sorround. vanity sink. on units# 1424, # 1815.",complete,2007-03-14T00:00:00.000,2007-01-11T00:00:00.000,2007-01-11T00:00:00.000,2007-07-11T00:00:00.000Z,24000,24000,apartments,apartments,0,6,Tenderloin,94102,"{'latitude': '37.777142649690035', 'longitude': '-122.41722112719671', 'human_address': '{""address"": """", ""city"": """", ""state"": """", ""zip"": """"}'}",1.08E+11,,29,29,448,448,1,constr type 1,1,constr type 1,2007-03-14T00:00:00.000,,,,,
5ea20781c2aeecdcc61c5d19,M53883,8,otc alterations permit,2007-01-11T00:00:00.000,0460A,7,1624,Bay,St,street space permit,issued,2007-01-11T00:00:00.000,2007-01-11T00:00:00.000,2007-01-11T00:00:00.000,,,0,,,,2,Marina,94123,"{'latitude': '37.803315023636905', 'longitude': '-122.4338947907168', 'human_address': '{""address"": """", ""city"": """", ""state"": """", ""zip"": """"}'}",1.08E+12,0,,,,,,,,,,,,,,
5ea20781c2aeecdcc61c5d1a,2.01E+11,3,additions alterations or repairs,2007-01-11T00:00:00.000,5730,8,246,Putnam,St,"temporary shoring-common property lines, ref. 2004/07/08/8338s1, other permit for new shoring by hawk lee.",issued,2007-02-09T00:00:00.000,2007-01-11T00:00:00.000,2007-02-09T00:00:00.000,2007-08-09T00:00:00.000Z,10000,15000,1 family dwelling,1 family dwelling,2,9,Bernal Heights,94110,"{'latitude': '37.7363482046823', 'longitude': '-122.41124014077778', 'human_address': '{""address"": """", ""city"": """", ""state"": """", ""zip"": """"}'}",1.08E+12,,3,3,1,1,5,wood frame (5),5,wood frame (5),,,,,,
5ea20781c2aeecdcc61c5d1b,2.01E+11,8,otc alterations permit,2007-01-11T00:00:00.000,813,6,1390,Market,St,"remodel kitchen tops. no window or door work. cabinets, kit, sink, dishwasher, bathroom, tile sorround. vanity sink. on units# 1520, # 1619, # 1622, # 2027 & # 2125.",complete,2007-02-07T00:00:00.000,2007-01-11T00:00:00.000,2007-01-11T00:00:00.000,2008-01-11T00:00:00.000Z,60000,60000,apartments,apartments,0,6,Tenderloin,94102,"{'latitude': '37.777142649690035', 'longitude': '-122.41722112719671', 'human_address': '{""address"": """", ""city"": """", ""state"": """", ""zip"": """"}'}",1.08E+11,,29,29,448,448,1,constr type 1,1,constr type 1,2007-02-07T00:00:00.000,,,,,
5ea20781c2aeecdcc61c5d1c,2.01E+11,8,otc alterations permit,2007-01-11T00:00:00.000,5518,004A,45,Powers,Av,"in-fill e sub sidewalk coal chut einfill e sub-sidewalk coal chute, including appro 3' concrete footing and stemwall, mudsill, replace approx 20sf sidewalk",expired,2007-05-16T00:00:00.000,2007-01-11T00:00:00.000,2007-01-11T00:00:00.000,2007-05-11T00:00:00.000Z,2000,2000,2 family dwelling,2 family dwelling,2,9,Bernal Heights,94110,"{'latitude': '37.74593308725132', 'longitude': '-122.41844514362744', 'human_address': '{""address"": """", ""city"": """", ""state"": """", ""zip"": """"}'}",1.08E+12,,3,3,2,2,5,wood frame (5),5,wood frame (5),,,,,,
5ea20781c2aeecdcc61c5d1d,2.01E+11,3,additions alterations or repairs,2007-01-11T00:00:00.000,4912,1,2814,Jennings,St,"make corr req'd on nov compt #200449960 &legalize(e)2/fl residences.(e)residences will be remodeled&(e)comm'l units on main fl(1/fl)will be brought up to code&new ada/handicap bathrooms will be constructed.new electrical,1/fl comm'l wk under separate permit.occupancy class change from r-3 to r-1.",cancelled,2012-02-15T00:00:00.000,2007-01-11T00:00:00.000,,,40000,210000,1 family dwelling,apartments,2,10,Bayview Hunters Point,94124,"{'latitude': '37.722568832010346', 'longitude': '-122.39298549952167', 'human_address': '{""address"": """", ""city"": """", ""state"": """", ""zip"": """"}'}",1.08E+12,,2,2,1,3,5,wood frame (5),5,wood frame (5),,,,,,
5ea20781c2aeecdcc61c5d1e,2.01E+11,3,additions alterations or repairs,2007-01-11T00:00:00.000,4912,1,2824,Jennings,St,"make corr req'd on nov compt #200449960 &legalize(e)2/fl residences.(e)residences will be remodeled&(e)comm'l units on main fl(1/fl)will be brought up to code&new ada/handicap bathrooms will be constructed.new electrical,1/fl comm'l wk under separate permit.occupancy class change from r-3 to r-1.",cancelled,2012-02-15T00:00:00.000,2007-01-11T00:00:00.000,,,40000,210000,1 family dwelling,apartments,2,10,Bayview Hunters Point,94124,"{'latitude': '37.722568832010346', 'longitude': '-122.39298549952167', 'human_address': '{""address"": """", ""city"": """", ""state"": """", ""zip"": """"}'}",1.08E+12,,2,2,1,3,5,wood frame (5),5,wood frame (5),,,,,,
5ea20781c2aeecdcc61c5d1f,M53884,8,otc alterations permit,2007-01-11T00:00:00.000,2626,7,40,Ord,St,street space permit,issued,2007-01-11T00:00:00.000,2007-01-11T00:00:00.000,2007-01-11T00:00:00.000,,,0,,,,8,Castro/Upper Market,94114,"{'latitude': '37.76298756423048', 'longitude': '-122.44058462659083', 'human_address': '{""address"": """", ""city"": """", ""state"": """", ""zip"": """"}'}",1.08E+12,,,,,,,,,,,,,,,
5ea20781c2aeecdcc61c5d20,M53884,8,otc alterations permit,2007-01-11T00:00:00.000,2626,7,42,Ord,St,street space permit,issued,2007-01-11T00:00:00.000,2007-01-11T00:00:00.000,2007-01-11T00:00:00.000,,,0,,,,8,Castro/Upper Market,94114,"{'latitude': '37.76298756423048', 'longitude': '-122.44058462659083', 'human_address': '{""address"": """", ""city"": """", ""state"": """", ""zip"": """"}'}",1.08E+12,,,,,,,,,,,,,,,
5ea20781c2aeecdcc61c5d21,2.01E+11,8,otc alterations permit,2007-01-11T00:00:00.000,505,001A,2941,Gough,St,renew:200408101073 for final inspection,complete,2007-01-29T00:00:00.000,2007-01-11T00:00:00.000,2007-01-11T00:00:00.000,2007-05-11T00:00:00.000Z,1,1,apartments,apartments,0,2,Marina,94123,"{'latitude': '37.800493734116294', 'longitude': '-122.42810703989977', 'human_address': '{""address"": """", ""city"": """", ""state"": """", ""zip"": """"}'}",1.08E+12,,3,3,8,8,5,wood frame (5),5,wood frame (5),2007-01-29T00:00:00.000,,,,,
5ea20781c2aeecdcc61c5d22,2.01E+11,8,otc alterations permit,2007-01-11T00:00:00.000,5661,21,803,Cortland,Av,"remove the stucco and change the rotten wood behind the stucco, then replace the stucco in front of the bldg.",complete,2007-03-13T00:00:00.000,2007-01-11T00:00:00.000,2007-01-11T00:00:00.000,2007-05-11T00:00:00.000Z,400,400,1 family dwelling,1 family dwelling,0,9,Bernal Heights,94110,"{'latitude': '37.73908037561144', 'longitude': '-122.41446129262727', 'human_address': '{""address"": """", ""city"": """", ""state"": """", ""zip"": """"}'}",1.08E+12,,2,2,1,1,5,wood frame (5),5,wood frame (5),2007-03-13T00:00:00.000,,,,,
5ea20781c2aeecdcc61c5d23,2.01E+11,8,otc alterations permit,2007-01-11T00:00:00.000,5661,21,805,Cortland,Av,"remove the stucco and change the rotten wood behind the stucco, then replace the stucco in front of the bldg.",complete,2007-03-13T00:00:00.000,2007-01-11T00:00:00.000,2007-01-11T00:00:00.000,2007-05-11T00:00:00.000Z,400,400,1 family dwelling,1 family dwelling,0,9,Bernal Heights,94110,"{'latitude': '37.73908037561144', 'longitude': '-122.41446129262727', 'human_address': '{""address"": """", ""city"": """", ""state"": """", ""zip"": """"}'}",1.08E+12,,2,2,1,1,5,wood frame (5),5,wood frame (5),2007-03-13T00:00:00.000,,,,,
5ea20781c2aeecdcc61c5d24,2.01E+11,3,additions alterations or repairs,2007-01-11T00:00:00.000,5730,8,246,Putnam,St,"temporary shoring at rear yard, ref. #2004/07/08/8338s1, see other permit for side shoring by sure engineering.",expired,2009-08-10T00:00:00.000,2007-01-11T00:00:00.000,2007-08-28T00:00:00.000,2008-02-28T00:00:00.000Z,10000,15000,1 family dwelling,1 family dwelling,2,9,Bernal Heights,94110,"{'latitude': '37.7363482046823', 'longitude': '-122.41124014077778', 'human_address': '{""address"": """", ""city"": """", ""state"": """", ""zip"": """"}'}",1.08E+12,,3,3,1,1,5,wood frame (5),5,wood frame (5),,,,,,
5ea20781c2aeecdcc61c5d25,2.01E+11,8,otc alterations permit,2007-01-11T00:00:00.000,1031,25,3171,California,St,"replace windows in units 3171-3181, replace 26 windows size for size, visable from street. wood to wood.",complete,2007-05-30T00:00:00.000,2007-01-11T00:00:00.000,2007-01-11T00:00:00.000,2007-07-11T00:00:00.000Z,21499,21499,apartments,apartments,0,2,Presidio Heights,94115,"{'latitude': '37.787058645641906', 'longitude': '-122.44633845181045', 'human_address': '{""address"": """", ""city"": """", ""state"": """", ""zip"": """"}'}",1.08E+11,,3,3,6,6,5,wood frame (5),5,wood frame (5),2007-05-30T00:00:00.000,,,,,
5ea20781c2aeecdcc61c5d26,2.01E+11,8,otc alterations permit,2007-01-11T00:00:00.000,1031,25,3181,California,St,"replace windows in units 3171-3181, replace 26 windows size for size, visable from street. wood to wood.",complete,2007-05-30T00:00:00.000,2007-01-11T00:00:00.000,2007-01-11T00:00:00.000,2007-07-11T00:00:00.000Z,21499,21499,apartments,apartments,0,2,Presidio Heights,94115,"{'latitude': '37.787058645641906', 'longitude': '-122.44633845181045', 'human_address': '{""address"": """", ""city"": """", ""state"": """", ""zip"": """"}'}",1.08E+12,,3,3,6,6,5,wood frame (5),5,wood frame (5),2007-05-30T00:00:00.000,,,,,
5ea20781c2aeecdcc61c5d27,2.01E+11,8,otc alterations permit,2007-01-11T00:00:00.000,104,32,19,Harwood,Al,"remodel 2 kchn (included cabinets sinks, faucets, flooring and tiles) and 2 bathroom (included toilets, sinks, tubs and lights). replace drywalls in kchn and bthrms only. lighting to comply with title 24",complete,2007-09-19T00:00:00.000,2007-01-11T00:00:00.000,2007-01-11T00:00:00.000,2008-01-11T00:00:00.000Z,30000,30000,2 family dwelling,2 family dwelling,0,3,North Beach,94133,"{'latitude': '37.80134210674627', 'longitude': '-122.40754332835843', 'human_address': '{""address"": """", ""city"": """", ""state"": """", ""zip"": """"}'}",1.08E+12,,2,2,2,2,5,wood frame (5),5,wood frame (5),2007-09-19T00:00:00.000,,,,,
5ea20781c2aeecdcc61c5d28,2.01E+11,8,otc alterations permit,2007-01-11T00:00:00.000,104,32,21,Harwood,Al,"remodel 2 kchn (included cabinets sinks, faucets, flooring and tiles) and 2 bathroom (included toilets, sinks, tubs and lights). replace drywalls in kchn and bthrms only. lighting to comply with title 24",complete,2007-09-19T00:00:00.000,2007-01-11T00:00:00.000,2007-01-11T00:00:00.000,2008-01-11T00:00:00.000Z,30000,30000,2 family dwelling,2 family dwelling,0,3,North Beach,94133,"{'latitude': '37.80134210674627', 'longitude': '-122.40754332835843', 'human_address': '{""address"": """", ""city"": """", ""state"": """", ""zip"": """"}'}",1.08E+12,,2,2,2,2,5,wood frame (5),5,wood frame (5),2007-09-19T00:00:00.000,,,,,
5ea20781c2aeecdcc61c5d29,2.01E+11,8,otc alterations permit,2007-01-11T00:00:00.000,5254,33,650,Mendell,St,"replace 6 windows, size for size, visable from street. aluminum to wood.",issued,2007-01-11T00:00:00.000,2007-01-11T00:00:00.000,2007-01-11T00:00:00.000,2007-07-11T00:00:00.000Z,6808,6808,1 family dwelling,1 family dwelling,0,10,Bayview Hunters Point,94124,"{'latitude': '37.73932283729826', 'longitude': '-122.38638826212252', 'human_address': '{""address"": """", ""city"": """", ""state"": """", ""zip"": """"}'}",1.08E+12,,2,2,1,1,5,wood frame (5),5,wood frame (5),,,,,,
5ea20781c2aeecdcc61c5d2a,2.01E+11,8,otc alterations permit,2007-01-11T00:00:00.000,6051,14,558,Brussels,St,"replace 7 windows, size for size, visable from street. aluminum to vinyl.",complete,2007-01-22T00:00:00.000,2007-01-11T00:00:00.000,2007-01-11T00:00:00.000,2007-07-11T00:00:00.000Z,5762,5762,1 family dwelling,1 family dwelling,0,9,Portola,94134,"{'latitude': '37.72507563423487', 'longitude': '-122.4050633160922', 'human_address': '{""address"": """", ""city"": """", ""state"": """", ""zip"": """"}'}",1.08E+12,,2,2,1,1,5,wood frame (5),5,wood frame (5),2007-01-22T00:00:00.000,,,,,
5ea20781c2aeecdcc61c5d2b,2.01E+11,3,additions alterations or repairs,2007-01-11T00:00:00.000,1227,31,2049,Oak,St,addition of rear deck with firewall.,complete,2007-08-01T00:00:00.000,2007-01-11T00:00:00.000,2007-05-03T00:00:00.000,2007-11-03T00:00:00.000Z,5000,8400,apartments,apartments,2,5,Haight Ashbury,94117,"{'latitude': '37.77085012986973', 'longitude': '-122.4530762047247', 'human_address': '{""address"": """", ""city"": """", ""state"": """", ""zip"": """"}'}",1.08E+11,,3,3,4,4,5,wood frame (5),5,wood frame (5),2007-08-01T00:00:00.000,Y,,,,
5ea20781c2aeecdcc61c5d2c,M53902,8,otc alterations permit,2007-01-11T00:00:00.000,1740,14,1265,10th,Av,street space & sidewalk repair,issued,2007-01-11T00:00:00.000,2007-01-11T00:00:00.000,2007-01-11T00:00:00.000,,,0,,,,5,Inner Sunset,94122,"{'latitude': '37.76460203303238', 'longitude': '-122.46775370218185', 'human_address': '{""address"": """", ""city"": """", ""state"": """", ""zip"": """"}'}",1.08E+12,,,,,,,,,,,,,,,
5ea20781c2aeecdcc61c5d2d,2.01E+11,8,otc alterations permit,2007-01-11T00:00:00.000,7012,39,68,Ashton,Av,"replace 5 windows, size for size, visable from street. wood to wood.",complete,2007-02-22T00:00:00.000,2007-01-11T00:00:00.000,2007-01-11T00:00:00.000,2007-07-11T00:00:00.000Z,6880,6880,1 family dwelling,1 family dwelling,0,11,Oceanview/Merced/Ingleside,94112,"{'latitude': '37.71942218654307', 'longitude': '-122.4619398817953', 'human_address': '{""address"": """", ""city"": """", ""state"": """", ""zip"": """"}'}",1.08E+12,,2,2,1,1,5,wood frame (5),5,wood frame (5),2007-02-22T00:00:00.000,,,,,
5ea20781c2aeecdcc61c5d2e,2.01E+11,8,otc alterations permit,2007-01-11T00:00:00.000,1451,16,379,19th,Av,"legalize bathroom remodel. replace plumbing fixtures, toilet sink, floor covering and electrical fixtures. add a heating duct. restore wall original state where new window was constructed illegally.",complete,2007-03-02T00:00:00.000,2007-01-11T00:00:00.000,2007-01-11T00:00:00.000,2007-05-11T00:00:00.000Z,4100,4100,1 family dwelling,1 family dwelling,0,1,Outer Richmond,94121,"{'latitude': '37.780863136650815', 'longitude': '-122.47858995492511', 'human_address': '{""address"": """", ""city"": """", ""state"": """", ""zip"": """"}'}",1.08E+12,,2,2,1,1,5,wood frame (5),5,wood frame (5),2007-03-02T00:00:00.000,,,,,
5ea20781c2aeecdcc61c5d2f,2.01E+11,8,otc alterations permit,2007-01-11T00:00:00.000,5655,22,165,Nevada,St,"replace 5 windows, size for size, visable from street. aluminum to wood.",complete,2007-03-05T00:00:00.000,2007-01-11T00:00:00.000,2007-01-11T00:00:00.000,2007-07-11T00:00:00.000Z,10486,10486,1 family dwelling,1 family dwelling,0,9,Bernal Heights,94110,"{'latitude': '37.74036197916233', 'longitude': '-122.4110606171795', 'human_address': '{""address"": """", ""city"": """", ""state"": """", ""zip"": """"}'}",1.08E+12,,2,2,1,1,5,wood frame (5),5,wood frame (5),2007-03-05T00:00:00.000,,,,,
5ea20781c2aeecdcc61c5d30,2.01E+11,8,otc alterations permit,2007-01-11T00:00:00.000,3053,8,45,Brentwood,Av,"repair water-damaged walls (approx 18lf). reapir bed framing & sheating. new r-13 in walls. new trim, stucco, paint. repair only existing- no change to footprint or sf).",expired,2007-10-17T00:00:00.000,2007-01-11T00:00:00.000,2007-01-11T00:00:00.000,2007-07-11T00:00:00.000Z,6000,6000,1 family dwelling,1 family dwelling,0,7,West of Twin Peaks,94127,"{'latitude': '37.73374164817996', 'longitude': '-122.4551714935185', 'human_address': '{""address"": """", ""city"": """", ""state"": """", ""zip"": """"}'}",1.08E+12,,2,2,1,1,5,wood frame (5),5,wood frame (5),,,,,,
5ea20781c2aeecdcc61c5d31,2.01E+11,8,otc alterations permit,2007-01-11T00:00:00.000,5805,5,20,Arnold,Av,"replace 4 windows, size for size, back of house.",complete,2007-03-05T00:00:00.000,2007-01-11T00:00:00.000,2007-01-11T00:00:00.000,2007-07-11T00:00:00.000Z,10635,10635,1 family dwelling,1 family dwelling,0,9,Bernal Heights,94110,"{'latitude': '37.73470716884618', 'longitude': '-122.41984475884566', 'human_address': '{""address"": """", ""city"": """", ""state"": """", ""zip"": """"}'}",1.08E+12,,2,2,1,1,5,wood frame (5),5,wood frame (5),2007-03-05T00:00:00.000,,,,,
5ea20781c2aeecdcc61c5d32,2.01E+11,8,otc alterations permit,2007-01-11T00:00:00.000,200,14,440,Davis,St,"concrete spall repair on facade, include painting, deck coatings and caulking.",expired,2008-05-13T00:00:00.000,2007-01-11T00:00:00.000,2007-01-11T00:00:00.000,2008-01-11T00:00:00.000Z,90000,90000,apartments,apartments,2,3,Financial District/South Beach,94111,"{'latitude': '37.79669693582685', 'longitude': '-122.39777129258873', 'human_address': '{""address"": """", ""city"": """", ""state"": """", ""zip"": """"}'}",1.08E+12,,22,22,418,418,1,constr type 1,1,constr type 1,,,,,,
5ea20781c2aeecdcc61c5d33,2.01E+11,8,otc alterations permit,2007-01-11T00:00:00.000,1473,8,400,42nd,Av,"replace 4 windows, size for size, back of house.",complete,2007-01-22T00:00:00.000,2007-01-11T00:00:00.000,2007-01-11T00:00:00.000,2007-05-11T00:00:00.000Z,3800,3800,1 family dwelling,1 family dwelling,0,1,Outer Richmond,94121,"{'latitude': '37.78105609318353', 'longitude': '-122.50281154987255', 'human_address': '{""address"": """", ""city"": """", ""state"": """", ""zip"": """"}'}",1.08E+12,,2,2,1,1,5,wood frame (5),5,wood frame (5),2007-01-22T00:00:00.000,,,,,
5ea20781c2aeecdcc61c5d34,2.01E+11,8,otc alterations permit,2007-01-11T00:00:00.000,2117,14,1990,18th,Av,"replace 11 windows, size for size, back of house.",complete,2007-01-25T00:00:00.000,2007-01-11T00:00:00.000,2007-01-11T00:00:00.000,2007-07-11T00:00:00.000Z,6533,6533,1 family dwelling,1 family dwelling,0,7,Inner Sunset,94116,"{'latitude': '37.750805131753744', 'longitude': '-122.47484751575905', 'human_address': '{""address"": """", ""city"": """", ""state"": """", ""zip"": """"}'}",1.08E+12,,2,2,1,1,5,wood frame (5),5,wood frame (5),2007-01-25T00:00:00.000,,,,,
5ea20781c2aeecdcc61c5d35,2.01E+11,8,otc alterations permit,2007-01-11T00:00:00.000,3054,17,58,Brentwood,Av,replace damaged framing of front bay window. upgrade 5 windows of front bay window. new r-13. replace vb & stucco as needed. (repair of existing only - no change in footprint or sf).,complete,2007-07-25T00:00:00.000,2007-01-11T00:00:00.000,2007-01-11T00:00:00.000,2007-07-11T00:00:00.000Z,6000,6000,1 family dwelling,1 family dwelling,0,7,West of Twin Peaks,94127,"{'latitude': '37.73411379569348', 'longitude': '-122.45495014388297', 'human_address': '{""address"": """", ""city"": """", ""state"": """", ""zip"": """"}'}",1.08E+12,,2,2,1,1,5,wood frame (5),5,wood frame (5),2007-07-25T00:00:00.000,,,,,
5ea20781c2aeecdcc61c5d36,2.01E+11,8,otc alterations permit,2007-01-11T00:00:00.000,517,018C,3046,Webster,St,repair dry rot at rear stairs and decks. less than 50% of structure.,expired,2007-06-29T00:00:00.000,2007-01-11T00:00:00.000,2007-01-11T00:00:00.000,2007-05-11T00:00:00.000Z,3000,3000,2 family dwelling,2 family dwelling,0,2,Marina,94123,"{'latitude': '37.798980909481614', 'longitude': '-122.43393491788493', 'human_address': '{""address"": """", ""city"": """", ""state"": """", ""zip"": """"}'}",1.08E+12,,3,3,2,2,5,wood frame (5),5,wood frame (5),,,,,,
5ea20781c2aeecdcc61c5d37,M53843,8,otc alterations permit,2007-01-11T00:00:00.000,3604,24,3770,21st,St,street space & sidewalk permit only.,issued,2007-01-12T00:00:00.000,2007-01-11T00:00:00.000,2007-01-12T00:00:00.000,,,0,,,,8,Castro/Upper Market,94114,"{'latitude': '37.75651443923049', 'longitude': '-122.43162117318597', 'human_address': '{""address"": """", ""city"": """", ""state"": """", ""zip"": """"}'}",1.08E+12,,,,,,,,,,,,,,,
